1476;2
1492;4
1507;7
1500;9
1483;11
1455;13
1444;16
1443;18
1446;20
1447;23
1438;25
1424;27
1417;30
1416;32
1412;34
1402;37
1392;39
1383;41
1389;44
1393;47
1391;49
1390;51
1385;54
1382;56
1388;58
1404;61
1421;63
1429;65
1431;68
1425;70
1429;72
1435;75
1453;77
1466;79
1466;81
1464;84
1459;87
1452;89
1442;92
1436;94
1435;96
1437;99
1437;101
1440;103
1445;106
1453;108
1461;110
1460;113
1457;115
1454;117
1452;120
1448;122
1438;125
1442;128
1454;130
1464;133
1464;135
1475;137
1483;140
1491;142
1489;144
1473;147
1484;149
1520;152
1536;154
1536;156
1513;159
1503;161
1514;163
1515;166
1507;168
1501;171
1502;174
1508;176
1510;179
1509;181
1505;183
1491;186
1480;188
1480;190
1482;193
1489;195
1485;197
1476;200
1473;202
1469;205
1467;207
1464;209
1469;212
1486;215
1500;217
1500;220
1496;222
1499;224
1497;227
1481;229
1474;232
1484;234
1498;236
1515;239
1525;241
1536;243
1542;246
1541;248
1534;250
1526;253
1524;256
1519;259
1511;261
1510;263
1517;266
1540;268
1568;270
1586;273
1585;275
1576;277
1577;280
1605;282
1641;285
1677;287
1690;289
1680;292
1637;294
1595;296
1580;300
1578;302
1573;304
1564;307
1563;309
1574;312
1586;314
1596;316
1604;319
1611;321
1616;323
1609;326
1595;328
1578;330
1555;333
1543;335
1540;338
1539;340
1546;343
1550;346
1552;348
1554;350
1557;353
1545;355
1532;357
1516;360
1498;362
1486;365
1485;367
1494;369
1495;372
1495;374
1498;376
1507;379
1504;381
1484;384
1472;387
1465;389
1474;392
1495;394
1511;396
1514;399
1517;401
1537;403
1556;406
1546;408
1505;410
1478;413
1467;415
1470;418
1477;420
1485;422
1476;425
1466;428
1458;430
1456;433
1466;435
1471;437
1467;440
1447;442
1450;445
1458;447
1459;449
1467;452
1471;454
1476;456
1466;459
1461;461
1466;463
1472;466
1464;468
1455;472
1448;474
1453;476
1459;479
1472;481
1489;483
1488;486
1467;488
1444;490
1442;493
1448;495
1457;497
1478;500
1498;502
1494;505
1478;507
1458;509
1446;513
1440;515
1435;517
1431;520
1433;522
1442;524
1461;527
1492;529
1508;532
1506;534
1486;536
1474;539
1470;541
1477;543
1481;546
1476;548
1465;550
1447;553
1442;556
1449;559
1458;561
1471;563
1490;566
1504;568
1505;570
1499;573
1499;575
1496;577
1487;580
1472;582
1458;585
1458;587
1467;589
1479;592
1479;594
1475;596
1463;600
1454;602
1452;604
1463;607
1479;609
1495;612
1502;614
1499;616
1482;619
1474;621
1495;623
1528;626
1535;628
1519;630
1485;633
1461;635
1444;638
1434;641
1435;643
1443;646
1456;648
1466;650
1472;653
1472;655
1474;657
1498;660
1520;662
1520;665
1501;667
1501;669
1520;672
1535;674
1532;676
1506;679
1489;681
1487;684
1479;687
1462;689
1444;692
1436;694
1442;696
1449;699
1464;701
1474;703
1470;706
1454;708
1448;710
1456;713
1475;715
1485;718
1487;720
1480;722
1480;726
1503;728
1532;730
1558;733
1554;735
1527;737
1503;740
1479;742
1467;745
1475;747
1517;749
1548;752
1557;754
1519;756
1489;759
1472;761
1464;763
1464;766
1467;769
1468;772
1471;774
1482;776
1484;779
1479;781
1477;783
1486;786
1505;788
1517;790
1509;793
1506;795
1508;798
1522;800
1527;802
1521;805
1517;807
1505;809
1489;813
1480;815
1474;817
1474;820
1478;822
1488;825
1510;827
1526;829
1517;832
1500;834
1488;836
1495;839
1512;841
1516;843
1499;846
1482;848
1471;851
1471;854
1473;856
1479;859
1483;861
1482;863
1497;866
1513;868
1519;870
1505;873
1495;875
1486;878
1486;880
1487;882
1487;885
1493;887
1481;889
1467;892
1462;894
1463;897
1467;900
1472;902
1477;905
1477;907
1498;909
1526;912
1530;914
1520;916
1514;919
1516;921
1516;923
1515;926
1511;928
1496;931
1477;933
1461;935
1466;939
1480;941
1490;943
1499;946
1503;948
1499;950
1491;953
1476;955
1470;958
1475;960
1487;962
1489;965
1486;967
1488;969
1497;972
1503;974
1497;976
1486;979
1479;982
1478;985
1478;987
1476;989
1482;992
1487;994
1488;996
1493;999
1505;1001
1513;1004
1495;1006
1480;1008
1474;1011
1470;1013
1463;1016
1466;1018
1475;1020
1488;1024
1493;1026
1488;1029
1482;1031
1485;1033
1492;1036
1477;1038
1462;1041
1462;1043
1471;1046
1478;1048
1482;1050
1479;1053
1475;1055
1476;1058
1487;1060
1502;1062
1523;1065
1536;1068
1539;1071
1520;1073
1490;1075
1469;1078
1460;1080
1462;1083
1457;1085
1455;1088
1445;1090
1446;1092
1454;1095
1480;1097
1506;1100
1513;1102
1504;1104
1502;1107
1508;1110
1505;1113
1498;1115
1499;1117
1498;1120
1493;1122
1483;1125
1476;1127
1460;1130
1450;1132
1452;1134
1461;1137
1468;1139
1470;1142
1467;1144
1465;1146
1476;1149
1487;1152
1494;1155
1483;1157
1456;1159
1445;1162
1462;1164
1494;1167
1516;1169
1523;1172
1515;1174
1513;1176
1512;1179
1539;1181
1564;1184
1559;1186
1527;1188
1499;1191
1484;1193
1472;1197
1466;1199
1467;1201
1475;1204
1482;1206
1480;1209
1467;1211
1461;1214
1460;1216
1458;1218
1464;1221
1468;1223
1470;1226
1467;1228
1452;1230
1448;1233
1455;1235
1472;1239
1504;1241
1519;1244
1525;1246
1521;1248
1516;1251
1494;1253
1473;1256
1460;1258
1465;1260
1475;1263
1483;1265
1484;1268
1478;1270
1473;1272
1469;1275
1466;1277
1455;1281
1446;1283
1447;1286
1451;1288
1458;1290
1464;1293
1475;1295
1488;1298
1488;1300
1473;1302
1454;1305
1449;1307
1449;1310
1463;1312
1483;1314
1498;1317
1493;1319
1467;1323
1465;1325
1483;1328
1503;1330
1504;1332
1489;1335
1492;1337
1506;1340
1509;1342
1501;1344
1477;1347
1445;1349
1435;1352
1436;1354
1443;1356
1458;1359
1472;1361
1477;1364
1472;1367
1470;1370
1470;1372
1465;1374
1465;1377
1467;1379
1479;1382
1481;1384
1484;1386
1498;1389
1507;1391
1499;1394
1481;1396
1480;1398
1484;1401
1484;1403
1479;1406
1464;1409
1458;1412
1464;1414
1487;1416
1502;1419
1516;1421
1524;1424
1524;1426
1506;1428
1488;1431
1474;1433
1461;1436
1456;1438
1460;1440
1457;1443
1450;1445
1446;1448
1453;1451
1471;1454
1481;1456
1466;1458
1456;1461
1464;1463
1482;1466
1488;1468
1494;1470
1508;1473
1514;1475
1502;1478
1479;1480
1474;1482
1476;1485
1478;1487
1471;1490
1467;1492
1472;1496
1476;1498
1475;1500
1469;1503
1469;1505
1481;1508
1489;1510
1484;1512
1464;1515
1445;1517
1450;1520
1467;1522
1478;1525
1475;1527
1475;1529
1487;1532
1495;1534
1485;1538
1487;1540
1493;1542
1492;1545
1496;1547
1501;1550
1501;1552
1495;1554
1494;1557
1515;1559
1526;1562
1508;1564
1486;1567
1481;1569
1481;1571
1492;1574
1509;1576
1516;1580
1507;1582
1485;1584
1475;1587
1466;1589
1458;1592
1455;1594
1458;1596
1454;1599
1447;1601
1455;1604
1464;1606
1478;1609
1489;1611
1495;1613
1506;1616
1517;1618
1531;1622
1526;1624
1502;1626
1488;1629
1489;1631
1490;1634
1487;1636
1484;1638
1472;1641
1470;1643
1472;1646
1484;1648
1487;1651
1481;1653
1483;1655
1491;1658
1480;1660
1469;1664
1467;1666
1467;1668
1463;1671
1470;1673
1490;1676
1500;1678
1481;1681
1468;1683
1478;1685
1494;1688
1504;1690
1497;1693
1486;1695
1481;1697
1479;1700
1476;1702
1476;1705
1477;1708
1469;1710
1459;1713
1461;1715
1467;1718
1475;1720
1487;1723
1479;1725
1462;1727
1452;1730
1457;1732
1460;1735
1465;1737
1477;1739
1481;1742
1480;1744
1474;1747
1480;1750
1485;1752
1481;1755
1480;1757
1479;1760
1484;1762
1483;1765
1482;1767
1475;1769
1470;1772
1457;1774
1448;1777
1454;1779
1463;1781
1475;1784
1478;1786
1469;1789
1467;1792
1476;1794
1488;1797
1496;1799
1499;1802
1498;1804
1493;1807
1484;1809
1467;1811
1458;1814
1461;1816
1469;1819
1474;1821
1474;1823
1470;1826
1466;1828
1465;1831
1479;1833
1489;1836
1493;1839
1495;1841
1495;1844
1492;1846
1483;1849
1470;1851
1459;1853
1450;1856
1443;1858
1450;1861
1455;1863
1458;1865
1467;1868
1480;1870
1502;1873
1515;1875
1517;1879
1514;1881
1516;1883
1504;1886
1488;1888
1462;1891
1454;1893
1459;1895
1466;1898
1462;1900
1457;1903
1457;1905
1450;1907
1459;1910
1476;1912
1482;1915
1487;1917
1509;1921
1527;1923
1524;1925
1505;1928
1485;1930
1480;1933
1479;1935
1472;1937
1461;1940
1454;1942
1468;1945
1508;1947
1565;1949
1584;1952
1567;1954
1539;1957
1515;1959
1494;1963
1480;1965
1471;1967
1465;1970
1467;1972
1479;1975
1512;1977
1535;1979
1530;1982
1514;1984
1501;1987
1502;1989
1494;1991
1488;1994
1482;1996
1485;1999
1496;2001
1495;2004
1478;2007
1461;2009
1448;2012
1442;2014
1444;2017
1446;2019
1445;2021
1457;2024
1477;2026
1487;2029
1479;2031
1471;2033
1479;2036
1488;2038
1503;2041
1517;2043
1518;2046
1510;2049
1489;2051
1480;2054
1482;2056
1480;2059
1461;2061
1442;2063
1446;2066
1455;2068
1454;2071
1459;2073
1466;2075
1486;2078
1494;2080
1494;2083
1479;2085
1457;2088
1449;2091
1454;2093
1463;2096
1473;2098
1476;2101
1458;2103
1439;2105
1440;2108
1452;2110
1458;2113
1465;2115
1470;2117
1474;2120
1488;2122
1501;2125
1519;2127
1530;2130
1519;2132
1495;2135
1465;2138
1463;2140
1486;2143
1500;2145
1502;2147
1493;2150
1478;2152
1464;2155
1448;2157
1448;2160
1455;2162
1456;2164
1445;2167
1454;2169
1474;2172
1472;2174
1452;2177
1437;2180
1438;2182
1474;2185
1501;2187
1509;2189
1517;2192
1537;2194
1537;2197
1509;2199
1475;2202
1456;2204
1446;2206
1447;2209
1449;2211
1436;2214
1424;2216
1442;2219
1469;2222
1495;2224
1490;2227
1471;2229
1455;2231
1443;2234
1443;2236
1441;2239
1448;2241
1450;2244
1452;2246
1470;2248
1493;2251
1496;2253
1485;2256
1474;2258
1490;2260
1522;2264
1540;2266
1513;2269
1486;2271
1463;2273
1455;2276
1455;2278
1451;2281
1449;2283
1468;2286
1506;2288
1504;2290
1481;2293
1470;2295
1460;2298
1456;2300
1453;2302
1470;2306
1484;2308
1484;2311
1471;2313
1476;2315
1485;2318
1482;2320
1467;2323
1451;2325
1448;2328
1452;2330
1460;2332
1468;2335
1487;2337
1493;2340
1492;2342
1483;2344
1474;2348
1463;2350
1462;2353
1459;2355
1460;2358
1469;2360
1483;2362
1491;2365
1496;2367
1502;2370
1510;2372
1520;2374
1511;2377
1493;2379
1491;2382
1488;2384
1483;2386
1474;2390
1465;2392
1458;2395
1457;2397
1474;2400
1489;2402
1475;2404
1447;2407
1440;2409
1444;2412
1451;2414
1454;2416
1451;2419
1457;2421
1477;2424
1500;2426
1505;2428
1510;2432
1528;2434
1529;2437
1513;2439
1496;2442
1502;2444
1505;2446
1498;2449
1491;2451
1483;2454
1477;2456
1470;2458
1463;2461
1448;2463
1453;2466
1467;2468
1475;2470
1486;2473
1509;2476
1526;2479
1519;2481
1507;2484
1498;2486
1492;2488
1489;2491
1488;2493
1486;2496
1485;2498
1481;2500
1482;2503
1488;2505
1496;2508
1505;2510
1498;2512
1482;2515
1470;2518
1461;2521
1479;2523
1512;2526
1529;2528
1504;2530
1462;2533
1461;2535
1480;2538
1489;2540
1470;2542
1453;2545
1454;2547
1466;2550
1479;2552
1484;2555
1486;2557
1502;2560
1513;2563
1509;2565
1486;2568
1467;2570
1470;2572
1490;2575
1508;2577
1500;2580
1481;2582
1483;2584
1490;2587
1502;2589
1493;2592
1477;2594
1459;2597
1455;2599
1456;2601
1474;2605
1492;2607
1493;2610
1478;2612
1464;2614
1456;2617
1457;2619
1462;2622
1469;2624
1465;2626
1457;2629
1470;2631
1483;2634
1489;2636
1500;2639
1507;2641
1510;2643
1509;2647
1493;2649
1484;2652
1469;2654
1465;2656
1475;2659
1489;2661
1499;2664
1510;2666
1509;2668
1495;2671
1488;2673
1487;2676
1492;2678
1493;2681
1484;2683
1455;2685
1438;2689
1449;2691
1463;2694
1478;2696
1482;2698
1482;2701
1483;2703
1497;2706
1510;2708
1501;2710
1477;2713
1476;2715
1489;2718
1507;2720
1514;2723
1511;2725
1500;2727
1488;2731
1474;2733
1478;2736
1481;2738
1482;2740
1484;2743
1487;2745
1486;2748
1483;2750
1497;2752
1509;2755
1504;2757
1492;2760
1479;2762
1466;2765
1446;2767
1439;2769
1445;2772
1454;2775
1464;2778
1465;2780
1458;2782
1453;2785
1452;2787
1468;2790
1509;2792
1536;2794
1536;2797
1517;2799
1496;2802
1508;2804
1522;2807
1520;2809
1515;2811
1509;2814
1509;2817
1496;2820
1479;2822
1460;2824
1478;2827
1522;2829
1549;2832
1530;2834
1499;2836
1492;2839
1495;2841
1495;2844
1490;2846
1481;2849
1474;2851
1460;2853
1451;2856
1454;2859
1457;2862
1473;2864
1488;2866
1501;2869
1500;2871
1490;2874
1473;2876
1465;2879
1474;2881
1487;2883
1485;2886
1469;2888
1473;2891
1493;2893
1505;2895
1498;2898
1476;2900
1466;2904
1475;2906
1489;2908
1488;2911
1476;2913
1467;2916
1468;2918
1472;2921
1473;2923
1477;2925
1491;2928
1502;2930
1501;2933
1490;2935
1480;2937
1476;2940
1467;2942
1476;2946
1481;2948
1486;2950
1478;2953
1473;2955
1473;2958
1454;2960
1441;2963
1451;2965
1490;2967
1522;2970
1521;2972
1495;2975
1480;2977
1491;2979
1499;2982
1503;2984
1495;2988
1490;2990
1474;2992
1462;2995
1456;2997
1460;3000
1466;3002
1474;3005
1468;3007
1461;3009
1459;3012
1468;3014
1483;3017
1496;3019
1506;3021
1514;3024
1518;3026
1515;3030
1511;3032
1513;3034
1518;3037
1520;3039
1507;3042
1491;3044
1481;3047
1471;3049
1466;3051
1483;3054
1512;3056
1524;3059
1512;3061
1499;3063
1486;3066
1487;3068
1488;3072
1485;3074
1478;3077
1458;3079
1456;3081
1467;3084
1480;3086
1487;3089
1479;3091
1485;3093
1507;3096
1520;3098
1527;3101
1515;3103
1504;3105
1508;3108
1510;3110
1499;3113
1472;3116
1461;3119
1472;3121
1475;3123
1470;3126
1476;3128
1491;3131
1511;3133
1537;3135
1553;3138
1550;3140
1524;3143
1500;3145
1487;3147
1472;3150
1463;3152
1457;3155
1460;3158
1477;3161
1495;3163
1509;3165
1517;3168
1517;3170
1513;3173
1491;3175
1480;3177
1493;3180
1512;3182
1510;3185
1492;3187
1481;3189
1482;3192
1482;3194
1462;3197
1450;3200
1457;3203
1473;3205
1480;3207
1471;3210
1468;3212
1485;3215
1502;3217
1505;3219
1501;3222
1505;3224
1508;3227
1498;3229
1477;3232
1458;3234
1450;3236
1447;3239
1455;3241
1467;3245
1474;3247
1475;3249
1480;3252
1494;3254
1500;3257
1490;3259
1474;3261
1479;3264
1497;3266
1505;3269
1492;3271
1476;3274
1463;3276
1458;3278
1459;3281
1463;3283
1468;3287
1464;3289
1451;3291
1451;3294
1470;3296
1495;3299
1516;3301
1512;3303
1504;3306
1498;3308
1490;3311
1473;3313
1460;3316
1470;3318
1483;3320
1479;3323
1460;3325
1453;3329
1458;3331
1471;3333
1501;3336
1541;3338
1555;3341
1524;3343
1481;3345
1460;3348
1446;3350
1478;3353
1509;3355
1510;3358
1499;3360
1483;3362
1472;3365
1462;3367
1468;3371
1474;3373
1504;3375
1527;3378
1518;3380
1501;3383
1492;3385
1489;3387
1476;3390
1464;3392
1462;3395
1463;3397
1459;3400
1449;3402
1451;3404
1452;3407
1448;3409
1453;3412
1476;3415
1503;3417
1516;3420
1507;3422
1494;3425
1474;3427
1456;3429
1456;3432
1469;3434
1467;3437
1457;3439
1445;3442
1429;3444
1422;3446
1430;3449
1440;3451
1449;3454
1449;3457
1440;3459
1446;3462
1473;3464
1494;3467
1502;3469
1494;3472
1492;3474
1486;3476
1478;3479
1473;3481
1470;3484
1478;3486
1503;3488
1510;3491
1488;3493
1477;3496
1476;3499
1480;3501
1464;3504
1431;3506
1421;3509
1435;3511
1475;3514
1505;3516
1503;3518
1478;3521
1461;3523
1460;3526
1467;3528
1470;3530
1461;3533
1453;3535
1444;3538
1433;3540
1427;3543
1426;3546
1460;3548
1508;3551
1547;3553
1529;3556
1478;3558
1459;3560
1465;3563
1471;3565
1464;3568
1450;3570
1442;3572
1443;3575
1451;3577
1452;3580
1451;3582
1463;3585
1487;3588
1493;3590
1465;3593
1436;3595
1431;3598
1436;3600
1434;3602
1427;3605
1425;3607
1440;3610
1457;3612
1490;3614
1516;3617
1507;3619
1472;3622
1454;3624
1458;3627
1464;3630
1461;3632
1452;3635
1444;3637
1447;3640
1454;3642
1470;3644
1480;3647
1479;3649
1465;3652
1455;3654
1449;3656
1450;3659
1451;3661
1444;3664
1442;3666
1451;3668
1460;3672
1459;3674
1447;3677
1454;3679
1468;3682
1497;3684
1516;3686
1522;3689
1507;3691
1504;3694
1523;3696
1530;3698
1512;3701
1491;3703
1506;3706
1528;3708
1532;3710
1511;3714
1485;3716
1467;3719
1461;3721
1468;3724
1487;3726
1508;3728
1504;3731
1481;3733
1459;3736
1455;3738
1456;3740
1451;3743
1457;3745
1469;3748
1490;3750
1511;3753
1519;3756
1518;3758
1520;3761
1517;3763
1503;3766
1494;3768
1512;3770
1551;3773
1568;3775
1576;3778
1619;3780
1675;3782
1706;3785
1673;3787
1618;3790
1565;3792
1523;3795
1500;3798
1493;3800
1492;3803
1542;3805
1641;3808
1706;3810
1680;3812
1611;3815
1567;3817
1549;3820
1538;3822
1529;3824
1554;3827
1620;3829
1661;3832
1642;3834
1585;3837
1539;3840
1521;3842
1535;3845
1554;3847
1561;3850
1537;3852
1515;3854
1522;3857
1535;3859
1522;3862
1478;3864
1446;3866
1423;3869
1416;3871
1417;3874
1419;3876
1425;3879
1432;3881
1432;3884
1438;3887
1464;3889
1493;3892
1516;3894
1520;3896
1508;3899
1501;3901
1510;3904
1506;3906
1483;3908
1477;3911
1482;3913
1476;3916
1453;3918
1439;3921
1434;3923
1449;3926
1505;3929
1544;3931
1534;3934
1491;3936
1466;3938
1455;3941
1469;3943
1496;3946
1502;3948
1489;3951
1456;3953
1438;3955
1447;3958
1467;3960
1477;3963
1468;3965
1457;3968
1448;3971
1436;3973
1436;3976
1441;3978
1461;3980
1498;3983
1541;3985
1541;3988
1497;3990
1456;3993
1452;3995
1479;3997
1489;4000
1477;4002
1447;4005
1417;4007
1421;4009
1437;4013
1448;4015
1446;4018
1447;4020
1456;4022
1474;4025
1507;4027
1517;4030
1499;4032
1481;4035
1493;4037
1502;4039
1496;4042
1470;4044
1468;4047
1479;4049
1494;4051
1507;4055
1511;4057
1498;4060
1492;4062
1487;4064
1499;4067
1536;4069
1558;4072
1545;4074
1478;4077
1425;4079
1421;4081
1447;4084
1461;4086
1445;4089
1420;4091
1431;4093
1471;4097
1492;4099
1486;4102
1465;4104
1472;4106
1487;4109
1479;4111
1469;4114
1474;4116
1493;4119
1489;4121
1462;4123
1437;4126
1411;4128
1411;4131
1421;4133
1431;4135
1436;4139
1429;4141
1438;4144
1451;4146
1469;4148
1472;4151
1463;4153
1449;4156
1437;4158
1448;4161
1471;4163
1492;4165
1492;4168
1467;4170
1431;4173
1413;4175
1417;4177
1445;4180
1483;4183
1501;4186
1497;4188
1474;4191
1458;4193
1461;4195
1480;4198
1490;4200
1482;4203
1446;4205
1425;4207
1418;4210
1412;4212
1409;4215
1417;4217
1446;4219
1468;4222
1470;4225
1443;4228
1433;4230
1444;4233
1451;4235
1449;4237
1440;4240
1448;4242
1467;4245
1501;4247
1530;4249
1521;4252
1483;4254
1462;4257
1434;4259
1429;4261
1442;4264
1468;4267
1487;4270
1477;4272
1456;4275
1442;4277
1439;4279
1440;4282
1438;4284
1439;4287
1451;4289
1467;4291
1456;4294
1424;4296
1403;4299
1412;4301
1426;4303
1446;4306
1479;4308
1497;4312
1500;4314
1494;4317
1488;4319
1466;4321
1452;4324
1450;4326
1463;4329
1486;4331
1502;4333
1503;4336
1478;4338
1451;4341
1435;4343
1434;4345
1434;4348
1438;4350
1453;4354
1459;4356
1442;4359
1430;4361
1437;4363
1443;4366
1441;4368
1445;4371
1447;4373
1454;4375
1482;4378
1503;4380
1503;4383
1496;4385
1522;4387
1541;4390
1524;4392
1493;4396
1479;4398
1495;4401
1518;4403
1515;4405
1482;4408
1453;4410
1443;4413
1443;4415
1447;4417
1452;4420
1459;4422
1456;4425
1455;4427
1450;4430
1451;4432
1469;4434
1479;4438
1477;4440
1469;4443
1466;4445
1470;4447
1480;4450
1494;4452
1506;4455
1511;4457
1500;4459
1488;4462
1500;4464
1514;4467
1505;4469
1478;4472
1464;4474
1462;4476
1457;4480
1452;4482
1452;4485
1459;4487
1456;4489
1455;4492
1487;4494
1525;4497
1526;4499
1499;4501
1475;4504
1488;4506
1486;4509
1466;4511
1448;4514
1454;4516
1464;4518
1460;4521
1448;4524
1446;4527
1447;4529
1452;4531
1463;4534
1490;4536
1515;4539
1521;4541
1524;4543
1523;4546
1513;4548
1490;4551
1463;4553
1453;4556
1459;4558
1464;4560
1450;4563
1418;4566
1408;4569
1428;4571
1453;4573
1467;4576
1463;4578
1462;4581
1483;4583
1514;4586
1525;4588
1523;4590
1502;4593
1489;4595
1483;4598
1480;4600
1482;4602
1494;4605
1503;4608
1510;4611
1496;4613
1464;4615
1465;4618
1485;4620
1499;4623
1486;4625
1461;4628
1445;4630
1441;4632
1437;4635
1437;4637
1456;4640
1482;4642
1493;4644
1501;4647
1502;4649
1499;4653
1490;4655
1476;4657
1465;4660
1465;4662
1475;4665
1489;4667
1500;4670
1508;4672
1515;4674
1523;4677
1517;4679
1502;4682
1493;4684
1503;4686
1516;4689
1511;4691
1483;4695
1461;4697
1459;4699
1463;4702
1473;4704
1474;4707
1455;4709
1442;4712
1453;4714
1469;4716
1472;4719
1462;4721
1455;4724
1455;4726
1453;4728
1456;4731
1463;4733
1469;4737
1468;4739
1470;4741
1487;4744
1506;4746
1505;4749
1494;4751
1488;4754
1477;4756
1469;4758
1472;4761
1482;4763
1479;4766
1477;4768
1477;4770
1477;4773
1471;4775
1462;4779
1438;4781
1420;4784
1428;4786
1435;4788
1450;4791
1470;4793
1478;4796
1471;4798
1451;4800
1451;4803
1471;4805
1498;4808
1503;4810
1487;4812
1482;4815
1492;4817
1511;4820
1508;4823
1496;4826
1494;4828
1515;4830
1535;4833
1512;4835
1480;4838
1462;4840
1455;4842
1451;4845
1444;4847
1439;4850
1438;4852
1432;4854
1432;4857
1437;4859
1457;4862
1481;4865
1499;4868
1500;4870
1493;4872
1506;4875
1515;4877
1515;4880
1498;4882
1497;4884
1511;4887
1511;4889
1499;4892
1488;4894
1485;4896
1482;4899
1474;4901
1477;4904
1503;4907
1520;4910
1512;4912
1502;4914
1507;4917
1506;4919
1490;4922
1463;4924
1446;4926
1443;4929
1444;4931
1453;4934
1470;4936
1488;4939
1485;4941
1482;4943
1484;4946
1491;4948
1521;4952
1538;4954
1539;4956
1508;4959
1489;4961
1487;4964
1485;4966
1479;4968
1483;4971
1483;4973
1482;4976
1479;4978
1470;4981
1462;4983
1454;4985
1460;4988
1464;4990
1463;4994
1462;4996
1464;4998
1459;5001
1453;5003
1449;5006
1459;5008
1470;5010
1482;5013
1481;5015
1480;5018
1475;5020
1458;5023
1451;5025
1458;5027
1481;5030
1501;5032
1497;5036
1487;5038
1514;5040
1549;5043
1561;5045
1550;5048
1566;5050
1578;5052
1564;5055
1518;5057
1488;5060
1462;5062
1454;5065
1459;5067
1465;5069
1463;5072
1455;5074
1458;5078
1458;5080
1453;5082
1455;5085
1462;5087
1460;5090
1457;5092
1462;5094
1487;5097
1523;5099
1533;5102
1515;5104
1509;5107
1528;5109
1552;5111
1555;5114
1530;5116
1504;5120
1485;5122
1486;5124
1532;5127
1560;5129
1565;5132
1535;5134
1472;5137
1445;5139
1465;5141
1496;5144
1518;5146
1503;5149
1474;5151
1447;5153
1437;5156
1445;5158
1448;5161
1445;5164
1459;5166
1495;5169
1529;5171
1558;5174
1574;5176
1587;5179
1580;5181
1549;5183
1510;5186
1484;5188
1453;5191
1446;5193
1476;5195
1507;5198
1505;5200
1485;5203
1469;5206
1459;5208
1465;5211
1470;5213
1456;5216
1440;5218
1438;5221
1448;5223
1477;5225
1519;5228
1534;5230
1520;5233
1488;5235
1464;5237
1452;5240
1471;5242
1509;5245
1545;5248
1544;5250
1529;5253
1510;5255
1485;5258
1475;5260
1476;5263
1453;5265
1429;5267
1441;5270
1460;5272
1464;5275
1458;5277
1461;5279
1469;5282
1470;5284
1465;5287
1462;5289
1454;5293
1452;5295
1454;5297
1445;5300
1432;5302
1433;5305
1443;5307
1469;5309
1496;5312
1507;5314
1522;5317
1542;5319
1548;5321
1543;5324
1544;5326
1550;5329
1541;5331
1511;5335
1481;5337
1470;5339
1470;5342
1470;5344
1464;5347
1473;5349
1494;5351
1501;5354
1487;5356
1455;5359
1432;5361
1414;5363
1396;5366
1399;5368
1416;5371
1425;5373
1438;5377
1459;5379
1473;5381
1483;5384
1493;5386
1493;5389
1487;5391
1479;5393
1471;5396
1471;5398
1475;5401
1477;5403
1477;5405
1485;5408
1479;5410
1476;5413
1479;5415
1490;5419
1495;5421
1486;5423
1473;5426
1475;5428
1480;5431
1473;5433
1467;5435
1471;5438
1479;5440
1472;5443
1455;5445
1455;5447
1451;5450
1454;5452
1461;5455
1469;5457
1466;5460
1465;5463
1495;5465
1526;5468
1547;5470
1543;5473
1538;5475
1510;5477
1483;5480
1458;5482
1449;5485
1444;5487
1458;5489
1481;5492
1498;5494
1491;5497
1476;5499
1471;5502
1479;5505
1493;5507
1502;5510
1494;5512
1471;5515
1456;5517
1450;5519
1448;5522
1456;5524
1464;5527
1475;5529
1483;5532
1493;5534
1515;5536
1537;5539
1568;5541
1597;5544
1600;5547
1578;5549
1529;5552
1499;5554
1491;5557
1492;5559
1490;5561
1487;5564
1476;5566
1469;5569
1469;5571
1475;5574
1462;5576
1446;5578
1445;5581
1453;5583
1472;5586
1489;5588
1487;5591
1485;5594
1491;5596
1484;5599
1471;5601
1479;5603
1495;5606
1510;5608
1512;5611
1510;5613
1526;5616
1540;5618
1543;5620
1521;5623
1513;5625
1509;5628
1503;5630
1495;5633
1486;5636
1481;5638
1491;5641
1502;5643
1486;5645
1460;5648
1449;5650
1457;5653
1465;5655
1468;5658
1463;5660
1466;5662
1464;5665
1439;5667
1439;5670
1474;5672
1503;5675
1517;5678
1546;5680
1580;5683
1591;5685
1551;5687
1508;5690
1494;5692
1498;5695
1512;5697
1506;5700
1485;5702
1461;5704
1458;5707
1466;5709
1483;5712
1508;5714
1528;5716
1526;5720
1509;5722
1496;5725
1497;5727
1486;5730
1457;5732
1444;5734
1460;5737
1468;5739
1476;5742
1480;5744
1484;5746
1478;5749
1462;5751
1472;5754
1498;5756
1532;5758
1544;5762
1529;5764
1510;5767
1498;5769
1486;5772
1483;5774
1481;5776
1480;5779
1472;5781
1469;5784
1494;5786
1523;5788
1529;5791
1504;5793
1478;5796
1463;5798
1449;5800
1441;5804
1443;5806
1444;5809
1451;5811
1452;5814
1453;5816
1475;5818
1497;5821
1496;5823
1481;5826
1470;5828
1463;5830
1458;5833
1458;5835
1474;5838
1494;5840
1510;5842
1510;5846
1517;5848
1530;5851
1541;5853
1535;5856
1538;5858
1548;5860
1546;5863
1498;5865
1448;5868
1444;5870
1462;5872
1470;5875
1465;5877
1450;5880
1448;5882
1460;5884
1479;5888
1491;5890
1482;5893
1476;5895
1487;5898
1500;5900
1493;5902
1476;5905
1486;5907
1523;5910
1541;5912
1520;5914
1510;5917
1504;5919
1495;5922
1486;5924
1476;5927
1470;5929
1464;5932
1461;5935
1476;5937
1488;5940
1482;5942
1466;5944
1456;5947
1445;5949
1439;5952
1448;5954
1459;5956
1464;5959
1465;5961
1465;5964
1481;5966
1502;5969
1503;5971
1489;5974
1486;5977
1507;5979
1522;5982
1518;5984
1506;5986
1489;5989
1476;5991
1465;5994
1463;5996
1479;5998
1493;6001
1495;6003
1475;6006
1469;6008
1474;6011
1479;6013
1471;6016
1459;6019
1461;6021
1463;6024
1461;6026
1451;6028
1444;6031
1447;6033
1458;6036
1475;6038
1486;6040
1490;6043
1484;6045
1478;6048
1475;6050
1472;6053
1471;6055
1481;6057
1513;6061
1534;6063
1523;6066
1495;6068
1473;6070
1485;6073
1510;6075
1524;6078
1511;6080
1495;6082
1480;6085
1459;6087
1439;6090
1438;6092
1441;6095
1452;6097
1471;6099
1492;6103
1497;6105
1490;6108
1475;6110
1476;6112
1485;6115
1490;6117
1483;6120
1483;6122
1494;6124
1509;6127
1520;6129
1515;6132
1505;6134
1492;6137
1475;6139
1476;6141
1472;6145
1467;6147
1467;6150
1478;6152
1501;6154
1516;6157
1532;6159
1532;6162
1517;6164
1501;6167
1498;6169
1497;6171
1492;6174
1475;6176
1452;6179
1433;6181
1418;6183
1415;6187
1427;6189
1442;6192
1452;6194
1466;6196
1492;6199
1508;6201
1513;6204
1504;6206
1494;6209
1482;6211
1478;6213
1471;6216
1459;6218
1455;6221
1452;6223
1446;6225
1453;6228
1470;6231
1477;6234
1473;6236
1480;6238
1500;6241
1507;6243
1517;6246
1525;6248
1530;6251
1523;6253
1500;6255
1480;6258
1461;6260
1457;6263
1465;6265
1468;6267
1454;6270
1456;6273
1481;6276
1484;6278
1469;6280
1458;6283
1456;6285
1466;6288
1465;6290
1463;6293
1467;6295
1472;6297
1480;6300
1488;6302
1489;6305
1492;6307
1504;6309
1517;6312
1521;6315
1515;6318
1512;6320
1511;6322
1508;6325
1497;6327
1483;6330
1474;6332
1463;6335
1470;6337
1485;6339
1494;6342
1507;6344
1525;6347
1538;6349
1538;6351
1523;6354
1503;6356
1485;6360
1473;6362
1460;6364
1458;6367
1461;6369
1470;6372
1479;6374
1481;6377
1482;6379
1480;6381
1474;6384
1482;6386
1495;6389
1509;6391
1525;6393
1525;6396
1518;6398
1522;6402
1531;6404
1529;6407
1522;6409
1513;6411
1501;6414
1502;6416
1498;6419
1491;6421
1487;6423
1501;6426
1515;6428
1526;6431
1524;6433
1521;6435
1522;6438
1527;6440
1520;6444
1488;6446
1468;6449
1469;6451
1477;6453
1487;6456
1490;6458
1486;6461
1482;6463
1482;6465
1485;6468
1484;6470
1483;6473
1486;6475
1491;6477
1497;6480
1493;6482
1476;6486
1465;6488
1455;6491
1447;6493
1450;6495
1474;6498
1486;6500
1483;6503
1476;6505
1472;6507
1482;6510
1495;6512
1498;6515
1481;6517
1460;6519
1441;6522
1437;6524
1443;6528
1448;6530
1450;6533
1452;6535
1458;6537
1459;6540
1458;6542
1466;6545
1476;6547
1481;6549
1483;6552
1495;6554
1520;6557
1527;6559
1510;6561
1481;6564
1468;6566
1478;6569
1491;6572
1499;6575
1493;6577
1494;6579
1493;6582
1494;6584
1486;6587
1471;6589
1463;6591
1465;6594
1470;6596
1477;6599
1497;6601
1519;6603
1523;6606
1512;6608
1496;6611
1499;6614
1508;6617
1509;6619
1490;6621
1471;6624
1461;6626
1458;6629
1459;6631
1464;6633
1471;6636
1474;6638
1479;6641
1479;6643
1486;6646
1531;6648
1576;6650
1562;6653
1506;6656
1478;6659
1463;6661
1449;6663
1443;6666
1462;6668
1481;6671
1484;6673
1476;6675
1482;6678
1493;6680
1495;6683
1493;6685
1519;6688
1546;6690
1538;6692
1509;6695
1483;6697
1476;6701
1484;6703
1490;6705
1490;6708
1488;6710
1490;6713
1484;6715
1476;6717
1472;6720
1477;6722
1488;6725
1498;6727
1499;6730
1507;6732
1516;6734
1518;6737
1506;6739
1478;6743
1459;6745
1465;6747
1473;6750
1472;6752
1458;6755
1461;6757
1476;6759
1499;6762
1520;6764
1522;6767
1508;6769
1476;6772
1449;6774
1449;6776
1478;6779
1502;6781
1495;6785
1465;6787
1449;6789
1461;6792
1477;6794
1480;6797
1476;6799
1480;6801
1477;6804
1470;6806
1460;6809
1453;6811
1443;6814
1441;6816
1470;6818
1503;6821
1511;6823
1505;6827
1502;6829
1483;6831
1451;6834
1457;6836
1487;6839
1545;6841
1571;6844
1553;6846
1511;6848
1482;6851
1466;6853
1456;6856
1455;6858
1449;6860
1438;6863
1441;6865
1443;6868
1441;6871
1445;6873
1448;6876
1442;6878
1443;6881
1448;6883
1452;6886
1467;6888
1494;6890
1514;6893
1504;6895
1506;6898
1518;6900
1533;6902
1518;6905
1482;6907
1484;6910
1492;6913
1491;6915
1473;6918
1457;6920
1447;6923
1449;6925
1478;6928
1519;6930
1542;6932
1535;6935
1498;6937
1464;6940
1451;6942
1448;6944
1446;6947
1453;6949
1453;6952
1438;6955
1428;6957
1431;6960
1444;6962
1461;6965
1469;6967
1476;6970
1486;6972
1487;6974
1486;6977
1486;6979
1492;6982
1511;6984
1527;6986
1520;6989
1494;6991
1473;6994
1471;6996
1481;6999
1483;7002
1474;7004
1461;7007
1453;7009
1448;7012
1456;7014
1482;7016
1496;7019
1487;7021
1470;7024
1460;7026
1450;7028
1465;7031
1493;7033
1502;7036
1491;7038
1467;7042
1448;7044
1439;7046
1451;7049
1472;7051
1487;7054
1486;7056
1484;7058
1489;7061
1494;7063
1489;7066
1472;7068
1461;7070
1457;7073
1471;7075
1484;7078
1484;7080
1466;7084
1463;7086
1475;7088
1479;7091
1475;7093
1468;7096
1458;7098
1445;7100
1449;7103
1460;7105
1459;7108
1450;7110
1447;7112
1455;7115
1468;7117
1487;7120
1493;7122
1503;7126
1546;7128
1579;7130
1561;7133
1528;7135
1492;7138
1479;7140
1477;7142
1478;7145
1476;7147
1469;7150
1464;7152
1475;7154
1475;7157
1473;7159
1473;7162
1471;7164
1467;7168
1456;7170
1447;7172
1446;7175
1461;7177
1473;7180
1477;7182
1476;7184
1473;7187
1478;7189
1485;7192
1499;7194
1524;7197
1541;7199
1531;7201
1508;7204
1512;7206
1515;7209
1508;7212
1493;7214
1485;7217
1485;7219
1491;7222
1503;7224
1499;7226
1474;7229
1447;7231
1441;7234
1446;7236
1464;7239
1471;7241
1476;7243
1473;7246
1469;7248
1471;7251
1478;7254
1499;7256
1531;7259
1541;7261
1539;7264
1525;7266
1502;7268
1497;7271
1499;7273
1497;7276
1483;7278
1471;7281
1470;7283
1473;7285
1480;7288
1487;7290
1490;7293
1494;7296
1498;7298
1512;7301
1526;7303
1514;7306
1497;7308
1490;7310
1490;7313
1482;7315
1475;7318
1473;7320
1470;7323
1476;7325
1481;7327
1473;7330
1467;7332
1471;7335
1468;7337
1474;7340
1488;7343
1511;7345
1529;7348
1539;7350
1520;7352
1493;7355
1484;7357
1486;7360
1495;7362
1495;7365
1492;7367
1501;7369
1498;7372
1473;7374
1455;7377
1462;7379
1456;7382
1438;7385
1431;7387
1446;7390
1476;7392
1492;7394
1498;7397
1505;7399
1483;7402
1469;7404
1454;7407
1447;7409
1452;7411
1469;7414
1486;7416
1493;7419
1496;7421
1511;7424
1513;7427
1498;7429
1470;7432
1478;7434
1506;7436
1537;7439
1533;7441
1496;7444
1473;7446
1463;7449
1470;7451
1483;7453
1478;7456
1460;7458
1460;7461
1467;7463
1470;7465
1470;7469
1473;7471
1464;7474
1466;7476
1467;7479
1481;7481
1503;7483
1508;7486
1497;7488
1468;7491
1455;7493
1461;7495
1473;7498
1481;7500
1484;7503
1495;7505
1513;7507
1514;7511
1500;7513
1473;7516
1459;7518
1469;7521
1481;7523
1486;7525
1464;7528
1428;7530
1417;7533
1431;7535
1447;7537
1479;7540
1533;7542
1564;7545
1557;7547
1513;7549
1485;7553
1476;7555
1475;7558
1468;7560
1462;7563
1458;7565
1458;7567
1459;7570
1459;7572
1459;7575
1453;7577
1465;7579
1494;7582
1503;7584
1503;7587
1504;7589
1509;7591
1516;7595
1511;7597
1521;7600
1517;7602
1493;7605
1467;7607
1454;7609
1450;7612
1448;7614
1454;7617
1462;7619
1455;7621
1447;7624
1453;7626
1469;7629
1478;7631
1483;7634
1480;7636
1459;7639
1442;7642
1432;7644
1439;7647
1476;7649
1529;7651
1563;7654
1583;7656
1580;7659
1564;7661
1525;7663
1490;7666
1478;7668
1474;7671
1474;7673
1472;7676
1472;7678
1470;7681
1478;7684
1506;7686
1514;7689
1490;7691
1457;7693
1438;7696
1438;7698
1443;7701
1452;7703
1462;7705
1458;7708
1446;7710
1447;7713
1469;7715
1487;7718
1505;7720
1498;7723
1495;7726
1501;7728
1514;7731
1531;7733
1523;7735
1502;7738
1470;7740
1455;7743
1438;7745
1430;7747
1435;7750
1456;7752
1474;7755
1471;7757
1465;7760
1478;7762
1511;7764
1526;7768
1494;7770
1460;7773
1445;7775
1444;7777
1455;7780
1467;7782
1473;7785
1481;7787
1489;7789
1487;7792
1488;7794
1474;7797
1457;7799
1441;7802
1448;7804
1476;7806
1493;7810
1496;7812
1496;7815
1502;7817
1481;7819
1458;7822
1461;7824
1473;7827
1478;7829
1476;7832
1473;7834
1484;7836
1501;7839
1509;7841
1502;7844
1488;7846
1473;7848
1452;7852
1466;7854
1493;7857
1504;7859
1498;7861
1491;7864
1484;7866
1475;7869
1459;7871
1440;7874
1436;7876
1440;7878
1457;7881
1474;7883
1485;7886
1485;7888
1480;7890
1479;7894
1473;7896
1464;7899
1459;7901
1468;7903
1475;7906
1492;7908
1511;7911
1512;7913
1486;7916
1482;7918
1508;7920
1532;7923
1530;7925
1527;7928
1527;7930
1506;7932
1475;7936
1460;7938
1464;7941
1488;7943
1527;7945
1530;7948
1512;7950
1489;7953
1475;7955
1478;7958
1501;7960
1510;7962
1510;7965
1484;7967
1466;7970
1462;7972
1459;7974
1455;7977
1442;7980
1443;7983
1447;7985
1451;7988
1452;7990
1461;7992
1485;7995
1499;7997
1498;8000
1497;8002
1497;8004
1487;8007
1464;8009
1452;8012
1452;8014
1456;8016
1463;8019
1456;8022
1463;8025
1485;8027
1506;8030
1514;8032
1510;8034
1485;8037
1464;8039
1447;8042
1434;8044
1444;8046
1474;8049
1500;8051
1508;8054
1515;8056
1531;8058
1551;8061
1549;8064
1528;8067
1510;8069
1499;8072
1484;8074
1460;8076
1445;8079
1455;8081
1472;8084
1475;8086
1467;8088
1461;8091
1495;8093
1536;8096
1536;8098
1502;8100
1462;8103
1442;8105
1439;8109
1448;8111
1456;8114
1459;8116
1450;8118
1464;8121
1483;8123
1482;8126
1478;8128
1464;8130
1450;8133
1449;8135
1448;8138
1460;8140
1513;8142
1544;8145
1520;8147
1479;8151
1458;8153
1449;8156
1442;8158
1441;8160
1443;8163
1453;8165
1465;8168
1476;8170
1474;8172
1483;8175
1506;8177
1532;8180
1522;8182
1505;8184
1502;8187
1508;8189
1499;8193
1487;8195
1463;8198
1439;8200
1451;8202
1474;8205
1477;8207
1468;8210
1471;8212
1491;8214
1524;8217
1528;8219
1527;8222
1535;8224
1533;8226
1510;8229
1478;8231
1457;8235
1437;8237
1429;8240
1423;8242
1441;8244
1470;8247
1488;8249
1498;8252
1504;8254
1486;8256
1462;8259
1461;8261
1467;8264
1467;8266
1448;8269
1438;8271
1446;8273
1461;8276
1449;8279
1424;8282
1430;8284
1457;8286
1473;8289
1499;8291
1512;8294
1512;8296
1505;8298
1485;8301
1459;8303
1442;8306
1435;8308
1440;8311
1447;8313
1456;8315
1458;8318
1459;8321
1471;8324
1478;8326
1465;8328
1427;8331
1411;8333
1414;8336
1425;8338
1432;8340
1445;8343
1471;8345
1494;8348
1498;8350
1488;8353
1478;8355
1482;8357
1492;8360
1501;8363
1501;8366
1488;8368
1490;8370
1491;8373
1478;8375
1463;8378
1469;8380
1473;8382
1463;8385
1452;8387
1449;8390
1447;8392
1456;8395
1474;8397
1489;8399
1489;8402
1481;8404
1474;8408
1468;8410
1465;8412
1461;8415
1454;8417
1461;8420
1469;8422
1470;8424
1475;8427
1486;8429
1494;8432
1482;8434
1469;8437
1472;8439
1479;8441
1488;8444
1485;8446
1468;8450
1456;8452
1469;8454
1485;8457
1496;8459
1496;8462
1491;8464
1474;8467
1454;8469
1450;8471
1463;8474
1480;8476
1500;8479
1514;8481
1520;8483
1499;8486
1483;8488
1474;8492
1460;8494
1459;8496
1475;8499
1499;8501
1512;8504
1506;8506
1484;8509
1469;8511
1464;8513
1468;8516
1491;8518
1523;8521
1540;8523
1521;8525
1477;8528
1454;8530
1445;8534
1442;8536
1440;8538
1443;8541
1451;8543
1466;8546
1479;8548
1484;8551
1479;8553
1470;8555
1463;8558
1458;8560
1465;8563
1476;8565
1480;8567
1473;8570
1471;8572
1493;8576
1529;8578
1540;8580
1527;8583
1499;8585
1484;8588
1482;8590
1484;8593
1480;8595
1463;8597
1450;8600
1451;8602
1457;8605
1461;8607
1457;8609
1464;8612
1475;8614
1490;8617
1500;8620
1503;8622
1497;8625
1482;8627
1463;8630
1444;8632
1445;8635
1470;8637
1494;8639
1497;8642
1502;8644
1512;8647
1507;8649
1491;8651
1498;8654
1517;8656
1538;8659
1536;8662
1511;8665
1493;8667
1484;8669
1489;8672
1495;8674
1502;8677
1508;8679
1499;8681
1482;8684
1492;8686
1504;8689
1502;8691
1486;8693
1475;8696
1484;8698
1492;8701
1489;8704
1479;8707
1484;8709
1496;8711
1494;8714
1485;8716
1476;8719
1481;8721
1505;8723
1521;8726
1525;8728
1511;8731
1509;8733
1503;8735
1495;8738
1504;8740
1516;8743
1515;8745
1499;8749
1495;8751
1489;8753
1474;8756
1469;8758
1478;8761
1483;8763
1477;8765
1473;8768
1484;8770
1489;8773
1476;8775
1459;8777
1445;8780
1437;8782
1449;8785
1471;8787
1489;8791
1497;8793
1498;8795
1509;8798
1508;8800
1503;8803
1487;8805
1469;8807
1446;8810
1433;8812
1436;8815
1444;8817
1449;8820
1438;8822
1431;8824
1439;8827
1438;8829
1431;8833
1431;8835
1429;8837
1430;8840
1444;8842
1475;8845
1493;8847
1481;8849
1454;8852
1437;8854
1450;8857
1476;8859
1485;8862
1488;8864
1494;8866
1499;8869
1488;8871
1479;8875
1478;8877
1476;8879
1467;8882
1454;8884
1449;8887
1459;8889
1465;8891
1468;8894
1469;8896
1471;8899
1474;8901
1466;8904
1459;8906
1448;8908
1433;8911
1438;8913
1448;8916
1459;8919
1485;8921
1508;8924
1503;8926
1485;8929
1473;8931
1466;8933
1454;8936
1448;8938
1454;8941
1482;8943
1523;8946
1536;8948
1511;8950
1484;8953
1470;8955
1466;8958
1464;8961
1467;8963
1467;8966
1467;8968
1477;8971
1474;8973
1465;8975
1454;8978
1455;8980
1472;8983
1486;8985
1499;8988
1496;8990
1483;8992
1473;8995
1472;8997
1478;9000
1491;9003
1498;9005
1506;9008
1523;9010
1541;9013
1547;9015
1541;9017
1514;9020
1489;9022
1475;9025
1467;9027
1466;9030
1467;9032
1477;9034
1491;9037
1490;9039
1479;9042
1463;9044
1455;9047
1453;9050
1456;9052
1463;9055
1460;9057
1476;9059
1515;9062
1525;9064
1508;9067
1494;9069
1496;9072
1504;9074
1508;9076
1511;9079
1517;9081
1533;9084
1541;9086
1526;9089
1508;9092
1484;9094
1480;9097
1482;9099
1489;9102
1500;9104
1523;9106
1541;9109
1529;9111
1503;9114
1488;9116
1472;9118
1473;9121
1482;9123
1484;9126
1475;9128
1473;9131
1482;9134
1490;9136
1485;9139
1487;9141
1493;9144
1489;9146
1475;9148
1472;9151
1494;9153
1525;9156
1539;9158
1527;9160
1510;9163
1513;9165
1520;9168
1520;9170
1507;9172
1494;9176
1491;9178
1497;9181
1507;9183
1504;9186
1483;9188
1459;9190
1452;9193
1462;9195
1471;9198
1473;9200
1473;9202
1479;9205
1486;9207
1501;9210
1535;9212
1550;9214
1554;9218
1540;9220
1530;9223
1528;9225
1519;9228
1511;9230
1512;9232
1518;9235
1520;9237
1522;9240
1525;9242
1536;9244
1533;9247
1524;9249
1513;9252
1512;9254
1520;9257
1521;9260
1516;9262
1517;9265
1507;9267
1492;9270
1490;9272
1493;9274
1513;9277
1543;9279
1566;9282
1562;9284
1548;9286
1538;9289
1529;9291
1514;9294
1510;9296
1509;9299
1524;9302
1544;9304
1553;9307
1544;9309
1527;9312
1521;9314
1518;9316
1511;9319
1500;9321
1495;9324
1514;9326
1545;9328
1557;9331
1541;9333
1534;9336
1533;9338
1518;9341
1508;9344
1494;9346
1504;9349
1524;9351
1536;9354
1533;9356
1529;9358
1515;9361
1505;9363
1489;9366
1484;9368
1490;9370
1507;9373
1518;9375
1517;9378
1503;9380
1486;9383
1480;9385
1491;9388
1499;9391
1503;9393
1502;9396
1506;9398
1511;9400
1502;9403
1495;9405
1497;9408
1500;9410
1512;9412
1515;9415
1515;9417
1502;9420
1478;9422
1464;9425
1456;9427
1448;9430
1445;9433
1458;9435
1483;9438
1505;9440
1493;9442
1461;9445
1453;9447
1455;9450
1451;9452
1448;9455
1447;9457
1449;9459
1462;9462
1487;9464
1504;9467
1512;9469
1513;9472
1511;9475
1497;9477
1478;9480
1462;9482
1476;9484
1514;9487
1534;9489
1518;9492
1493;9494
1460;9497
1450;9499
1460;9501
1460;9504
1445;9506
1427;9509
1429;9511
1435;9513
1443;9517
1449;9519
1457;9522
1459;9524
1484;9526
1507;9529
1509;9531
1489;9534
1469;9536
1460;9539
1459;9541
1465;9543
1473;9546
1470;9548
1456;9551
1453;9553
1466;9555
1465;9559
1455;9561
1462;9564
1478;9566
1485;9568
1485;9571
1475;9573
1488;9576
1502;9578
1530;9581
1549;9583
1532;9585
1495;9588
1463;9590
1450;9593
1448;9595
1452;9597
1452;9601
1456;9603
1462;9606
1453;9608
1439;9610
1423;9613
1411;9615
1411;9618
1438;9620
1464;9623
1477;9625
1465;9627
1467;9630
1472;9632
1476;9635
1506;9637
1551;9639
1567;9643
1554;9645
1508;9648
1480;9650
1471;9652
1491;9655
1519;9657
1518;9660
1474;9662
1435;9665
1419;9667
1418;9669
1429;9672
1441;9674
1437;9677
1432;9679
1435;9681
1436;9684
1440;9687
1448;9690
1453;9692
1455;9695
1454;9697
1462;9699
1487;9702
1508;9704
1502;9707
1489;9709
1478;9711
1475;9714
1498;9716
1519;9719
1540;9721
1535;9723
1522;9726
1508;9729
1504;9732
1502;9734
1500;9737
1488;9739
1479;9741
1486;9744
1485;9746
1460;9749
1442;9751
1447;9753
1453;9756
1450;9758
1450;9761
1449;9763
1442;9765
1449;9768
1473;9771
1489;9774
1486;9776
1483;9779
1522;9781
1563;9783
1558;9786
1560;9788
1586;9791
1589;9793
1563;9795
1509;9798
1491;9800
1509;9803
1550;9805
1588;9807
1617;9810
1649;9812
1629;9816
1591;9818
1530;9821
1500;9823
1487;9825
1473;9828
1484;9830
1509;9833
1551;9835
1568;9837
1547;9840
1517;9842
1480;9845
1463;9847
1474;9849
1495;9852
1494;9854
1474;9858
1461;9860
1478;9863
1511;9865
1550;9867
1565;9870
1557;9872
1554;9875
1568;9877
1588;9879
1573;9882
1542;9884
1518;9887
1511;9889
1498;9892
1501;9894
1521;9896
1526;9900
1497;9902
1455;9905
1454;9907
1476;9909
1544;9912
1597;9914
1577;9917
1528;9919
1482;9921
1466;9924
1455;9926
1442;9929
1437;9931
1450;9934
1456;9936
1453;9938
1443;9942
1433;9944
1413;9947
1405;9949
1421;9951
1451;9954
1485;9956
1521;9959
1551;9961
1557;9963
1538;9966
1518;9968
1499;9971
1486;9973
1474;9976
1458;9978
1443;9980
1446;9984
1465;9986
1473;9989
1480;9991
1493;9993
1500;9996
1488;9998
1467;10001
1452;10003
1451;10006
1462;10008
1478;10010
1486;10013
1480;10015
1464;10018
1462;10020
1460;10023
1447;10025
1446;10029
1446;10031
1444;10034
1443;10036
1444;10039
1461;10041
1483;10044
1491;10046
1487;10048
1525;10051
1560;10053
1551;10056
1480;10058
1431;10061
1399;10063
1380;10066
1384;10068
1399;10072
1419;10074
1435;10077
1438;10079
1434;10081
1435;10084
1438;10086
1451;10089
1479;10091
1494;10094
1480;10096
1452;10099
1452;10101
1453;10104
1462;10106
1478;10109
1494;10112
1481;10114
1472;10117
1479;10119
1458;10122
1423;10124
1404;10127
1407;10129
1415;10132
1435;10134
1485;10137
1533;10139
1546;10142
1533;10144
1509;10146
1499;10149
1501;10151
1499;10155
1467;10157
1433;10160
1425;10162
1426;10165
1425;10167
1442;10170
1473;10172
1482;10175
1471;10177
1462;10179
1471;10182
1475;10184
1468;10187
1454;10189
1458;10192
1477;10194
1495;10198
1497;10200
1481;10203
1461;10205
1452;10208
1451;10210
1454;10213
1457;10215
1456;10217
1457;10220
1470;10222
1488;10225
1489;10227
1471;10230
1450;10232
1436;10235
1437;10237
1437;10241
1441;10243
1463;10246
1499;10248
1515;10250
1507;10253
1489;10255
1494;10258
1521;10260
1557;10263
1593;10265
1592;10268
1540;10270
1476;10273
1449;10275
1446;10278
1443;10280
1442;10283
1443;10286
1448;10288
1442;10291
1441;10293
1442;10296
1446;10298
1459;10301
1483;10303
1496;10306
1486;10308
1476;10311
1481;10313
1503;10315
1522;10318
1522;10320
1499;10323
1496;10326
1517;10329
1552;10331
1564;10334
1547;10336
1505;10339
1464;10341
1452;10344
1456;10346
1461;10348
1451;10351
1441;10353
1457;10356
1468;10358
1454;10361
1440;10363
1449;10366
1482;10369
1500;10372
1499;10374
1475;10377
1474;10379
1485;10381
1481;10384
1474;10386
1482;10389
1495;10391
1502;10394
1495;10396
1497;10399
1510;10401
1511;10404
1495;10406
1483;10409
1486;10412
1498;10414
1510;10417
1519;10419
1508;10422
1477;10424
1470;10427
1466;10429
1465;10432
1461;10434
1458;10437
1455;10439
1453;10442
1465;10444
1497;10446
1516;10449
1503;10451
1490;10455
1499;10457
1498;10460
1475;10462
1451;10465
1442;10467
1452;10470
1476;10472
1519;10475
1546;10477
1539;10479
1503;10482
1491;10484
1504;10487
1530;10489
1539;10492
1522;10494
1483;10498
1465;10500
1466;10503
1472;10505
1468;10508
1456;10510
1473;10512
1498;10515
1509;10517
1487;10520
1466;10522
1468;10525
1467;10527
1461;10530
1447;10532
1425;10535
1405;10537
1402;10541
1421;10543
1437;10545
1453;10548
1493;10550
1546;10553
1569;10555
1553;10558
1532;10560
1516;10563
1497;10565
1472;10568
1471;10570
1477;10573
1481;10575
1475;10577
1466;10580
1455;10583
1450;10586
1441;10588
1439;10591
1457;10593
1466;10596
1462;10598
1443;10601
1446;10603
1470;10606
1488;10608
1481;10610
1469;10613
1464;10615
1470;10618
1482;10620
1488;10624
1489;10626
1478;10629
1485;10631
1496;10634
1493;10636
1480;10639
1464;10641
1477;10643
1508;10646
1521;10648
1501;10651
1478;10653
1480;10656
1484;10658
1490;10661
1491;10663
1487;10667
1471;10669
1465;10672
1472;10674
1484;10676
1488;10679
1474;10681
1454;10684
1435;10686
1436;10689
1459;10691
1474;10694
1470;10696
1467;10699
1489;10701
1514;10704
1516;10706
1490;10708
1484;10712
1498;10714
1510;10717
1497;10719
1483;10722
1473;10724
1487;10727
1509;10729
1515;10732
1490;10734
1469;10737
1466;10739
1457;10741
1445;10744
1445;10746
1456;10749
1465;10752
1464;10755
1459;10757
1455;10760
1472;10762
1502;10765
1516;10767
1518;10770
1501;10772
1494;10774
1507;10777
1517;10779
1502;10782
1469;10784
1454;10787
1458;10789
1463;10792
1470;10795
1475;10798
1474;10800
1483;10803
1494;10805
1504;10807
1505;10810
1503;10812
1492;10815
1478;10817
1473;10820
1479;10822
1477;10825
1470;10827
1460;10830
1481;10832
1508;10835
1515;10838
1492;10840
1470;10843
1461;10845
1463;10848
1463;10850
1463;10853
1461;10855
1454;10858
1445;10860
1457;10863
1489;10865
1524;10868
1535;10870
1511;10872
1487;10875
1468;10877
1456;10881
1448;10883
1447;10886
1453;10888
1455;10891
1459;10893
1469;10896
1479;10898
1473;10901
1487;10903
1510;10905
1501;10908
1482;10910
1471;10913
1498;10915
1527;10918
1520;10920
1482;10924
1452;10926
1451;10929
1459;10931
1467;10934
1472;10936
1472;10938
1462;10941
1450;10943
1445;10946
1452;10948
1473;10951
1492;10953
1481;10956
1454;10958
1448;10961
1459;10963
1472;10967
1488;10969
1484;10971
1468;10974
1463;10976
1502;10979
1554;10981
1588;10984
1566;10986
1522;10989
1480;10991
1456;10994
1448;10996
1451;10999
1452;11001
1449;11003
1448;11006
1455;11009
1457;11012
1447;11014
1440;11017
1443;11019
1450;11022
1458;11024
1454;11027
1447;11029
1491;11032
1554;11034
1576;11036
1542;11039
1505;11041
1497;11044
1500;11046
1503;11049
1498;11052
1500;11055
1501;11057
1491;11060
1488;11062
1496;11065
1501;11067
1503;11069
1495;11072
1473;11074
1461;11077
1475;11079
1487;11082
1480;11084
1474;11087
1476;11089
1484;11092
1492;11095
1495;11098
1493;11100
1494;11103
1498;11105
1501;11107
1500;11110
1496;11112
1486;11115
1495;11117
1503;11120
1495;11122
1476;11125
1460;11127
1455;11130
1462;11132
1474;11136
1482;11138
1488;11140
1490;11143
1487;11145
1479;11148
1481;11150
1490;11153
1509;11155
1521;11158
1510;11160
1488;11163
1472;11165
1475;11168
1483;11170
1483;11172
1467;11175
1452;11177
1442;11181
1445;11183
1456;11186
1474;11188
1490;11191
1489;11193
1473;11196
1450;11198
1446;11201
1448;11203
1450;11205
1466;11208
1482;11210
1476;11213
1460;11215
1451;11218
1454;11220
1466;11224
1480;11226
1497;11229
1508;11231
1507;11234
1489;11236
1480;11238
1489;11241
1497;11243
1487;11246
1465;11248
1460;11251
1483;11253
1502;11256
1518;11258
1520;11261
1506;11264
1468;11267
1445;11269
1443;11272
1444;11274
1451;11276
1464;11279
1477;11281
1479;11284
1461;11286
1443;11289
1442;11291
1454;11294
1464;11296
1479;11299
1486;11301
1504;11304
1520;11307
1525;11309
1487;11312
1469;11314
1489;11317
1514;11319
1524;11322
1512;11324
1499;11327
1481;11329
1474;11332
1479;11334
1490;11337
1499;11339
1502;11341
1500;11344
1498;11346
1490;11350
1482;11352
1492;11355
1506;11357
1505;11360
1478;11362
1460;11365
1480;11367
1512;11370
1516;11372
1497;11374
1480;11377
1468;11379
1478;11382
1496;11384
1502;11387
1494;11389
1484;11393
1491;11395
1503;11398
1510;11400
1499;11403
1485;11405
1480;11407
1503;11410
1525;11412
1533;11415
1531;11417
1532;11420
1514;11422
1483;11425
1475;11427
1483;11430
1503;11432
1505;11436
1498;11438
1480;11440
1473;11443
1474;11445
1483;11448
1490;11450
1495;11453
1490;11455
1483;11458
1473;11460
1470;11463
1478;11465
1485;11468
1498;11470
1517;11473
1522;11475
1511;11478
1495;11481
1491;11483
1502;11486
1533;11488
1543;11491
1518;11493
1484;11496
1466;11498
1469;11501
1480;11503
1490;11506
1485;11508
1486;11510
1501;11513
1502;11515
1521;11518
1550;11521
1560;11524
1519;11526
1479;11529
1469;11531
1480;11534
1495;11536
1500;11539
1486;11541
1470;11543
1470;11546
1473;11548
1482;11551
1482;11553
1488;11556
1497;11558
1501;11561
1496;11564
1507;11567
1532;11569
1534;11572
1501;11574
1464;11576
1455;11579
1461;11581
1467;11584
1470;11586
1495;11589
1522;11591
1521;11594
1506;11596
1507;11599
1528;11601
1561;11604
1563;11607
1526;11609
1465;11612
1436;11614
1452;11617
1487;11619
1515;11622
1538;11624
1534;11627
1530;11629
1542;11632
1538;11634
1508;11637
1484;11639
1472;11641
1462;11644
1456;11646
1458;11650
1465;11652
1463;11655
1475;11657
1498;11660
1507;11662
1492;11665
1493;11667
1502;11670
1502;11672
1485;11675
1456;11677
1424;11679
1429;11682
1472;11684
1503;11687
1515;11689
1510;11693
1505;11695
1509;11698
1506;11700
1497;11703
1471;11705
1453;11708
1443;11710
1435;11712
1429;11715
1429;11717
1433;11720
1440;11722
1458;11725
1477;11727
1465;11730
1440;11732
1447;11736
1468;11738
1469;11741
1458;11743
1449;11745
1488;11748
1519;11750
1508;11753
1473;11755
1472;11758
1494;11760
1516;11763
1515;11765
1510;11768
1495;11770
1481;11773
1465;11776
1453;11778
1467;11781
1499;11783
1506;11786
1499;11788
1474;11791
1453;11793
1442;11796
1444;11798
1448;11801
1451;11803
1456;11806
1458;11808
1486;11810
1521;11813
1540;11815
1523;11819
1501;11821
1477;11824
1476;11826
1474;11829
1454;11831
1439;11834
1454;11836
1477;11839
1482;11841
1464;11844
1444;11846
1428;11848
1427;11851
1443;11853
1459;11856
1475;11858
1488;11862
1503;11864
1505;11867
1475;11869
1427;11872
1415;11874
1435;11877
1467;11879
1479;11881
1485;11884
1493;11886
1499;11889
1500;11891
1492;11894
1468;11896
1445;11899
1442;11901
1452;11905
1465;11907
1472;11910
1464;11912
1458;11914
1458;11917
1457;11919
1447;11922
1438;11924
1453;11927
1480;11929
1536;11932
1555;11934
1526;11937
1485;11939
1490;11942
1515;11944
1542;11947
1578;11950
1588;11952
1565;11955
1524;11957
1502;11960
1493;11962
1509;11965
1521;11967
1502;11970
1463;11972
1436;11975
1441;11977
1450;11979
1466;11982
1486;11984
1489;11987
1477;11990
1472;11993
1488;11995
1501;11998
1489;12000
1459;12003
1460;12005
1478;12008
1503;12010
1510;12013
1500;12015
1474;12017
1472;12020
1486;12022
1496;12025
1472;12027
1448;12030
1446;12033
1445;12036
1442;12038
1439;12041
1455;12043
1469;12046
1468;12048
1447;12050
1440;12053
1447;12055
1472;12058
1504;12060
1530;12063
1523;12065
1479;12068
1453;12070
1437;12073
1441;12076
1452;12079
1465;12081
1468;12083
1479;12086
1479;12088
1469;12091
1465;12093
1469;12096
1477;12098
1492;12101
1494;12103
1471;12106
1434;12108
1415;12111
1418;12113
1408;12115
1416;12119
1447;12121
1466;12124
1491;12126
1522;12129
1530;12131
1508;12134
1480;12136
1487;12139
1500;12141
1503;12144
1518;12146
1516;12148
1493;12151
1472;12153
1463;12156
1449;12158
1440;12162
1437;12164
1430;12167
1415;12169
1405;12172
1417;12174
1463;12177
1496;12179
1486;12181
1459;12184
1452;12186
1463;12189
1483;12191
1488;12194
1471;12196
1454;12199
1459;12201
1472;12205
1484;12207
1477;12210
1482;12212
1493;12215
1499;12217
1493;12219
1503;12222
1532;12224
1540;12227
1517;12229
1469;12232
1460;12234
1462;12237
1457;12239
1443;12242
1441;12244
1452;12248
1465;12250
1478;12252
1473;12255
1470;12257
1493;12260
1511;12262
1526;12265
1525;12267
1514;12270
1496;12272
1474;12275
1475;12277
1490;12280
1495;12282
1488;12284
1492;12288
1505;12290
1502;12293
1476;12295
1467;12298
1480;12300
1490;12303
1482;12305
1467;12308
1455;12310
1452;12313
1460;12315
1482;12317
1498;12320
1472;12322
1456;12325
1466;12327
1504;12331
1538;12333
1536;12336
1509;12338
1482;12341
1475;12343
1469;12346
1465;12348
1472;12350
1472;12353
1483;12355
1504;12358
1531;12360
1523;12363
1489;12365
1466;12368
1456;12370
1491;12374
1534;12376
1536;12379
1506;12381
1502;12383
1511;12386
1497;12388
1464;12391
1456;12393
1454;12396
1450;12398
1453;12401
1456;12403
1481;12406
1529;12408
1555;12411
1541;12413
1493;12417
1452;12419
1427;12421
1418;12424
1425;12426
1442;12429
1482;12431
1517;12434
1520;12436
1490;12439
1463;12441
1455;12444
1472;12446
1483;12449
1484;12451
1469;12453
1466;12456
1467;12459
1476;12462
1491;12464
1508;12467
1513;12469
1504;12472
1489;12474
1467;12477
1452;12479
1448;12482
1447;12484
1462;12486
1500;12489
1521;12491
1520;12494
1497;12496
1498;12499
1522;12502
1534;12505
1508;12507
1466;12510
1450;12512
1450;12515
1457;12517
1467;12519
1474;12522
1492;12524
1514;12527
1532;12529
1530;12532
1516;12534
1507;12537
1521;12539
1534;12542
1529;12545
1502;12548
1479;12550
1480;12552
1498;12555
1513;12557
1503;12560
1488;12562
1476;12565
1471;12567
1470;12570
1467;12572
1460;12575
1467;12577
1491;12580
1508;12582
1501;12585
1479;12588
1475;12590
1491;12593
1508;12595
1511;12598
1500;12600
1490;12603
1475;12605
1484;12608
1498;12610
1483;12613
1465;12615
1485;12618
1517;12620
1537;12622
1540;12625
1524;12627
1498;12631
1496;12633
1533;12636
1561;12638
1562;12641
1511;12643
1476;12646
1467;12648
1469;12651
1470;12653
1475;12655
1476;12658
1480;12660
1503;12663
1527;12665
1521;12668
1499;12670
1476;12674
1468;12676
1480;12679
1485;12681
1484;12684
1494;12686
1529;12689
1549;12691
1527;12693
1484;12696
1474;12698
1480;12701
1481;12703
1467;12706
1446;12708
1440;12711
1447;12713
1453;12717
1458;12719
1456;12722
1473;12724
1503;12726
1515;12729
1494;12731
1477;12734
1476;12736
1470;12739
1472;12741
1479;12744
1485;12746
1485;12749
1469;12751
1457;12754
1453;12756
1460;12759
1516;12762
1567;12764
1552;12767
1487;12769
1444;12772
1438;12774
1443;12777
1447;12779
1446;12782
1451;12784
1468;12787
1478;12789
1473;12792
1460;12794
1453;12796
1454;12800
1458;12802
1456;12805
1454;12807
1470;12810
1483;12812
1479;12815
1461;12817
1461;12820
1471;12822
1484;12825
1499;12827
1520;12829
1535;12832
1531;12834
1508;12837
1494;12839
1490;12843
1488;12845
1496;12848
1508;12850
1512;12853
1490;12855
1488;12858
1508;12860
1527;12862
1511;12865
1505;12867
1523;12870
1539;12872
1527;12875
1502;12877
1478;12880
1459;12882
1461;12886
1461;12888
1457;12891
1475;12893
1506;12895
1504;12898
1471;12900
1448;12903
1470;12905
1492;12908
1510;12910
1523;12913
1532;12915
1516;12918
1512;12920
1514;12923
1520;12925
1529;12928
1541;12931
1530;12933
1492;12936
1478;12938
1478;12941
1468;12943
1452;12946
1458;12948
1478;12951
1492;12953
1500;12956
1494;12958
1468;12960
1462;12963
1476;12965
1487;12968
1484;12971
1481;12974
1493;12976
1522;12979
1555;12981
1551;12984
1513;12986
1491;12989
1488;12991
1496;12993
1513;12996
1509;12998
1490;13001
1469;13003
1444;13006
1437;13008
1441;13011
1449;13014
1452;13017
1459;13019
1451;13022
1449;13024
1455;13026
1472;13029
1495;13031
1507;13034
1494;13036
1460;13039
1440;13041
1439;13044
1452;13046
1474;13049
1499;13051
1515;13054
1498;13057
1477;13059
1463;13062
1458;13064
1453;13067
1459;13069
1491;13072
1524;13074
1516;13077
1490;13079
1462;13082
1460;13084
1474;13087
1486;13089
1473;13091
1469;13094
1465;13096
1452;13100
1438;13102
1434;13105
1453;13107
1488;13110
1501;13112
1482;13115
1454;13117
1441;13120
1426;13122
1425;13124
1441;13127
1447;13129
1441;13132
1459;13134
1499;13137
1532;13139
1517;13143
1479;13145
1485;13148
1507;13150
1493;13153
1496;13155
1540;13157
1557;13160
1530;13162
1484;13165
1474;13167
1475;13170
1481;13172
1484;13175
1481;13177
1476;13180
1476;13182
1457;13186
1434;13188
1431;13190
1445;13193
1454;13195
1475;13198
1491;13200
1514;13203
1530;13205
1578;13208
1624;13210
1645;13213
1649;13215
1630;13218
1600;13220
1588;13222
1590;13225
1587;13228
1553;13231
1531;13233
1551;13236
1585;13238
1605;13241
1584;13243
1549;13246
1527;13248
1519;13251
1501;13253
1519;13255
1548;13258
1531;13260
1499;13263
1486;13265
1489;13268
1488;13271
1470;13274
1459;13276
1462;13279
1465;13281
1470;13284
1472;13286
1461;13289
1456;13291
1450;13293
1450;13296
1456;13298
1470;13301
1498;13303
1534;13306
1560;13308
1570;13312
1542;13314
1496;13317
1485;13319
1467;13322
1433;13324
1413;13326
1416;13329
1419;13331
1428;13334
1434;13336
1430;13339
1450;13341
1478;13344
1506;13346
1493;13349
1472;13351
1475;13355
1468;13357
1448;13359
1435;13362
1448;13364
1466;13367
1472;13369
1468;13372
1479;13374
1502;13377
1507;13379
1485;13382
1455;13384
1448;13387
1478;13389
1515;13391
1515;13394
1486;13396
1452;13400
1438;13402
1445;13405
1458;13407
1481;13410
1507;13412
1529;13415
1530;13417
1510;13420
1528;13422
1558;13424
1551;13427
1507;13429
1470;13432
1432;13434
1407;13437
1414;13440
1438;13443
1452;13445
1441;13448
1453;13450
1482;13453
1486;13455
1462;13458
1440;13460
1446;13462
1447;13465
1451;13467
1469;13470
1497;13472
1510;13475
1509;13477
1525;13480
1547;13483
1565;13486
1549;13488
1523;13491
1476;13493
1446;13495
1447;13498
1475;13500
1524;13503
1548;13505
1518;13508
1481;13510
1511;13513
1554;13515
1565;13518
1536;13520
1499;13523
1480;13526
1470;13528
1469;13531
1469;13533
1507;13536
1576;13538
1613;13541
1569;13543
1505;13546
1483;13548
1468;13551
1441;13553
1425;13556
1439;13558
1458;13560
1462;13563
1459;13565
1466;13569
1484;13571
1507;13574
1529;13576
1525;13579
1496;13581
1473;13584
1470;13586
1470;13589
1463;13591
1451;13593
1436;13596
1406;13598
1392;13601
1397;13603
1415;13606
1418;13608
1414;13612
1415;13614
1442;13617
1471;13619
1489;13622
1472;13624
1457;13626
1438;13629
1418;13631
1409;13634
1421;13636
1453;13639
1474;13641
1466;13644
1452;13646
1449;13649
1467;13651
1483;13655
1477;13657
1449;13659
1417;13662
1400;13664
1404;13667
1432;13669
1449;13672
1451;13674
1438;13677
1441;13679
1441;13682
1443;13684
1442;13687
1437;13689
1415;13691
1400;13694
1392;13697
1394;13700
1457;13702
1518;13705
1516;13707
1464;13710
1434;13712
1438;13715
1458;13717
1475;13720
1463;13722
1435;13724
1453;13727
1508;13729
1532;13732
1503;13734
1453;13737
1445;13740
1468;13743
1477;13745
1463;13748
1438;13750
1431;13753
1425;13755
1428;13757
1435;13760
1439;13762
1435;13765
1422;13767
1426;13770
1455;13772
1486;13775
1494;13777
1468;13780
1456;13783
1455;13786
1466;13788
1479;13790
1484;13793
1480;13795
1473;13798
1490;13800
1510;13803
1526;13805
1543;13808
1539;13810
1521;13813
1492;13815
1495;13818
1513;13820
1520;13822
1504;13826
1471;13828
1443;13831
1434;13833
1435;13836
1434;13838
1447;13841
1462;13843
1470;13846
1471;13848
1469;13851
1476;13853
1482;13855
1480;13858
1487;13860
1519;13863
1558;13865
1564;13869
1539;13871
1514;13874
1502;13876
1519;13879
1582;13881
1614;13884
1588;13886
1520;13889
1487;13891
1485;13893
1486;13896
1488;13898
1485;13901
1477;13903
1470;13906
1460;13908
1443;13912
1439;13914
1454;13917
1480;13919
1492;13922
1496;13924
1483;13926
1465;13929
1452;13931
1462;13934
1496;13936
1551;13939
1589;13941
1593;13944
1564;13946
1560;13949
1563;13952
1549;13955
1497;13957
1471;13959
1459;13962
1453;13964
1454;13967
1455;13969
1456;13972
1466;13974
1480;13977
1492;13979
1480;13982
1469;13984
1476;13987
1490;13989
1522;13991
1536;13995
1523;13997
1492;14000
1491;14002
1498;14005
1503;14007
1491;14010
1484;14012
1501;14015
1512;14017
1521;14020
1538;14022
1553;14025
1542;14027
1523;14029
1514;14032
1510;14034
1507;14038
1509;14040
1512;14043
1503;14045
1496;14048
1486;14050
1482;14053
1490;14055
1489;14058
1488;14060
1488;14062
1482;14065
1506;14067
1565;14070
1604;14072
1584;14075
1543;14077
1520;14081
1509;14083
1498;14086
1486;14088
1477;14091
1473;14093
1478;14095
1493;14098
1502;14100
1509;14103
1500;14105
1482;14108
1489;14110
1521;14113
1544;14115
1543;14118
1527;14120
1513;14124
1500;14126
1500;14128
1516;14131
1548;14133
1558;14136
1528;14138
1489;14141
1475;14143
1469;14146
1463;14148
1465;14151
1457;14153
1448;14156
1446;14158
1449;14160
1470;14163
1493;14166
1500;14169
1490;14171
1476;14174
1470;14176
1486;14179
1525;14181
1546;14184
1539;14186
1517;14189
1492;14191
1478;14193
1471;14196
1462;14198
1456;14201
1455;14203
1456;14206
1456;14209
1463;14212
1472;14214
1463;14217
1450;14219
1453;14222
1493;14224
1521;14226
1513;14229
1494;14231
1483;14234
1476;14236
1472;14239
1484;14241
1504;14244
1519;14246
1519;14249
1497;14252
1459;14255
1439;14257
1480;14259
1529;14262
1545;14264
1513;14267
1472;14269
1447;14272
1445;14274
1453;14277
1479;14279
1528;14282
1571;14284
1554;14287
1506;14289
1477;14292
1463;14295
1461;14297
1465;14300
1477;14302
1495;14305
1501;14307
1485;14310
1467;14312
1471;14315
1498;14317
1500;14320
1482;14322
1476;14325
1487;14327
1494;14329
1491;14332
1497;14334
1505;14338
1507;14340
1520;14343
1538;14345
1553;14348
1545;14350
1539;14353
1530;14355
1506;14358
1487;14360
1501;14362
1532;14365
1534;14367
1506;14370
1474;14372
1455;14375
1460;14377
1480;14381
1493;14383
1488;14386
1481;14388
1486;14391
1496;14393
1502;14396
1498;14398
1490;14400
1480;14403
1476;14405
1482;14408
1497;14410
1519;14413
1559;14415
1586;14418
1568;14420
1532;14424
1514;14426
1507;14429
1501;14431
1500;14433
1514;14436
1532;14438
1538;14441
1522;14443
1500;14446
1491;14448
1489;14451
1496;14453
1530;14456
1554;14458
1550;14461
1526;14464
1512;14466
1524;14469
1535;14471
1537;14474
1540;14476
1565;14479
1595;14481
1616;14484
1623;14486
1596;14489
1557;14491
1535;14494
1544;14496
1546;14498
1537;14501
1541;14503
1553;14507
1553;14509
1534;14512
1520;14514
1507;14517
1520;14519
1547;14522
1564;14524
1555;14527
1529;14529
1504;14531
1482;14534
1482;14536
1500;14539
1516;14541
1513;14544
1506;14546
1509;14550
1528;14552
1555;14555
1569;14557
1574;14560
1584;14562
1605;14564
1633;14567
1631;14569
1601;14572
1559;14574
1535;14577
1527;14579
1518;14582
1516;14584
1526;14587
1515;14589
1500;14593
1504;14595
1522;14597
1542;14600
1530;14602
1516;14605
1526;14607
1535;14610
1536;14612
1521;14615
1506;14617
1504;14620
1538;14622
1590;14625
1616;14627
1602;14630
1563;14632
1543;14635
1534;14638
1519;14640
1514;14643
1526;14645
1543;14648
1537;14650
1537;14653
1545;14655
1561;14658
1571;14660
1578;14663
1571;14665
1559;14667
1551;14670
1543;14672
1543;14675
1553;14678
1549;14681
1541;14683
1553;14686
1565;14688
1566;14691
1553;14693
1540;14696
1519;14698
1504;14701
1499;14703
1494;14705
1484;14708
1477;14710
1488;14713
1508;14715
1516;14718
1550;14721
1591;14724
1594;14726
1559;14729
1530;14731
1525;14734
1521;14736
1527;14738
1540;14741
1551;14743
1540;14746
1509;14748
1472;14751
1473;14753
1492;14756
1498;14758
1494;14761
1491;14764
1490;14767
1504;14769
1518;14771
1521;14774
1509;14776
1510;14779
1513;14781
1511;14784
1500;14786
1501;14789
1510;14791
1519;14794
1516;14796
1511;14799
1512;14801
1509;14803
1506;14807
1495;14809
1488;14812
1488;14814
1489;14817
1493;14819
1491;14822
1516;14824
1558;14827
1575;14829
1553;14832
1529;14834
1539;14837
1545;14839
1533;14841
1503;14844
1483;14846
1482;14850
1483;14852
1489;14855
1502;14857
1522;14860
1563;14862
1587;14865
1571;14867
1528;14870
1493;14872
1488;14874
1498;14877
1511;14879
1514;14882
1516;14884
1531;14887
1539;14889
1524;14893
1511;14895
1497;14898
1471;14900
1456;14903
1465;14905
1482;14907
1518;14910
1545;14912
1540;14915
1510;14917
1488;14920
1476;14922
1478;14925
1501;14927
1524;14930
1539;14932
1526;14936
1513;14938
1510;14940
1514;14943
1515;14945
1511;14948
1520;14950
1522;14953
1503;14955
1500;14958
1507;14960
1512;14963
1499;14965
1482;14968
1469;14970
1469;14973
1486;14976
1508;14978
1517;14981
1492;14983
1464;14986
1466;14988
1491;14991
1485;14993
1467;14996
1469;14998
1504;15001
1534;15003
1530;15006
1517;15008
1524;15010
1549;15013
1559;15015
1540;15019
1503;15021
1476;15024
1481;15026
1489;15029
1474;15031
1450;15034
1453;15036
1458;15039
1455;15041
1454;15044
1469;15046
1487;15048
1489;15051
1479;15053
1472;15056
1468;15058
1459;15062
1458;15064
1468;15067
1469;15069
1461;15072
1460;15074
1483;15077
1549;15079
1593;15081
1570;15084
1524;15086
1522;15089
1543;15091
1535;15094
1516;15096
1509;15099
1518;15101
1503;15105
1476;15107
1463;15110
1467;15112
1499;15114
1524;15117
1524;15119
1498;15122
1483;15124
1469;15127
1450;15129
1434;15132
1438;15134
1455;15137
1480;15139
1502;15142
1527;15144
1520;15148
1513;15150
1496;15152
1478;15155
1481;15157
1504;15160
1528;15162
1517;15165
1502;15167
1508;15170
1518;15172
1516;15175
1513;15177
1497;15180
1478;15182
1467;15185
1478;15187
1489;15190
1478;15193
1456;15195
1453;15198
1485;15200
1521;15203
1530;15205
1501;15208
1461;15210
1444;15213
1442;15215
1463;15218
1488;15220
1509;15222
1507;15225
1492;15227
1476;15230
1477;15233
1491;15236
1497;15238
1479;15241
1465;15243
1473;15246
1506;15248
1537;15251
1534;15253
1530;15255
1503;15258
1479;15260
1469;15263
1484;15265
1506;15268
1528;15270
1561;15273
1576;15276
1541;15279
1486;15281
1468;15284
1474;15286
1478;15288
1470;15291
1460;15293
1465;15296
1459;15298
1449;15301
1462;15303
1487;15306
1491;15308
1486;15311
1473;15313
1454;15316
1476;15319
1524;15322
1552;15324
1557;15326
1579;15329
1605;15331
1599;15334
1572;15336
1532;15339
1542;15341
1562;15344
1551;15346
1526;15349
1503;15351
1485;15354
1488;15356
1512;15358
1518;15362
1484;15364
1445;15367
1458;15369
1517;15372
1553;15374
1534;15377
1492;15379
1487;15382
1501;15384
1527;15387
1564;15389
1597;15392
1589;15394
1539;15396
1479;15399
1452;15401
1449;15405
1452;15407
1447;15410
1453;15412
1472;15415
1473;15417
1484;15420
1514;15422
1530;15425
1521;15427
1501;15429
1487;15432
1493;15434
1491;15437
1469;15439
1455;15442
1476;15444
1517;15448
1532;15450
1498;15453
1471;15455
1478;15458
1494;15460
1510;15462
1504;15465
1473;15467
1441;15470
