1472;2
1487;4
1498;7
1501;9
1496;11
1493;13
1494;16
1482;18
1468;20
1470;23
1473;25
1470;27
1485;30
1494;32
1494;34
1487;37
1470;39
1462;41
1458;44
1466;47
1476;49
1479;51
1475;54
1466;56
1461;58
1454;61
1458;63
1464;65
1470;68
1474;70
1487;72
1496;75
1493;77
1487;79
1475;81
1466;84
1463;87
1460;89
1458;92
1466;94
1479;96
1494;99
1491;101
1483;103
1490;106
1497;108
1501;110
1490;113
1473;115
1463;117
1464;120
1468;122
1463;125
1457;128
1454;130
1456;133
1461;135
1460;137
1464;140
1475;142
1473;144
1470;147
1476;149
1482;152
1483;154
1482;156
1474;159
1476;161
1505;163
1531;166
1524;168
1496;171
1472;174
1461;176
1453;179
1455;181
1452;183
1454;186
1458;188
1470;190
1486;193
1495;195
1494;197
1482;200
1476;202
1471;205
1473;207
1468;209
1460;212
1461;215
1478;217
1500;220
1507;222
1495;224
1469;227
1462;229
1463;232
1467;234
1472;236
1466;239
1469;241
1492;243
1546;246
1575;248
1552;250
1500;253
1477;256
1462;259
1455;261
1450;263
1447;266
1447;268
1452;270
1451;273
1454;275
1471;277
1475;280
1475;282
1473;285
1469;287
1474;289
1476;292
1476;294
1467;296
1458;300
1472;302
1500;304
1510;307
1489;309
1474;312
1480;314
1485;316
1477;319
1461;321
1449;323
1450;326
1481;328
1505;330
1499;333
1470;335
1458;337
1454;340
1455;343
1463;346
1467;348
1473;350
1491;353
1497;355
1482;357
1463;360
1457;362
1459;364
1458;367
1460;369
1478;372
1493;374
1493;376
1488;379
1489;381
1492;384
1490;387
1495;389
1501;391
1507;394
1489;396
1476;399
1475;401
1483;403
1490;406
1477;408
1465;410
1468;413
1479;415
1494;417
1505;420
1508;422
1506;425
1503;428
1504;430
1500;433
1487;435
1475;437
1478;440
1509;442
1525;444
1514;447
1491;449
1484;452
1482;454
1480;456
1479;459
1472;461
1469;463
1468;466
1477;468
1487;471
1492;474
1500;476
1496;479
1494;481
1490;483
1493;486
1493;488
1489;490
1475;493
1465;495
1465;497
1468;500
1489;502
1504;505
1510;507
1504;509
1498;513
1501;515
1501;517
1508;520
1518;522
1534;524
1526;527
1503;529
1484;532
1480;534
1498;536
1540;539
1557;541
1540;543
1508;546
1482;548
1475;550
1468;553
1464;556
1455;559
1448;561
1451;563
1466;566
1480;568
1479;570
1467;573
1458;575
1460;577
1466;580
1487;582
1523;585
1539;587
1532;589
1513;592
1498;594
1483;596
1470;600
1466;602
1470;604
1501;607
1531;609
1549;612
1526;614
1501;616
1493;619
1522;621
1539;623
1535;626
1504;628
1483;630
1471;633
1461;635
1452;638
1439;641
1441;643
1441;646
1450;648
1466;650
1488;653
1485;655
1467;657
1456;660
1455;662
1455;665
1459;667
1477;669
1500;672
1508;674
1502;676
1500;679
1513;681
1525;684
1531;687
1510;689
1492;692
1476;694
1462;696
1459;699
1467;701
1486;703
1516;706
1560;708
1574;710
1562;713
1528;715
1514;718
1499;720
1494;722
1499;726
1518;728
1544;730
1578;733
1617;735
1605;737
1563;740
1555;742
1573;745
1585;747
1591;749
1581;752
1560;754
1525;756
1501;759
1477;761
1454;763
1441;766
1443;769
1446;772
1452;774
1454;776
1459;779
1454;781
1446;783
1435;786
1434;788
1452;790
1473;793
1488;795
1487;798
1499;800
1510;802
1508;805
1493;807
1480;809
1469;813
1456;815
1442;817
1448;820
1455;822
1458;825
1458;827
1456;829
1452;832
1451;834
1479;836
1496;839
1490;841
1464;843
1444;846
1441;848
1436;851
1430;854
1439;856
1452;859
1455;861
1449;863
1451;866
1449;868
1434;870
1419;873
1424;875
1443;878
1451;880
1445;882
1427;885
1420;887
1417;889
1414;892
1424;894
1427;897
1429;900
1425;902
1421;905
1418;907
1424;909
1444;912
1458;914
1446;916
1435;919
1434;921
1436;923
1443;926
1441;928
1441;931
1435;933
1427;935
1424;939
1431;941
1444;943
1451;946
1454;948
1455;950
1449;953
1429;955
1427;958
1443;960
1448;962
1436;965
1423;967
1418;969
1432;972
1455;974
1468;976
1470;979
1464;982
1448;985
1435;987
1424;989
1423;992
1443;994
1459;996
1453;999
1438;1001
1438;1003
1438;1006
1445;1008
1457;1011
1496;1013
1545;1016
1557;1018
1512;1020
1468;1024
1467;1026
1479;1029
1479;1031
1451;1033
1422;1036
1421;1038
1424;1041
1431;1043
1433;1045
1437;1048
1425;1050
1419;1053
1434;1055
1450;1058
1463;1060
1454;1062
1448;1065
1452;1068
1454;1071
1446;1073
1436;1075
1437;1078
1446;1080
1462;1083
1494;1085
1528;1087
1543;1090
1517;1092
1480;1095
1461;1097
1467;1100
1461;1102
1439;1104
1438;1107
1452;1110
1462;1113
1451;1115
1434;1117
1425;1120
1425;1122
1430;1125
1429;1127
1423;1130
1433;1132
1470;1134
1496;1137
1494;1139
1478;1142
1471;1144
1462;1146
1456;1149
1454;1152
1455;1155
1458;1157
1463;1159
1455;1162
1455;1164
1457;1167
1460;1169
1470;1172
1498;1174
1511;1176
1495;1179
1468;1181
1451;1184
1437;1186
1445;1188
1463;1191
1478;1193
1477;1197
1467;1199
1456;1201
1442;1204
1440;1206
1446;1209
1450;1211
1438;1214
1433;1216
1455;1218
1491;1221
1498;1223
1475;1226
1463;1228
1470;1230
1478;1233
1474;1235
1459;1239
1463;1241
1497;1243
1519;1246
1509;1248
1475;1251
1455;1253
1453;1256
1453;1258
1455;1260
1452;1263
1444;1265
1436;1268
1441;1270
1455;1272
1452;1275
1442;1277
1439;1281
1450;1283
1467;1285
1484;1288
1505;1290
1512;1293
1498;1295
1489;1298
1498;1300
1519;1302
1513;1305
1504;1307
1493;1310
1490;1312
1487;1314
1497;1317
1508;1319
1503;1323
1494;1325
1491;1327
1485;1330
1476;1332
1463;1335
1457;1337
1466;1340
1474;1342
1474;1344
1469;1347
1474;1349
1483;1352
1488;1354
1482;1356
1470;1359
1468;1361
1496;1364
1521;1367
1537;1370
1543;1372
1555;1374
1571;1377
1569;1379
1531;1382
1502;1384
1482;1386
1478;1389
1487;1391
1495;1394
1490;1396
1484;1398
1489;1401
1502;1403
1507;1406
1502;1409
1491;1412
1476;1414
1476;1416
1491;1419
1501;1421
1492;1424
1499;1426
1512;1428
1524;1431
1526;1433
1526;1436
1513;1438
1503;1440
1494;1443
1487;1445
1487;1448
1490;1451
1497;1454
1507;1456
1518;1458
1529;1461
1521;1463
1513;1466
1499;1468
1502;1470
1529;1473
1547;1475
1534;1478
1491;1480
1463;1482
1451;1485
1454;1487
1451;1490
1449;1492
1451;1496
1455;1498
1453;1500
1444;1503
1443;1505
1457;1508
1491;1510
1525;1512
1532;1515
1523;1517
1506;1520
1498;1522
1491;1524
1491;1527
1487;1529
1481;1532
1473;1534
1482;1538
1494;1540
1492;1542
1476;1545
1459;1547
1467;1550
1489;1552
1502;1554
1495;1557
1477;1559
1470;1562
1475;1564
1491;1567
1501;1569
1496;1571
1480;1574
1488;1576
1495;1580
1486;1582
1475;1584
1475;1587
1492;1589
1510;1592
1508;1594
1492;1596
1486;1599
1494;1601
1502;1604
1505;1606
1501;1609
1492;1611
1491;1613
1495;1616
1502;1618
1517;1622
1527;1624
1522;1626
1503;1629
1480;1631
1471;1634
1473;1636
1479;1638
1478;1641
1474;1643
1472;1646
1469;1648
1456;1651
1449;1653
1450;1655
1460;1658
1505;1660
1544;1664
1540;1666
1498;1668
1476;1671
1484;1673
1495;1676
1489;1678
1471;1680
1465;1683
1475;1685
1493;1688
1509;1690
1507;1693
1499;1695
1493;1697
1494;1700
1485;1702
1468;1705
1461;1708
1461;1710
1474;1713
1495;1715
1509;1718
1501;1720
1495;1722
1490;1725
1484;1727
1482;1730
1482;1732
1482;1735
1497;1737
1532;1739
1541;1742
1522;1744
1493;1747
1491;1750
1488;1752
1483;1755
1473;1757
1470;1760
1482;1762
1503;1765
1516;1767
1514;1769
1507;1772
1509;1774
1508;1777
1524;1779
1547;1781
1553;1784
1530;1786
1493;1789
1480;1792
1487;1794
1497;1797
1493;1799
1486;1802
1504;1804
1521;1807
1522;1809
1509;1811
1497;1814
1485;1816
1496;1819
1523;1821
1538;1823
1547;1826
1539;1828
1524;1831
1516;1833
1507;1836
1500;1839
1490;1841
1484;1844
1477;1846
1472;1849
1470;1851
1470;1853
1477;1856
1491;1858
1495;1861
1489;1863
1487;1865
1486;1868
1480;1870
1468;1873
1467;1875
1475;1878
1500;1881
1517;1883
1513;1886
1503;1888
1495;1891
1486;1893
1482;1895
1486;1898
1496;1900
1495;1903
1481;1905
1477;1907
1468;1910
1463;1912
1472;1915
1479;1917
1467;1920
1454;1923
1449;1925
1450;1928
1456;1930
1466;1933
1468;1935
1463;1937
1478;1940
1492;1942
1492;1945
1499;1947
1501;1949
1485;1952
1459;1954
1455;1957
1468;1959
1486;1963
1482;1965
1463;1967
1456;1970
1462;1972
1468;1975
1472;1977
1475;1979
1465;1982
1451;1984
1446;1987
1447;1989
1439;1991
1438;1994
1449;1996
1461;1999
1464;2001
1449;2004
1433;2007
1442;2009
1459;2012
1480;2014
1488;2017
1490;2019
1489;2021
1492;2024
1502;2026
1512;2029
1525;2031
1517;2033
1502;2036
1480;2038
1466;2041
1466;2043
1473;2046
1484;2049
1489;2051
1475;2054
1452;2056
1451;2059
1449;2061
1440;2063
1435;2066
1432;2068
1427;2071
1432;2073
1452;2075
1478;2078
1493;2080
1493;2083
1488;2085
1497;2088
1521;2091
1530;2093
1518;2096
1498;2098
1495;2101
1490;2103
1483;2105
1471;2108
1462;2110
1447;2113
1440;2115
1447;2117
1452;2120
1454;2122
1461;2125
1466;2127
1468;2130
1483;2132
1489;2135
1492;2138
1494;2140
1499;2143
1502;2145
1487;2147
1470;2150
1459;2152
1468;2155
1493;2157
1508;2159
1519;2162
1547;2164
1573;2167
1563;2169
1523;2172
1488;2174
1477;2177
1478;2180
1486;2182
1492;2185
1489;2187
1476;2189
1465;2192
1456;2194
1447;2197
1445;2199
1446;2202
1450;2204
1456;2206
1458;2209
1455;2211
1460;2214
1459;2216
1467;2219
1476;2222
1522;2224
1584;2227
1615;2229
1592;2231
1551;2234
1520;2236
1483;2239
1465;2241
1462;2244
1455;2246
1460;2248
1471;2251
1479;2253
1475;2256
1461;2258
1452;2260
1454;2264
1458;2266
1462;2269
1463;2271
1459;2273
1457;2276
1459;2278
1463;2281
1461;2283
1456;2286
1462;2288
1479;2290
1516;2293
1537;2295
1533;2298
1503;2300
1484;2302
1480;2306
1479;2308
1476;2311
1473;2313
1471;2315
1462;2318
1449;2320
1442;2323
1442;2325
1445;2328
1470;2330
1506;2332
1521;2335
1510;2337
1484;2340
1469;2342
1452;2344
1439;2348
1439;2350
1450;2353
1464;2355
1480;2357
1499;2360
1502;2362
1492;2365
1479;2367
1482;2370
1488;2372
1499;2374
1509;2377
1516;2379
1494;2382
1469;2384
1466;2386
1461;2390
1451;2392
1451;2395
1468;2397
1482;2400
1490;2402
1481;2404
1460;2407
1450;2409
1447;2412
1450;2414
1463;2416
1482;2419
1494;2421
1489;2424
1493;2426
1511;2428
1528;2432
1522;2434
1498;2437
1462;2439
1454;2442
1469;2444
1479;2446
1469;2449
1458;2451
1456;2454
1461;2456
1455;2458
1448;2461
1446;2463
1462;2466
1478;2468
1477;2470
1463;2473
1458;2476
1463;2479
1481;2481
1494;2484
1487;2486
1464;2488
1460;2491
1484;2493
1504;2496
1513;2498
1512;2500
1499;2503
1465;2505
1470;2508
1501;2510
1513;2512
1509;2515
1481;2518
1459;2521
1446;2523
1443;2526
1455;2528
1471;2530
1481;2533
1476;2535
1465;2538
1457;2540
1460;2542
1465;2545
1471;2547
1465;2550
1457;2552
1455;2554
1455;2557
1462;2560
1471;2563
1480;2565
1496;2568
1504;2570
1504;2572
1491;2575
1483;2577
1481;2580
1477;2582
1480;2584
1495;2587
1510;2589
1502;2592
1477;2594
1461;2597
1453;2599
1470;2601
1490;2605
1495;2607
1479;2610
1464;2612
1459;2614
1457;2617
1449;2619
1438;2622
1434;2624
1438;2626
1445;2629
1451;2631
1455;2634
1461;2636
1473;2639
1503;2641
1529;2643
1530;2647
1515;2649
1505;2652
1515;2654
1519;2656
1511;2659
1497;2661
1478;2664
1481;2666
1483;2668
1480;2671
1470;2673
1459;2676
1459;2678
1467;2681
1476;2683
1474;2685
1471;2689
1460;2691
1447;2694
1444;2696
1441;2698
1450;2701
1467;2703
1480;2706
1488;2708
1492;2710
1489;2713
1482;2715
1485;2718
1485;2720
1491;2723
1515;2725
1527;2727
1524;2731
1514;2733
1511;2736
1514;2738
1513;2740
1507;2743
1502;2745
1497;2748
1492;2750
1496;2752
1487;2755
1476;2757
1477;2760
1479;2762
1466;2765
1439;2767
1435;2769
1444;2772
1446;2775
1445;2778
1458;2780
1474;2782
1487;2785
1495;2787
1495;2790
1492;2792
1494;2794
1503;2797
1507;2799
1522;2802
1533;2804
1539;2807
1537;2809
1522;2811
1502;2814
1480;2817
1474;2820
1478;2822
1488;2824
1489;2827
1476;2829
1456;2832
1449;2834
1451;2837
1460;2839
1475;2841
1481;2844
1465;2846
1451;2849
1450;2851
1465;2853
1477;2856
1489;2859
1501;2862
1507;2864
1490;2866
1478;2869
1489;2871
1508;2874
1513;2876
1509;2879
1507;2881
1516;2883
1515;2886
1515;2888
1504;2891
1492;2893
1482;2895
1476;2898
1474;2900
1460;2904
1443;2906
1435;2908
1436;2911
1436;2913
1442;2916
1460;2918
1474;2921
1479;2923
1476;2925
1461;2928
1442;2930
1438;2933
1448;2935
1456;2937
1473;2940
1495;2942
1500;2946
1518;2948
1541;2950
1544;2953
1517;2955
1490;2958
1476;2960
1472;2963
1463;2965
1460;2967
1468;2970
1471;2972
1463;2975
1456;2977
1457;2979
1469;2982
1473;2984
1478;2988
1479;2990
1484;2992
1497;2995
1516;2997
1514;3000
1496;3002
1480;3005
1482;3007
1490;3009
1489;3012
1480;3014
1470;3017
1460;3019
1454;3021
1462;3024
1465;3026
1464;3030
1480;3032
1494;3035
1501;3037
1494;3039
1476;3042
1472;3044
1476;3047
1497;3049
1509;3051
1497;3054
1477;3056
1481;3059
1491;3061
1488;3063
1480;3066
1480;3068
1479;3072
1481;3074
1496;3077
1498;3079
1489;3081
1477;3084
1472;3086
1472;3089
1474;3091
1476;3093
1490;3096
1510;3098
1509;3101
1494;3103
1483;3105
1489;3108
1491;3110
1484;3113
1477;3116
1498;3119
1529;3121
1526;3123
1486;3126
1463;3128
1468;3131
1490;3133
1505;3135
1503;3138
1484;3140
1469;3143
1465;3145
1466;3147
1465;3150
1460;3152
1449;3155
1452;3158
1465;3161
1472;3163
1469;3165
1471;3168
1473;3170
1482;3173
1485;3175
1490;3177
1499;3180
1510;3182
1507;3185
1509;3187
1518;3190
1535;3192
1525;3194
1496;3197
1485;3200
1482;3203
1480;3205
1483;3207
1495;3210
1501;3212
1505;3215
1502;3217
1502;3219
1498;3222
1492;3224
1484;3227
1492;3229
1498;3232
1487;3234
1465;3236
1461;3239
1460;3241
1447;3245
1444;3247
1457;3249
1475;3252
1466;3254
1457;3257
1467;3259
1492;3261
1511;3264
1525;3266
1534;3269
1540;3271
1542;3274
1530;3276
1513;3278
1498;3281
1498;3283
1497;3287
1487;3289
1477;3291
1463;3294
1452;3296
1455;3299
1470;3301
1479;3303
1477;3306
1468;3308
1466;3311
1468;3313
1466;3316
1476;3318
1493;3320
1501;3323
1493;3325
1482;3329
1477;3331
1472;3333
1456;3336
1447;3338
1451;3341
1463;3343
1473;3345
1480;3348
1477;3350
1483;3353
1488;3355
1481;3358
1470;3360
1466;3362
1468;3365
1465;3367
1452;3371
1444;3373
1446;3375
1457;3378
1461;3380
1454;3383
1447;3385
1440;3388
1445;3390
1451;3392
1452;3395
1454;3397
1481;3400
1505;3402
1508;3404
1501;3407
1508;3409
1518;3412
1516;3415
1511;3417
1494;3420
1479;3422
1461;3425
1446;3427
1439;3430
1439;3432
1440;3434
1439;3437
1441;3439
1449;3442
1450;3444
1448;3446
1452;3449
1459;3451
1461;3454
1457;3457
1463;3459
1471;3462
1469;3464
1474;3467
1494;3469
1511;3472
1509;3474
1492;3476
1495;3479
1502;3481
1500;3484
1493;3486
1477;3488
1466;3491
1455;3493
1456;3496
1465;3499
1475;3501
1487;3504
1502;3506
1513;3509
1501;3511
1483;3514
1473;3516
1466;3518
1466;3521
1465;3523
1463;3526
1466;3528
1466;3530
1457;3533
1457;3535
1458;3538
1465;3540
1482;3543
1499;3546
1512;3548
1540;3551
1560;3553
1554;3556
1529;3558
1530;3560
1533;3563
1541;3565
1549;3568
1559;3570
1562;3572
1544;3575
1516;3577
1486;3580
1473;3582
1467;3586
1464;3588
1464;3590
1463;3593
1461;3595
1462;3598
1459;3600
1472;3602
1495;3605
1511;3607
1510;3610
1509;3612
1509;3614
1505;3617
1494;3619
1481;3622
1484;3624
1498;3628
1506;3630
1509;3632
1500;3635
1494;3637
1511;3640
1525;3642
1532;3644
1518;3647
1505;3649
1491;3652
1474;3654
1479;3656
1497;3659
1504;3661
1492;3664
1481;3666
1470;3670
1467;3672
1464;3674
1463;3677
1462;3679
1461;3682
1468;3684
1481;3686
1491;3689
1490;3691
1476;3694
1464;3696
1467;3698
1475;3701
1472;3703
1479;3706
1502;3708
1528;3712
1529;3714
1527;3716
1529;3719
1518;3721
1497;3724
1478;3726
1468;3728
1466;3731
1465;3733
1460;3736
1457;3738
1460;3740
1455;3743
1446;3745
1447;3748
1457;3750
1464;3753
1461;3756
1454;3758
1459;3761
1473;3763
1487;3766
1494;3768
1492;3770
1482;3773
1480;3775
1488;3778
1503;3780
1501;3783
1505;3785
1513;3787
1514;3790
1496;3792
1478;3795
1477;3798
1480;3800
1492;3803
1494;3805
1495;3808
1488;3810
1475;3812
1467;3815
1464;3817
1458;3820
1452;3822
1453;3825
1473;3827
1491;3829
1488;3832
1476;3834
1469;3837
1464;3840
1462;3842
1469;3845
1496;3847
1529;3850
1535;3852
1518;3854
1503;3857
1506;3859
1500;3862
1489;3864
1482;3867
1480;3869
1487;3871
1492;3874
1493;3876
1491;3879
1492;3881
1485;3884
1470;3887
1458;3889
1453;3892
1452;3894
1450;3896
1452;3899
1458;3901
1460;3904
1455;3906
1454;3909
1458;3911
1471;3913
1490;3916
1498;3918
1492;3921
1496;3923
1513;3926
1520;3929
1510;3931
1492;3934
1482;3936
1478;3938
1493;3941
1510;3943
1531;3946
1540;3948
1526;3951
1501;3953
1475;3955
1465;3958
1470;3960
1486;3963
1487;3965
1476;3968
1456;3971
1443;3973
1444;3976
1444;3978
1442;3981
1441;3983
1431;3985
1423;3988
1434;3990
1441;3993
1445;3995
1457;3997
1477;4000
1492;4002
1490;4005
1483;4007
1485;4009
1497;4013
1513;4015
1521;4018
1512;4020
1492;4023
1491;4025
1494;4027
1497;4030
1483;4032
1465;4035
1456;4037
1447;4039
1433;4042
1425;4044
1429;4047
1431;4049
1431;4051
1434;4055
1441;4057
1451;4060
1455;4062
1451;4065
1448;4067
1454;4069
1467;4072
1477;4074
1480;4077
1489;4079
1498;4081
1502;4084
1506;4086
1515;4089
1515;4091
1510;4093
1497;4097
1482;4099
1468;4102
1459;4104
1458;4107
1459;4109
1460;4111
1461;4114
1464;4116
1466;4119
1463;4121
1474;4123
1487;4126
1487;4128
1468;4131
1447;4133
1439;4135
1444;4139
1453;4141
1460;4144
1470;4146
1483;4149
1495;4151
1501;4153
1497;4156
1493;4158
1495;4161
1492;4163
1487;4165
1482;4168
1480;4170
1476;4173
1474;4175
1484;4177
1492;4180
1493;4183
1490;4186
1478;4188
1465;4191
1458;4193
1454;4195
1476;4198
1498;4200
1505;4203
1499;4205
1497;4207
1497;4210
1495;4212
1486;4215
1475;4217
1474;4220
1477;4222
1477;4225
1476;4228
1471;4230
1469;4233
1466;4235
1468;4237
1470;4240
1466;4242
1465;4245
1463;4247
1465;4249
1476;4252
1502;4254
1516;4257
1508;4259
1494;4262
1481;4264
1484;4267
1493;4270
1503;4272
1504;4275
1500;4277
1491;4279
1487;4282
1483;4284
1484;4287
1487;4289
1487;4291
1481;4294
1471;4296
1465;4299
1459;4301
1453;4304
1453;4306
1453;4308
1455;4312
1459;4314
1467;4317
1474;4319
1480;4321
1482;4324
1479;4326
1472;4329
1466;4331
1461;4333
1467;4336
1482;4338
1490;4341
1494;4343
1497;4346
1505;4348
1494;4350
1485;4354
1485;4356
1484;4359
1486;4361
1491;4363
1491;4366
1489;4368
1483;4371
1475;4373
1458;4375
1448;4378
1448;4380
1466;4383
1495;4385
1505;4388
1494;4390
1479;4392
1478;4396
1476;4398
1475;4401
1481;4403
1488;4405
1494;4408
1490;4410
1480;4413
1480;4415
1488;4418
1494;4420
1484;4422
1475;4425
1471;4427
1471;4430
1482;4432
1492;4434
1490;4438
1472;4440
1470;4443
1486;4445
1509;4447
1510;4450
1492;4452
1480;4455
1466;4457
1465;4460
1479;4462
1493;4464
1506;4467
1511;4469
1508;4472
1495;4474
1484;4476
1478;4480
1480;4482
1481;4485
1479;4487
1475;4489
1476;4492
1485;4494
1500;4497
1509;4499
1498;4502
1490;4504
1490;4506
1483;4509
1474;4511
1470;4514
1469;4516
1476;4518
1493;4521
1500;4524
1496;4527
1482;4529
1470;4531
1466;4534
1469;4536
1480;4539
1497;4541
1508;4544
1521;4546
1535;4548
1525;4551
1530;4553
1539;4556
1543;4558
1531;4560
1508;4563
1493;4566
1484;4569
1483;4571
1479;4573
1468;4576
1459;4578
1461;4581
1467;4583
1466;4586
1463;4588
1458;4590
1454;4593
1452;4595
1468;4598
1484;4600
1499;4602
1505;4605
1498;4608
1488;4611
1477;4613
1476;4616
1488;4618
1501;4620
1512;4623
1515;4625
1504;4628
1488;4630
1479;4632
1487;4635
1493;4637
1485;4640
1471;4642
1466;4644
1476;4647
1492;4649
1496;4653
1477;4655
1452;4658
1445;4660
1446;4662
1449;4665
1453;4667
1456;4670
1459;4672
1457;4674
1456;4677
1453;4679
1456;4682
1461;4684
1471;4686
1504;4689
1540;4691
1548;4695
1532;4697
1505;4700
1498;4702
1504;4704
1506;4707
1508;4709
1506;4712
1497;4714
1480;4716
1472;4719
1470;4721
1470;4724
1465;4726
1459;4728
1452;4731
1448;4733
1446;4737
1442;4739
1441;4742
1448;4744
1455;4746
1455;4749
1452;4751
1452;4754
1457;4756
1461;4758
1464;4761
1472;4763
1474;4766
1489;4768
1502;4770
1505;4773
1487;4775
1477;4779
1485;4781
1495;4784
1498;4786
1489;4788
1479;4791
1474;4793
1468;4796
1474;4798
1483;4800
1490;4803
1487;4805
1490;4808
1484;4810
1466;4813
1454;4815
1452;4817
1455;4820
1461;4823
1459;4826
1452;4828
1451;4830
1460;4833
1480;4835
1498;4838
1503;4840
1490;4842
1486;4845
1488;4847
1500;4850
1529;4852
1539;4855
1525;4857
1511;4859
1498;4862
1489;4865
1479;4868
1476;4870
1476;4872
1484;4875
1485;4877
1476;4880
1476;4882
1491;4884
1497;4887
1487;4889
1472;4892
1467;4894
1476;4897
1487;4899
1481;4901
1459;4904
1451;4907
1471;4910
1515;4912
1534;4914
1518;4917
1502;4919
1498;4922
1499;4924
1507;4926
1511;4929
1505;4931
1491;4934
1476;4936
1477;4939
1485;4941
1489;4943
1487;4946
1483;4948
1485;4952
1483;4954
1479;4956
1475;4959
1472;4961
1468;4964
1460;4966
1451;4968
1453;4971
1462;4973
1471;4976
1473;4978
1479;4981
1495;4983
1516;4985
1516;4988
1492;4990
1464;4994
1472;4996
1491;4998
1505;5001
1500;5003
1496;5006
1507;5008
1519;5010
1520;5013
1505;5015
1481;5018
1472;5020
1467;5023
1462;5025
1458;5027
1460;5030
1469;5032
1480;5036
1480;5038
1467;5040
1453;5043
1447;5045
1447;5048
1450;5050
1466;5052
1482;5055
1486;5057
1479;5060
1472;5062
1476;5065
1491;5067
1507;5069
1518;5072
1512;5074
1491;5078
1466;5080
1451;5082
1449;5085
1449;5087
1449;5090
1450;5092
1451;5094
1452;5097
1451;5099
1451;5102
1451;5104
1454;5107
1459;5109
1457;5111
1454;5114
1449;5116
1455;5120
1478;5122
1495;5124
1492;5127
1472;5129
1468;5132
1471;5134
1489;5136
1515;5139
1529;5141
1514;5144
1495;5146
1484;5149
1486;5151
1489;5153
1484;5156
1468;5158
1463;5161
1469;5164
1474;5166
1473;5169
1467;5171
1454;5174
1443;5176
1446;5179
1448;5181
1452;5183
1456;5186
1465;5188
1474;5191
1482;5193
1481;5195
1480;5198
1480;5200
1481;5203
1485;5206
1487;5208
1492;5211
1498;5213
1505;5216
1502;5218
1491;5221
1478;5223
1476;5225
1473;5228
1467;5230
1462;5233
1461;5235
1460;5237
1460;5240
1459;5242
1457;5245
1455;5248
1456;5250
1468;5253
1496;5255
1516;5258
1509;5260
1493;5263
1492;5265
1497;5267
1502;5270
1499;5272
1496;5275
1502;5277
1503;5279
1495;5282
1486;5284
1481;5287
1478;5289
1471;5292
1469;5295
1471;5297
1475;5300
1470;5302
1467;5305
1467;5307
1471;5309
1480;5312
1489;5314
1492;5317
1495;5319
1500;5321
1495;5324
1483;5326
1474;5329
1469;5331
1465;5334
1464;5337
1462;5339
1462;5342
1460;5344
1461;5347
1475;5349
1492;5351
1499;5354
1499;5356
1498;5359
1498;5361
1492;5363
1488;5366
1489;5368
1492;5371
1492;5373
1488;5377
1477;5379
1474;5381
1474;5384
1477;5386
1478;5389
1479;5391
1478;5393
1478;5396
1477;5398
1476;5401
1475;5403
1472;5405
1469;5408
1470;5410
1469;5413
1465;5415
1455;5419
1453;5421
1476;5423
1501;5426
1514;5428
1519;5431
1522;5433
1518;5435
1503;5438
1493;5440
1497;5443
1506;5445
1504;5447
1492;5450
1478;5452
1478;5455
1476;5457
1472;5460
1473;5463
1482;5465
1487;5468
1483;5470
1479;5473
1473;5475
1471;5477
1469;5480
1464;5482
1465;5485
1473;5487
1476;5489
1474;5492
1472;5494
1470;5497
1476;5499
1486;5502
1490;5505
1486;5507
1493;5510
1505;5512
1515;5515
1511;5517
1499;5519
1492;5522
1489;5524
1491;5527
1496;5529
1498;5531
1493;5534
1487;5536
1490;5539
1492;5541
1487;5544
1480;5547
1471;5549
1467;5552
1467;5554
1468;5557
1468;5559
1470;5561
1472;5564
1470;5566
1468;5569
1468;5571
1467;5573
1468;5576
1469;5578
1486;5581
1502;5583
1516;5586
1510;5588
1519;5591
1521;5594
1516;5596
1500;5599
1483;5601
1475;5603
1471;5606
1468;5608
1467;5611
1467;5613
1469;5616
1473;5618
1473;5620
1469;5623
1461;5625
1457;5628
1466;5630
1475;5633
1477;5636
1474;5638
1474;5641
1471;5643
1471;5645
1470;5648
1473;5650
1492;5653
1516;5655
1532;5658
1522;5660
1496;5662
1485;5665
1489;5667
1496;5670
1505;5672
1515;5675
1518;5678
1508;5680
1497;5683
1488;5685
1481;5687
1476;5690
1478;5692
1491;5695
1501;5697
1500;5700
1482;5702
1468;5704
1463;5707
1462;5709
1462;5712
1459;5714
1463;5716
1475;5720
1484;5722
1484;5725
1479;5727
1486;5729
1495;5732
1492;5734
1478;5737
1473;5739
1480;5742
1486;5744
1489;5746
1493;5749
1499;5751
1495;5754
1484;5756
1472;5758
1464;5762
1463;5764
1464;5767
1461;5769
1456;5772
1452;5774
1451;5776
1453;5779
1451;5781
1453;5784
1466;5786
1475;5788
1469;5791
1467;5793
1479;5796
1490;5798
1506;5800
1509;5804
1498;5806
1488;5809
1480;5811
1477;5814
1474;5816
1479;5818
1489;5821
1492;5823
1489;5826
1488;5828
1499;5830
1509;5833
1507;5835
1488;5838
1464;5840
1449;5842
1445;5846
1446;5848
1456;5851
1467;5853
1473;5856
1473;5858
1470;5860
1461;5863
1459;5865
1466;5868
1472;5870
1474;5872
1477;5875
1480;5877
1494;5880
1513;5882
1519;5884
1511;5888
1498;5890
1488;5893
1482;5895
1479;5898
1480;5900
1478;5902
1472;5905
1466;5907
1459;5910
1457;5912
1459;5914
1467;5917
1477;5919
1482;5922
1477;5924
1473;5926
1472;5929
1476;5932
1479;5935
1481;5937
1481;5940
1485;5942
1492;5944
1496;5947
1503;5949
1524;5952
1542;5954
1535;5956
1510;5959
1497;5961
1489;5964
1485;5966
1494;5968
1504;5971
1503;5974
1493;5977
1481;5979
1480;5982
1474;5984
1469;5986
1473;5989
1488;5991
1504;5994
1511;5996
1509;5998
1505;6001
1500;6003
1487;6006
1480;6008
1477;6010
1477;6013
1479;6016
1481;6019
1482;6021
1482;6024
1484;6026
1484;6028
1492;6031
1501;6033
1505;6036
1498;6038
1489;6040
1487;6043
1496;6045
1504;6048
1502;6050
1494;6053
1489;6055
1502;6057
1506;6061
1500;6063
1493;6066
1495;6068
1499;6070
1497;6073
1489;6075
1478;6078
1475;6080
1478;6082
1477;6085
1472;6087
1474;6090
1481;6092
1486;6095
1478;6097
1475;6099
1471;6103
1473;6105
1482;6108
1485;6110
1486;6112
1492;6115
1492;6117
1487;6120
1481;6122
1482;6124
1490;6127
1494;6129
1493;6132
1496;6134
1503;6137
1501;6139
1486;6141
1476;6145
1476;6147
1479;6150
1483;6152
1483;6154
1480;6157
1470;6159
1465;6162
1458;6164
1458;6166
1459;6169
1460;6171
1466;6174
1475;6176
1479;6179
1481;6181
1483;6183
1494;6187
1504;6189
1506;6192
1500;6194
1502;6196
1507;6199
1511;6201
1511;6204
1498;6206
1486;6208
1484;6211
1484;6213
1481;6216
1484;6218
1496;6221
1503;6223
1506;6225
1495;6228
1487;6231
1480;6234
1474;6236
1472;6238
1473;6241
1481;6243
1485;6246
1484;6248
1482;6251
1484;6253
1492;6255
1496;6258
1497;6260
1489;6263
1483;6265
1476;6267
1473;6270
1475;6273
1478;6276
1483;6278
1493;6280
1504;6283
1527;6285
1541;6288
1538;6290
1513;6293
1503;6295
1506;6297
1508;6300
1514;6302
1504;6305
1491;6307
1484;6309
1486;6312
1487;6315
1486;6318
1478;6320
1472;6322
1467;6325
1460;6327
1455;6330
1453;6332
1456;6335
1469;6337
1481;6339
1485;6342
1491;6344
1498;6347
1500;6349
1511;6351
1524;6354
1536;6356
1537;6360
1524;6362
1507;6364
1496;6367
1480;6369
1461;6372
1451;6374
1445;6377
1444;6379
1451;6381
1460;6384
1475;6386
1489;6389
1494;6391
1491;6393
1489;6396
1490;6398
1492;6402
1499;6404
1503;6407
1497;6409
1486;6411
1483;6414
1481;6416
1485;6419
1494;6421
1502;6423
1504;6426
1501;6428
1491;6431
1470;6433
1472;6435
1494;6438
1503;6440
1494;6444
1500;6446
1514;6449
1526;6451
1536;6453
1529;6456
1515;6458
1497;6461
1486;6463
1479;6465
1485;6468
1490;6470
1494;6473
1490;6475
1484;6477
1482;6480
1480;6482
1478;6486
1475;6488
1473;6491
1477;6493
1472;6495
1460;6498
1456;6500
1470;6503
1488;6505
1499;6507
1515;6510
1542;6512
1553;6515
1539;6517
1510;6519
1505;6522
1507;6524
1508;6528
1502;6530
1489;6533
1472;6535
1461;6537
1464;6540
1474;6542
1478;6545
1467;6547
1456;6549
1442;6552
1441;6554
1449;6557
1462;6559
1470;6561
1467;6564
1469;6566
1477;6569
1477;6572
1473;6575
1474;6577
1485;6579
1504;6582
1518;6584
1503;6587
1480;6589
1471;6591
1478;6594
1483;6596
1481;6599
1473;6601
1468;6603
1455;6606
1441;6608
1439;6611
1443;6614
1444;6617
1445;6619
1458;6621
1464;6624
1461;6626
1454;6629
1455;6631
1458;6633
1449;6636
1445;6638
1457;6641
1483;6643
1496;6645
1493;6648
1483;6650
1478;6653
1477;6656
1473;6659
1473;6661
1474;6663
1469;6666
1460;6668
1463;6671
1472;6673
1478;6675
1482;6678
1485;6680
1483;6683
1478;6685
1464;6688
1451;6690
1444;6692
1445;6695
1453;6697
1480;6701
1517;6703
1536;6705
1518;6708
1487;6710
1484;6713
1493;6715
1495;6717
1484;6720
1469;6722
1464;6725
1460;6727
1460;6730
1475;6732
1482;6734
1483;6737
1471;6739
1461;6743
1459;6745
1461;6747
1472;6750
1490;6752
1506;6755
1510;6757
1499;6759
1493;6762
1492;6764
1495;6767
1499;6769
1488;6772
1476;6774
1468;6776
1464;6779
1460;6781
1459;6785
1460;6787
1466;6789
1472;6792
1473;6794
1473;6797
1475;6799
1480;6801
1492;6804
1488;6806
1472;6809
1460;6811
1454;6814
1446;6816
1447;6818
1456;6821
1454;6823
1458;6827
1468;6829
1492;6831
1512;6834
1515;6836
1499;6839
1486;6841
1492;6844
1493;6846
1488;6848
1489;6851
1493;6853
1492;6856
1482;6858
1461;6860
1449;6863
1448;6865
1451;6868
1454;6871
1460;6873
1463;6876
1467;6878
1471;6881
1477;6883
1475;6886
1485;6888
1482;6890
1474;6893
1469;6895
1474;6898
1480;6900
1482;6902
1481;6905
1473;6907
1468;6910
1470;6913
1476;6915
1473;6918
1473;6920
1497;6923
1519;6925
1520;6928
1499;6930
1473;6932
1458;6935
1454;6937
1463;6940
1474;6942
1480;6944
1475;6947
1471;6949
1473;6952
1480;6955
1485;6957
1480;6960
1472;6962
1462;6965
1460;6967
1461;6970
1476;6972
1488;6974
1494;6977
1492;6979
1477;6982
1467;6984
1467;6986
1473;6989
1476;6991
1465;6994
1459;6996
1452;6999
1445;7002
1444;7004
1459;7007
1479;7009
1503;7012
1532;7014
1545;7016
1530;7019
1511;7021
1494;7024
1482;7026
1478;7028
1475;7031
1467;7033
1464;7036
1470;7038
1473;7042
1467;7044
1457;7046
1449;7049
1448;7051
1447;7054
1450;7056
1453;7058
1456;7061
1459;7063
1463;7066
1475;7068
1486;7070
1489;7073
1493;7075
1509;7078
1522;7080
1515;7084
1488;7086
1473;7088
1479;7091
1482;7093
1482;7096
1483;7098
1483;7100
1477;7103
1469;7105
1464;7108
1460;7110
1457;7112
1456;7115
1455;7117
1454;7120
1454;7122
1454;7126
1454;7128
1455;7130
1458;7133
1466;7135
1463;7138
1461;7140
1472;7142
1486;7145
1494;7147
1495;7150
1492;7152
1504;7154
1528;7157
1528;7159
1524;7162
1518;7164
1513;7168
1502;7170
1489;7172
1482;7175
1481;7177
1477;7180
1474;7182
1478;7184
1476;7187
1467;7189
1455;7192
1453;7194
1456;7197
1461;7199
1459;7201
1453;7204
1448;7206
1447;7209
1453;7212
1459;7214
1475;7217
1502;7219
1524;7222
1516;7224
1491;7226
1474;7229
1474;7231
1481;7234
1484;7236
1485;7239
1492;7241
1491;7243
1485;7246
1484;7248
1488;7251
1489;7254
1484;7256
1475;7259
1465;7261
1455;7264
1461;7266
1472;7268
1472;7271
1460;7273
1452;7276
1449;7278
1437;7281
1433;7283
1441;7285
1457;7288
1479;7290
1498;7293
1499;7296
1492;7298
1482;7301
1478;7303
1483;7306
1501;7308
1515;7310
1516;7313
1507;7315
1498;7318
1489;7320
1491;7323
1487;7325
1478;7327
1472;7330
1462;7332
1457;7335
1465;7337
1466;7340
1460;7343
1457;7345
1469;7348
1483;7350
1490;7352
1488;7355
1482;7357
1472;7360
1468;7362
1470;7365
1473;7367
1477;7369
1491;7372
1515;7374
1518;7377
1508;7379
1502;7382
1505;7385
1506;7387
1497;7390
1494;7392
1491;7394
1488;7397
1502;7399
1522;7402
1524;7404
1507;7407
1487;7409
1483;7411
1490;7414
1502;7416
1511;7419
1505;7421
1494;7424
1480;7427
1485;7429
1502;7432
1520;7434
1522;7437
1539;7439
1558;7441
1552;7444
1538;7446
1527;7449
1530;7451
1534;7453
1529;7456
1515;7458
1506;7461
1509;7463
1506;7465
1495;7469
1481;7471
1474;7474
1475;7476
1472;7479
1469;7481
1461;7483
1453;7486
1444;7488
1448;7491
1470;7493
1497;7495
1529;7498
1543;7500
1523;7503
1511;7505
1511;7507
1514;7511
1499;7513
1480;7516
1474;7518
1472;7521
1473;7523
1476;7525
1480;7528
1485;7530
1490;7533
1485;7535
1483;7537
1480;7540
1486;7542
1493;7545
1494;7547
1483;7549
1477;7553
1482;7555
1504;7558
1527;7560
1523;7563
1493;7565
1468;7567
1463;7570
1469;7572
1472;7575
1471;7577
1473;7579
1472;7582
1462;7584
1450;7587
1448;7589
1457;7591
1471;7595
1478;7597
1478;7600
1470;7602
1466;7605
1476;7607
1493;7609
1508;7612
1509;7614
1501;7617
1493;7619
1487;7621
1483;7624
1477;7626
1480;7629
1491;7631
1507;7634
1506;7636
1494;7639
1479;7642
1458;7644
1443;7647
1437;7649
1441;7651
1451;7654
1455;7656
1462;7659
1467;7661
1469;7663
1473;7666
1492;7668
1514;7671
1526;7673
1536;7676
1538;7678
1530;7681
1502;7684
1483;7686
1480;7689
1481;7691
1480;7693
1478;7696
1463;7698
1453;7701
1464;7703
1475;7705
1479;7708
1473;7710
1462;7713
1458;7715
1462;7718
1469;7720
1472;7723
1465;7726
1466;7728
1466;7731
1469;7733
1470;7735
1472;7738
1476;7740
1483;7743
1497;7745
1514;7748
1526;7750
1530;7752
1525;7755
1517;7757
1499;7760
1481;7762
1472;7764
1485;7768
1507;7770
1514;7773
1500;7775
1481;7777
1476;7780
1474;7782
1472;7785
1474;7787
1473;7790
1477;7792
1486;7794
1492;7797
1488;7799
1482;7802
1483;7804
1488;7806
1484;7810
1473;7812
1462;7815
1459;7817
1454;7819
1453;7822
1460;7824
1468;7827
1476;7829
1479;7832
1485;7834
1485;7836
1480;7839
1476;7841
1468;7844
1462;7846
1467;7848
1475;7852
1478;7854
1473;7857
1468;7859
1476;7861
1489;7864
1497;7866
1491;7869
1484;7871
1483;7874
1483;7876
1482;7878
1481;7881
1483;7883
1478;7886
1481;7888
1512;7890
1533;7894
1531;7896
1503;7899
1491;7901
1497;7903
1501;7906
1504;7908
1503;7911
1494;7913
1480;7916
1477;7918
1482;7920
1483;7923
1475;7925
1472;7928
1470;7930
1470;7932
1476;7936
1481;7938
1482;7941
1466;7943
1445;7946
1455;7948
1488;7950
1501;7953
1493;7955
1484;7958
1497;7960
1517;7962
1515;7965
1500;7967
1484;7970
1488;7972
1496;7974
1492;7977
1478;7980
1473;7983
1472;7985
1474;7988
1479;7990
1482;7992
1487;7995
1483;7997
1469;8000
1453;8002
1441;8004
1437;8007
1440;8009
1441;8012
1444;8014
1453;8016
1472;8019
1488;8022
1501;8025
1497;8027
1490;8030
1485;8032
1483;8034
1492;8037
1497;8039
1505;8042
1509;8044
1508;8046
1494;8049
1482;8051
1478;8054
1480;8056
1491;8058
1501;8061
1493;8064
1471;8067
1451;8069
1446;8072
1453;8074
1466;8076
1475;8079
1477;8081
1471;8084
1471;8086
1485;8088
1496;8091
1500;8093
1483;8096
1469;8098
1460;8100
1471;8103
1490;8105
1502;8109
1498;8111
1486;8114
1491;8116
1504;8118
1508;8121
1498;8123
1483;8126
1483;8128
1490;8130
1496;8133
1495;8135
1489;8138
1489;8140
1490;8143
1488;8145
1476;8147
1463;8151
1458;8153
1457;8156
1456;8158
1448;8160
1447;8163
1452;8165
1466;8168
1484;8170
1489;8172
1489;8175
1485;8177
1488;8180
1498;8182
1503;8185
1503;8187
1492;8189
1479;8193
1481;8195
1489;8198
1491;8200
1482;8202
1472;8205
1467;8207
1461;8210
1453;8212
1452;8214
1455;8217
1458;8219
1453;8222
1455;8224
1464;8227
1475;8229
1489;8231
1493;8235
1488;8237
1478;8240
1480;8242
1492;8244
1506;8247
1505;8249
1494;8252
1482;8254
1476;8256
1475;8259
1480;8261
1492;8264
1512;8266
1523;8269
1515;8271
1495;8273
1484;8276
1484;8279
1490;8282
1494;8284
1490;8286
1487;8289
1492;8291
1495;8294
1494;8296
1499;8298
1506;8301
1497;8303
1485;8306
1480;8308
1483;8311
1488;8313
1486;8315
1483;8318
1493;8321
1514;8324
1529;8326
1540;8328
1533;8331
1524;8333
1511;8336
1509;8338
1507;8341
1499;8343
1492;8345
1485;8348
1478;8350
1488;8353
1502;8355
1504;8357
1491;8360
1480;8363
1475;8366
1474;8368
1470;8370
1468;8373
1480;8375
1499;8378
1513;8380
1501;8383
1492;8385
1486;8387
1503;8390
1522;8392
1528;8395
1526;8397
1510;8399
1497;8402
1492;8404
1501;8408
1506;8410
1506;8412
1501;8415
1484;8417
1474;8420
1478;8422
1482;8425
1486;8427
1493;8429
1502;8432
1502;8434
1495;8437
1488;8439
1480;8441
1473;8444
1466;8446
1466;8450
1470;8452
1480;8454
1483;8457
1481;8459
1479;8462
1497;8464
1509;8467
1513;8469
1511;8471
1517;8474
1524;8476
1522;8479
1501;8481
1490;8483
1485;8486
1493;8488
1501;8492
1503;8494
1497;8496
1493;8499
1484;8501
1479;8504
1485;8506
1490;8509
1492;8511
1485;8513
1483;8516
1499;8518
1508;8521
1504;8523
1491;8525
1482;8528
1492;8530
1509;8534
1517;8536
1519;8538
1508;8541
1497;8543
1490;8546
1484;8548
1483;8551
1497;8553
1507;8555
1506;8558
1505;8560
1512;8563
1521;8565
1523;8567
1517;8570
1505;8572
1503;8576
1501;8578
1493;8580
1493;8583
1497;8585
1494;8588
1477;8590
1458;8593
1453;8595
1464;8597
1480;8600
1495;8602
1494;8605
1487;8607
1486;8609
1482;8612
1497;8614
1508;8617
1513;8620
1512;8623
1516;8625
1521;8627
1512;8630
1497;8632
1492;8635
1491;8637
1495;8639
1510;8642
1520;8644
1527;8647
1531;8649
1522;8651
1506;8654
1502;8656
1504;8659
1508;8662
1503;8665
1496;8667
1489;8669
1484;8672
1473;8674
1466;8677
1461;8679
1462;8681
1460;8684
1459;8686
1464;8689
1472;8691
1478;8693
1482;8696
1485;8698
1485;8701
1492;8704
1500;8707
1500;8709
1507;8711
1528;8714
1540;8716
1521;8719
1495;8721
1483;8723
1484;8726
1488;8728
1492;8731
1493;8733
1493;8735
1486;8738
1482;8740
1490;8743
1484;8745
1475;8749
1459;8751
1459;8753
1474;8756
1484;8758
1485;8761
1487;8763
1481;8765
1476;8768
1473;8770
1472;8773
1468;8775
1471;8777
1475;8780
1481;8782
1484;8785
1485;8787
1488;8791
1497;8793
1507;8795
1505;8798
1493;8800
1477;8803
1457;8805
1454;8807
1462;8810
1467;8812
1470;8815
1475;8817
1473;8820
1475;8822
1486;8824
1496;8827
1494;8829
1487;8833
1483;8835
1478;8837
1472;8840
1468;8842
1470;8845
1476;8847
1489;8849
1487;8852
1478;8854
1466;8857
1456;8859
1445;8862
1445;8864
1446;8866
1447;8869
1459;8871
1467;8875
1478;8877
1499;8879
1506;8882
1494;8884
1473;8887
1475;8889
1492;8891
1503;8894
1513;8896
1514;8899
1499;8901
1481;8904
1478;8906
1480;8908
1481;8911
1476;8913
1464;8916
1463;8919
1461;8921
1442;8924
1431;8926
1437;8929
1444;8931
1460;8933
1474;8936
1485;8938
1499;8941
1508;8943
1505;8946
1505;8948
1500;8950
1493;8953
1494;8955
1500;8958
1500;8961
1491;8963
1483;8966
1480;8968
1474;8971
1464;8973
1451;8975
1446;8978
1451;8980
1453;8983
1454;8985
1465;8988
1477;8990
1480;8992
1472;8995
1472;8997
1491;9000
1507;9003
1513;9005
1507;9008
1506;9010
1504;9013
1498;9015
1487;9018
1481;9020
1488;9022
1503;9025
1514;9027
1504;9030
1487;9032
1484;9034
1486;9037
1493;9039
1496;9042
1486;9044
1475;9047
1469;9050
1464;9052
1461;9055
1458;9057
1456;9060
1459;9062
1472;9064
1480;9067
1478;9069
1468;9072
1464;9074
1467;9076
1471;9079
1474;9081
1479;9084
1486;9086
1502;9089
1520;9092
1510;9094
1482;9097
1470;9099
1476;9102
1496;9104
1523;9106
1538;9109
1530;9111
1509;9114
1490;9116
1480;9118
1470;9121
1464;9123
1459;9126
1456;9128
1457;9131
1454;9134
1449;9136
1447;9139
1445;9141
1447;9144
1457;9146
1470;9148
1486;9151
1498;9153
1504;9156
1503;9158
1503;9160
1508;9163
1498;9165
1495;9168
1497;9170
1498;9172
1487;9176
1482;9178
1488;9181
1488;9183
1477;9186
1465;9188
1466;9190
1481;9193
1505;9195
1511;9198
1502;9200
1485;9202
1474;9205
1480;9207
1485;9210
1482;9212
1472;9216
1472;9218
1476;9220
1471;9223
1482;9225
1500;9228
1512;9230
1506;9232
1499;9235
1499;9237
1504;9240
1502;9242
1494;9244
1494;9247
1490;9249
1493;9252
1487;9254
1483;9257
1475;9260
1471;9262
1474;9265
1477;9267
1471;9270
1455;9272
1446;9274
1442;9277
1441;9279
1436;9282
1441;9284
1462;9286
1484;9289
1491;9291
1491;9294
1494;9296
1485;9299
1477;9302
1481;9304
1497;9307
1506;9309
1504;9312
1491;9314
1488;9316
1483;9319
1473;9321
1462;9324
1463;9326
1463;9328
1466;9331
1467;9333
1472;9336
1475;9338
1475;9341
1464;9344
1456;9346
1458;9349
1462;9351
1466;9354
1461;9356
1463;9358
1464;9361
1463;9363
1453;9366
1463;9368
1486;9370
1502;9373
1493;9375
1489;9378
1490;9380
1486;9383
1473;9385
1466;9388
1464;9391
1478;9393
1507;9396
1514;9398
1501;9400
1470;9403
1453;9405
1448;9408
1443;9410
1435;9413
1430;9415
1444;9417
1468;9420
1479;9422
1469;9425
1444;9427
1436;9430
1430;9433
1431;9435
1435;9438
1449;9440
1474;9442
1504;9445
1530;9447
1535;9450
1516;9452
1491;9455
1477;9457
1475;9459
1475;9462
1492;9464
1519;9467
1532;9469
1519;9472
1490;9475
1467;9477
1449;9480
1453;9482
1459;9484
1456;9487
1442;9489
1436;9492
1439;9494
1444;9497
1459;9499
1474;9501
1477;9504
1467;9506
1460;9509
1464;9511
1472;9513
1478;9517
1477;9519
1466;9522
1462;9524
1459;9526
1465;9529
1482;9531
1496;9534
1499;9536
1503;9539
1509;9541
1504;9543
1499;9546
1491;9548
1502;9551
1523;9553
1524;9555
1504;9559
1488;9561
1481;9564
1478;9566
1480;9568
1481;9571
1472;9573
1463;9576
1453;9578
1454;9581
1461;9583
1463;9585
1458;9588
1457;9590
1459;9593
1460;9595
1466;9597
1478;9601
1489;9603
1497;9606
1487;9608
1475;9611
1478;9613
1486;9615
1498;9618
1495;9620
1488;9623
1484;9625
1502;9627
1523;9630
1519;9632
1486;9635
1467;9637
1467;9639
1471;9643
1472;9645
1462;9648
1458;9650
1452;9653
1458;9655
1459;9657
1459;9660
1466;9662
1476;9665
1501;9667
1524;9669
1535;9672
1510;9674
1478;9677
1467;9679
1470;9681
1470;9684
1464;9687
1461;9690
1456;9692
1457;9695
1469;9697
1478;9699
1474;9702
1478;9704
1500;9707
1503;9709
1476;9711
1460;9714
1457;9716
1448;9719
1439;9721
1423;9723
1424;9726
1451;9729
1460;9732
1455;9734
1453;9737
1452;9739
1458;9741
1460;9744
1470;9746
1483;9749
1487;9751
1478;9753
1476;9756
1478;9758
1476;9761
1466;9763
1457;9766
1457;9768
1471;9771
1488;9774
1498;9776
1489;9779
1478;9781
1469;9783
1464;9786
1460;9788
1467;9791
1482;9793
1506;9795
1520;9798
1509;9800
1484;9803
1473;9805
1470;9808
1466;9810
1465;9812
1468;9816
1474;9818
1478;9821
1480;9823
1479;9825
1479;9828
1480;9830
1476;9833
1469;9835
1459;9837
1452;9840
1449;9842
1459;9845
1475;9847
1483;9850
1480;9852
1479;9854
1493;9858
1510;9860
1513;9863
1499;9865
1482;9867
1480;9870
1488;9872
1492;9875
1485;9877
1484;9879
1492;9882
1498;9884
1492;9887
1480;9889
1465;9892
1451;9894
1449;9896
1458;9900
1465;9902
1468;9905
1470;9907
1478;9909
1486;9912
1489;9914
1481;9917
1467;9919
1460;9921
1463;9924
1459;9926
1451;9929
1453;9931
1478;9934
1508;9936
1514;9938
1507;9942
1503;9944
1504;9947
1495;9949
1477;9951
1467;9954
1475;9956
1493;9959
1519;9961
1527;9963
1509;9966
1487;9968
1477;9971
1466;9973
1463;9976
1465;9978
1475;9980
1491;9984
1497;9986
1496;9989
1487;9991
1484;9993
1477;9996
1480;9998
1484;10001
1481;10003
1464;10006
1449;10008
1447;10011
1460;10013
1485;10015
1512;10018
1521;10020
1509;10023
1487;10025
1466;10029
1451;10031
1448;10034
1453;10036
1459;10039
1474;10041
1483;10044
1480;10046
1473;10048
1470;10051
1466;10053
1468;10056
1480;10058
1495;10061
1499;10063
1487;10066
1470;10068
1461;10072
1448;10074
1446;10077
1449;10079
1453;10082
1456;10084
1464;10086
1476;10089
1468;10091
1459;10094
1457;10096
1461;10099
1459;10101
1456;10104
1473;10106
1504;10109
1514;10112
1504;10115
1491;10117
1489;10119
1492;10122
1488;10124
1485;10127
1480;10129
1468;10132
1455;10134
1452;10137
1458;10139
1468;10142
1479;10144
1480;10147
1473;10149
1484;10151
1505;10155
1515;10157
1493;10160
1466;10162
1453;10165
1446;10167
1440;10170
1438;10172
1437;10175
1446;10177
1450;10180
1456;10182
1459;10184
1466;10187
1481;10189
1501;10192
1509;10194
1495;10198
1477;10200
1466;10203
1463;10205
1453;10208
1440;10210
1453;10213
1488;10215
1495;10218
1490;10220
1486;10222
1482;10225
1474;10227
1466;10230
1464;10232
1466;10235
1478;10237
1502;10241
1518;10243
1522;10246
1520;10248
1520;10251
1514;10253
1492;10255
1478;10258
1490;10260
1503;10263
1503;10265
1496;10268
1498;10270
1503;10273
1507;10275
1500;10278
1500;10280
1514;10284
1525;10286
1538;10288
1541;10291
1538;10293
1537;10296
1543;10298
1546;10301
1532;10303
1517;10306
1551;10308
1620;10311
1657;10313
1620;10316
1569;10318
1551;10320
1554;10323
1568;10326
1565;10329
1542;10331
1515;10334
1495;10336
1498;10339
1512;10341
1522;10344
1525;10346
1518;10349
1504;10351
1484;10353
1472;10356
1463;10358
1464;10361
1485;10363
1513;10366
1533;10369
1535;10372
1518;10374
1496;10377
1476;10379
1468;10382
1469;10384
1487;10386
1483;10389
1465;10391
1445;10394
1449;10396
1470;10399
1490;10401
1486;10404
1460;10406
1444;10409
1458;10412
1501;10415
1532;10417
1530;10419
1516;10422
1491;10424
1468;10427
1441;10429
1439;10432
1450;10434
1466;10437
1482;10439
1501;10442
1512;10444
1508;10447
1488;10449
1456;10451
1440;10455
1472;10457
1508;10460
1515;10462
1490;10465
1460;10467
1441;10470
1440;10472
1443;10475
1435;10477
1415;10480
1420;10482
1438;10484
1444;10487
1460;10489
1482;10492
1507;10494
1514;10498
1506;10500
1482;10503
1474;10505
1476;10508
1460;10510
1450;10513
1463;10515
1480;10517
1481;10520
1467;10522
1455;10525
1488;10527
1527;10530
1532;10532
1488;10535
1452;10537
1441;10541
1436;10543
1433;10546
1434;10548
1427;10550
1421;10553
1423;10555
1424;10558
1426;10560
1416;10563
1411;10565
1423;10568
1444;10570
1477;10573
1525;10575
1550;10578
1553;10580
1543;10583
1526;10586
1500;10588
1484;10591
1473;10593
1463;10596
1450;10598
1446;10601
1466;10603
1495;10606
1515;10608
1529;10611
1533;10613
1503;10615
1454;10618
1419;10620
1393;10624
1387;10626
1410;10629
1426;10631
1427;10634
1429;10636
1443;10639
1452;10641
1451;10644
1455;10646
1464;10648
1469;10651
1493;10653
1537;10656
1562;10658
1536;10661
1506;10663
1507;10667
1501;10669
1493;10672
1484;10674
1494;10677
1504;10679
1525;10681
1533;10684
1542;10686
1546;10689
1547;10691
1517;10694
1498;10696
1512;10699
1548;10701
1570;10704
1598;10706
1648;10710
1653;10712
1603;10714
1549;10717
1542;10719
1545;10722
1563;10724
1603;10727
1620;10729
1580;10732
1524;10734
1487;10737
1510;10739
1548;10742
1563;10744
1558;10746
1558;10749
1546;10752
1500;10755
1464;10757
1455;10760
1452;10762
1451;10765
1445;10767
1460;10770
1491;10772
1497;10775
1480;10777
1446;10780
1439;10782
1465;10784
1502;10787
1500;10789
1462;10792
1439;10795
1451;10798
1486;10800
1497;10803
1463;10805
1431;10808
1434;10810
1457;10813
1457;10815
1436;10817
1455;10820
1488;10822
1485;10825
1466;10827
1466;10830
1469;10832
1448;10835
1441;10838
1456;10841
1466;10843
1458;10846
1463;10848
1479;10850
1512;10853
1528;10855
1507;10858
1456;10860
1431;10863
1431;10865
1442;10868
1459;10870
1460;10873
1437;10875
1427;10878
1421;10881
1414;10883
1424;10886
1438;10888
1436;10891
1426;10893
1426;10896
1439;10898
1479;10901
1506;10903
1497;10906
1484;10908
1487;10911
1483;10913
1468;10915
1447;10918
1442;10920
1461;10924
1475;10926
1465;10929
1447;10931
1436;10934
1449;10936
1459;10939
1450;10941
1434;10944
1430;10946
1435;10948
1433;10951
1435;10953
1448;10956
1460;10958
1459;10961
1440;10963
1417;10967
1419;10969
1442;10972
1472;10974
1504;10977
1522;10979
1496;10981
1465;10984
1474;10986
1503;10989
1509;10991
1486;10994
1449;10996
1423;10999
1406;11001
1398;11004
1413;11006
1432;11010
1452;11012
1483;11014
1509;11017
1484;11019
1444;11022
1436;11024
1478;11027
1540;11029
1560;11032
1537;11034
1530;11037
1571;11039
1628;11042
1631;11044
1596;11046
1516;11049
1465;11052
1445;11055
1442;11057
1456;11060
1467;11062
1490;11065
1522;11067
1523;11070
1496;11072
1478;11075
1477;11077
1466;11079
1441;11082
1433;11084
1448;11087
1459;11089
1471;11092
1480;11095
1486;11098
1490;11100
1481;11103
1498;11105
1504;11108
1512;11110
1515;11112
1506;11115
1503;11117
1515;11120
1494;11122
1459;11125
1471;11127
1501;11130
1513;11132
1496;11136
1480;11138
1469;11141
1446;11143
1418;11145
1389;11148
1372;11150
1389;11153
1426;11155
1455;11158
1454;11160
1445;11163
1435;11165
1419;11168
1416;11170
1420;11173
1421;11175
1438;11179
1469;11181
1487;11183
1475;11186
1466;11188
1465;11191
1478;11193
1478;11196
1484;11198
1481;11201
1475;11203
1449;11206
1421;11208
1423;11211
1459;11213
1482;11215
1464;11218
1440;11220
1435;11224
1456;11226
1469;11229
1466;11231
1464;11234
1468;11236
1465;11239
1459;11241
1446;11244
1439;11246
1461;11248
1489;11251
1491;11253
1451;11256
1423;11258
1416;11261
1423;11264
1448;11267
1483;11269
1502;11272
1495;11274
1469;11277
1469;11279
1482;11281
1481;11284
1481;11286
1486;11289
1478;11291
1457;11294
1445;11296
1456;11299
1468;11301
1462;11304
1457;11307
1472;11310
1481;11312
1477;11314
1472;11317
1479;11319
1472;11322
1465;11324
1453;11327
1461;11329
1467;11332
1466;11334
1457;11337
1453;11339
1452;11342
1440;11344
1429;11346
1465;11350
1495;11352
1504;11355
1496;11357
1502;11360
1505;11362
1499;11365
1500;11367
1496;11370
1495;11372
1481;11375
1464;11377
1448;11379
1433;11382
1429;11384
1430;11387
1447;11389
1462;11393
1463;11395
1459;11398
1462;11400
1445;11403
1425;11405
1428;11408
1433;11410
1438;11412
1450;11415
1470;11417
1491;11420
1508;11422
1499;11425
1469;11427
1452;11430
1447;11432
1449;11436
1454;11438
1473;11441
1488;11443
1495;11445
1486;11448
1465;11450
1447;11453
1442;11455
1450;11458
1455;11460
1448;11463
1438;11465
1445;11468
1478;11470
1507;11473
1500;11475
1490;11478
1497;11481
1507;11483
1495;11486
1477;11488
1488;11491
1510;11493
1512;11496
1489;11498
1470;11501
1484;11503
1521;11506
1537;11508
1528;11511
1519;11513
1504;11515
1491;11518
1477;11521
1470;11524
1460;11526
1444;11529
1442;11531
1456;11534
1472;11536
1470;11539
1460;11541
1457;11544
1457;11546
1469;11548
1489;11551
1508;11553
1508;11556
1507;11558
1513;11561
1528;11564
1537;11567
1538;11569
1513;11572
1495;11574
1480;11577
1471;11579
1497;11581
1532;11584
1548;11586
1525;11589
1520;11591
1521;11594
1515;11596
1503;11599
1495;11601
1483;11604
1479;11607
1493;11610
1521;11612
1530;11614
1511;11617
1497;11619
1493;11622
1489;11624
1480;11627
1470;11629
1450;11632
1444;11634
1445;11637
1453;11639
1462;11642
1474;11644
1480;11646
1485;11650
1483;11652
1510;11655
1568;11657
1587;11660
1562;11662
1531;11665
1511;11667
1497;11670
1488;11672
1483;11675
1473;11677
1464;11679
1472;11682
1487;11684
1482;11687
1455;11689
1435;11693
1442;11695
1450;11698
1457;11700
1457;11703
1453;11705
1449;11708
1443;11710
1437;11712
1436;11715
1457;11717
1502;11720
1523;11722
1510;11725
1485;11727
1469;11730
1458;11732
1439;11736
1435;11738
1447;11741
1476;11743
1499;11745
1508;11748
1495;11750
1478;11753
1478;11755
1480;11758
1475;11760
1466;11763
1452;11765
1448;11768
1453;11770
1450;11773
1448;11776
1445;11778
1445;11781
1436;11783
1432;11786
1445;11788
1466;11791
1476;11793
1474;11796
1465;11798
1483;11801
1506;11803
1514;11806
1495;11808
1485;11811
1496;11813
1498;11815
1489;11819
1470;11821
1463;11824
1461;11826
1456;11829
1456;11831
1453;11834
1461;11836
1478;11839
1494;11841
1492;11844
1479;11846
1479;11848
1478;11851
1463;11853
1453;11856
1445;11858
1441;11862
1433;11864
1436;11867
1448;11869
1453;11872
1459;11874
1480;11877
1507;11879
1519;11881
1496;11884
1485;11886
1485;11889
1483;11891
1485;11894
1505;11896
1529;11899
1530;11901
1514;11905
1513;11907
1520;11910
1519;11912
1500;11914
1484;11917
1479;11919
1474;11922
1470;11924
1466;11927
1461;11929
1461;11932
1464;11934
1464;11937
1462;11939
1458;11942
1450;11944
1450;11947
1467;11950
1486;11952
1490;11955
1482;11957
1480;11960
1472;11962
1472;11965
1482;11967
1499;11970
1520;11972
1538;11975
1545;11977
1544;11980
1556;11982
1571;11984
1568;11987
1534;11990
1499;11993
1480;11995
1477;11998
1487;12000
1503;12003
1505;12005
1494;12008
1477;12010
1464;12013
1459;12015
1456;12017
1449;12020
1436;12022
1430;12025
1436;12027
1452;12030
1469;12033
1475;12036
1484;12038
1493;12041
1499;12043
1503;12046
1512;12048
1522;12050
1520;12053
1517;12055
1514;12058
1515;12060
1505;12063
1488;12065
1491;12068
1503;12070
1510;12073
1507;12076
1505;12079
1498;12081
1487;12083
1483;12086
1485;12088
1497;12091
1506;12093
1506;12096
1502;12098
1501;12101
1511;12103
1529;12106
1547;12108
1549;12111
1552;12113
1571;12116
1584;12119
1571;12121
1568;12124
1610;12126
1643;12129
1658;12131
1644;12134
1612;12136
1596;12139
1579;12141
1548;12144
1509;12146
1480;12149
1461;12151
1453;12153
1462;12156
1487;12158
1508;12162
1511;12164
1492;12167
1477;12169
1481;12172
1495;12174
1487;12177
1482;12179
1471;12182
1469;12184
1471;12186
1469;12189
1456;12191
1453;12194
1469;12196
1480;12199
1469;12201
1451;12205
1451;12207
1464;12210
1492;12212
1524;12215
1537;12217
1525;12219
1497;12222
1475;12224
1494;12227
1506;12229
1505;12232
1494;12234
1493;12237
1480;12239
1461;12242
1443;12244
1427;12248
1415;12250
1405;12253
1406;12255
1421;12257
1450;12260
1470;12262
1465;12265
1446;12267
1437;12270
1441;12272
1453;12275
1459;12277
1462;12280
1473;12282
1482;12285
1484;12288
1488;12290
1493;12293
1485;12295
1466;12298
1459;12300
1478;12303
1500;12305
1491;12308
1464;12310
1460;12313
1457;12315
1433;12318
1408;12320
1400;12322
1407;12325
1425;12327
1449;12331
1473;12333
1475;12336
1460;12338
1443;12341
1435;12343
1429;12346
1433;12348
1453;12351
1473;12353
1471;12355
1455;12358
1454;12360
1465;12363
1464;12365
1449;12368
1456;12370
1485;12374
1486;12376
1477;12379
1460;12381
1447;12384
1452;12386
1456;12389
1461;12391
1460;12393
1450;12396
1450;12398
1486;12401
1533;12403
1558;12406
1547;12408
1527;12411
1489;12413
1454;12417
1435;12419
1427;12422
1434;12424
1453;12426
1449;12429
1429;12431
1419;12434
1440;12436
1470;12439
1479;12441
1463;12444
1451;12446
1456;12449
1460;12451
1491;12454
1530;12456
1542;12459
1530;12462
1513;12464
1500;12467
1478;12469
1461;12472
1453;12474
1440;12477
1436;12479
1443;12482
1462;12484
1481;12487
1518;12489
1550;12491
1551;12494
1521;12496
1489;12499
1482;12502
1484;12505
1477;12507
1470;12510
1461;12512
1453;12515
1445;12517
1444;12520
1446;12522
1451;12524
1457;12527
1452;12529
1450;12532
1463;12534
1475;12537
1472;12539
1470;12542
1478;12545
1504;12548
1516;12550
1506;12553
1487;12555
1477;12558
1483;12560
1493;12562
1495;12565
1486;12567
1473;12570
1473;12572
1480;12575
1478;12577
1470;12580
1458;12582
1453;12585
1466;12588
1485;12591
1502;12593
1498;12595
1484;12598
1466;12600
1469;12603
1500;12605
1520;12608
1510;12610
1494;12613
1498;12615
1499;12618
1491;12620
1475;12623
1462;12625
1452;12627
1444;12631
1455;12633
1472;12636
1496;12638
1506;12641
1499;12643
1493;12646
1490;12648
1497;12651
1499;12653
1494;12656
1485;12658
1480;12661
1482;12663
1480;12665
1475;12668
1483;12670
1505;12674
1518;12676
1499;12679
1483;12681
1494;12684
1509;12686
1494;12689
1476;12691
1470;12694
1482;12696
1494;12698
1486;12701
1482;12703
1481;12706
1478;12708
1490;12711
1508;12713
1513;12717
1505;12719
1494;12722
1478;12724
1467;12727
1459;12729
1464;12731
1480;12734
1499;12736
1504;12739
1503;12741
1492;12744
1482;12746
1475;12749
1477;12751
1482;12754
1496;12756
1497;12760
1488;12762
1489;12765
1510;12767
1521;12769
1513;12772
1501;12774
1491;12777
1500;12779
1515;12782
1522;12784
1518;12787
1508;12789
1485;12792
1457;12794
1456;12797
1471;12800
1483;12803
1478;12805
1464;12807
1456;12810
1467;12812
1474;12815
1467;12817
1460;12820
1462;12822
1470;12825
1484;12827
1498;12830
1507;12832
1496;12835
1490;12837
1482;12839
1480;12843
1483;12845
1491;12848
1496;12850
1490;12853
1488;12855
1489;12858
1509;12860
1544;12863
1558;12865
1539;12868
1506;12870
1486;12872
1472;12875
1475;12877
1512;12880
1545;12882
1558;12886
1531;12888
1507;12891
1494;12893
1479;12896
1460;12898
1452;12901
1453;12903
1453;12905
1457;12908
1465;12910
1473;12913
1477;12915
1480;12918
1481;12920
1490;12923
1489;12925
1473;12929
1460;12931
1479;12934
1506;12936
1518;12938
1519;12941
1521;12943
1521;12946
1518;12948
1516;12951
1517;12953
1505;12956
1494;12958
1485;12961
1468;12963
1465;12966
1475;12968
1480;12971
1470;12974
1456;12976
1447;12979
1470;12981
1494;12984
1497;12986
1488;12989
1481;12991
1482;12994
1503;12996
1519;12999
1516;13001
1501;13003
1480;13006
1475;13008
1475;13011
1476;13014
1483;13017
1493;13019
1495;13022
1493;13024
1486;13027
1493;13029
1525;13032
1553;13034
1554;13036
1541;13039
1535;13041
1523;13044
1502;13046
1487;13049
1486;13051
1489;13054
1473;13057
1457;13060
1455;13062
1454;13065
1448;13067
1452;13069
1465;13072
1474;13074
1475;13077
1479;13079
1496;13082
1513;13084
1516;13087
1503;13089
1503;13092
1509;13094
1508;13097
1509;13100
1514;13102
1516;13105
1510;13107
1516;13110
1520;13112
1509;13115
1496;13117
1500;13120
1504;13122
1502;13125
1488;13127
1487;13130
1491;13132
1505;13134
1508;13137
1504;13139
1495;13143
1495;13145
1506;13148
1526;13150
1526;13153
1511;13155
1497;13158
1494;13160
1493;13163
1489;13165
1496;13167
1511;13170
1507;13172
1495;13175
1485;13177
1483;13180
1484;13182
1485;13186
1489;13188
1491;13191
1487;13193
1483;13196
1474;13198
1467;13200
1467;13203
1470;13205
1466;13208
1468;13210
1477;13213
1488;13215
1496;13218
1504;13220
1504;13223
1502;13225
1506;13229
1519;13231
1528;13233
1537;13236
1530;13238
1519;13241
1509;13243
1506;13246
1490;13248
1478;13251
1473;13253
1482;13256
1491;13258
1499;13261
1498;13263
1495;13266
1490;13268
1512;13271
1533;13274
1529;13276
1512;13279
1504;13281
1501;13284
1500;13286
1503;13289
1501;13291
1497;13294
1494;13296
1492;13299
1485;13301
1477;13303
1467;13306
1461;13308
1468;13312
1474;13314
1471;13317
1466;13319
1480;13322
1494;13324
1500;13327
1489;13329
1486;13332
1500;13334
1521;13336
1535;13339
1531;13341
1519;13344
1507;13346
1499;13349
1495;13351
1494;13355
1485;13357
1486;13360
1495;13362
1496;13365
1490;13367
1480;13369
1466;13372
1467;13374
1484;13377
1496;13379
1508;13382
1515;13384
1510;13387
1505;13389
1500;13392
1501;13394
1506;13398
1512;13400
1511;13402
1497;13405
1482;13407
1481;13410
1502;13412
1529;13415
1545;13417
1531;13420
1518;13422
1507;13425
1492;13427
1476;13430
1471;13432
1489;13434
1514;13437
1516;13440
1500;13443
1481;13445
1470;13448
1464;13450
1463;13453
1469;13455
1481;13458
1478;13460
1476;13463
1477;13465
1492;13467
1508;13470
1508;13472
1497;13475
1484;13477
1485;13480
1491;13483
1500;13486
1500;13488
1511;13491
1531;13493
1531;13496
1508;13498
1486;13500
1488;13503
1499;13505
1506;13508
1502;13510
1493;13513
1488;13515
1471;13518
1459;13520
1455;13523
1463;13526
1473;13529
1476;13531
1472;13534
1477;13536
1502;13538
1517;13541
1512;13543
1488;13546
1480;13548
1481;13551
1482;13553
1469;13556
1455;13558
1454;13561
1468;13563
1482;13566
1487;13569
1473;13571
1465;13574
1470;13576
1482;13579
1500;13581
1510;13584
1509;13586
1502;13589
1499;13591
1507;13594
1510;13596
1520;13599
1525;13601
1519;13603
1508;13606
1496;13608
1486;13612
1482;13614
1484;13617
1481;13619
1479;13622
1486;13624
1496;13627
1502;13629
1496;13632
1485;13634
1480;13636
1477;13639
1478;13641
1486;13644
1493;13646
1501;13649
1503;13651
1504;13655
1498;13657
1484;13660
1476;13662
1489;13665
1511;13667
1509;13669
1486;13672
1472;13674
1479;13677
1492;13679
1490;13682
1490;13684
1501;13687
1508;13689
1500;13692
1485;13694
1479;13698
1480;13700
1486;13702
1486;13705
1477;13707
1474;13710
1473;13712
1469;13715
1465;13717
1465;13720
1469;13722
1477;13725
1482;13727
1481;13730
1474;13732
1468;13735
1472;13737
1482;13740
1496;13743
1499;13745
1499;13748
1508;13750
1509;13753
1495;13755
1481;13758
1486;13760
1494;13763
1493;13765
1489;13768
1488;13770
1488;13772
1488;13775
1490;13777
1485;13780
1472;13783
1466;13786
1468;13788
1477;13791
1494;13793
1512;13796
1519;13798
1514;13801
1514;13803
1523;13805
1522;13808
1508;13810
1504;13813
1499;13815
1488;13818
1473;13820
1476;13824
1487;13826
1493;13829
1493;13831
1494;13834
1497;13836
1503;13838
1506;13841
1521;13843
1531;13846
1522;13848
1497;13851
1473;13853
1463;13856
1468;13858
1478;13861
1494;13863
1507;13867
1499;13869
1480;13871
1469;13874
1463;13876
1455;13879
1452;13881
1462;13884
1482;13886
1496;13889
1499;13891
1498;13894
1492;13896
1489;13899
1489;13901
1502;13903
1522;13906
1530;13908
1515;13912
1502;13914
1513;13917
1530;13919
1522;13922
1506;13924
1488;13927
1485;13929
1482;13932
1484;13934
1494;13937
1516;13939
1536;13941
1540;13944
1524;13946
1505;13949
1501;13952
1499;13955
1494;13957
1491;13960
1489;13962
1487;13965
1481;13967
1478;13970
1485;13972
1498;13974
1502;13977
1497;13979
1483;13982
1472;13984
1471;13987
1472;13989
1485;13992
1507;13995
1529;13998
1531;14000
1507;14003
1475;14005
1465;14007
1458;14010
1456;14012
1463;14015
1467;14017
1463;14020
1458;14022
1455;14025
1462;14027
1469;14030
1466;14032
1459;14035
1450;14038
1445;14040
1442;14043
1440;14045
1438;14048
1439;14050
1447;14053
1443;14055
1437;14058
1447;14060
1464;14063
1472;14065
1475;14068
1485;14070
1487;14072
1488;14075
1504;14077
1529;14081
1520;14083
1496;14086
1479;14088
1472;14091
1473;14093
1474;14096
1471;14098
1463;14101
1454;14103
1444;14105
1438;14108
1433;14110
1424;14113
1425;14115
1440;14118
1451;14120
1459;14124
1457;14126
1449;14129
1449;14131
1459;14134
1478;14136
1491;14139
1489;14141
1482;14143
1480;14146
1480;14148
1491;14151
1502;14153
1493;14156
1471;14158
1453;14161
1448;14163
1454;14167
1468;14169
1478;14172
1469;14174
1459;14176
1455;14179
1458;14181
1469;14184
1471;14186
1460;14189
1451;14191
1441;14194
1440;14196
1441;14199
1445;14201
1457;14204
1467;14206
1472;14209
1472;14212
1477;14214
1484;14217
1499;14219
1508;14222
1506;14224
1496;14227
1491;14229
1496;14232
1501;14234
1503;14237
1494;14239
1483;14241
1473;14244
1468;14246
1459;14249
1456;14252
1460;14255
1477;14257
1495;14260
1498;14262
1485;14265
1469;14267
1453;14270
1448;14272
1449;14274
1458;14277
1476;14279
1487;14282
1491;14284
1487;14287
1481;14289
1470;14292
1459;14295
1455;14298
1451;14300
1458;14303
1471;14305
1484;14308
1486;14310
1488;14312
1490;14315
1491;14317
1484;14320
1473;14322
1466;14325
1475;14327
1492;14330
1496;14332
1479;14336
1466;14338
1464;14341
1472;14343
1476;14345
1468;14348
1466;14350
1458;14353
1458;14355
1460;14358
1461;14360
1465;14363
1469;14365
1481;14368
1487;14370
1487;14373
1484;14375
1475;14377
1471;14381
1491;14383
1526;14386
1538;14388
1510;14391
1480;14393
1468;14396
1460;14398
1455;14401
1453;14403
1452;14406
1444;14408
1440;14410
1446;14413
1452;14415
1455;14418
1463;14420
1472;14424
1473;14426
1465;14429
1458;14431
1459;14434
1465;14436
1469;14439
1471;14441
1470;14443
1488;14446
1508;14448
1502;14451
1485;14453
1477;14456
1470;14458
1468;14461
1471;14464
1466;14467
1470;14469
1481;14472
1485;14474
1473;14476
1462;14479
1462;14481
1464;14484
1458;14486
1456;14489
1454;14491
1454;14494
1466;14496
1492;14499
1501;14501
1486;14504
1466;14507
1473;14509
1487;14512
1488;14514
1476;14517
1458;14519
1456;14522
1463;14524
1470;14527
1469;14529
1476;14532
1487;14534
1490;14537
1485;14539
1478;14541
1487;14544
1506;14546
1512;14550
1496;14552
1481;14555
1471;14557
1468;14560
1467;14562
1469;14565
1471;14567
1466;14570
1458;14572
1458;14574
1459;14577
1458;14579
1458;14582
1457;14584
1453;14587
1455;14589
1454;14593
1447;14595
1456;14598
1474;14600
1479;14603
1471;14605
1467;14607
1481;14610
1491;14612
1486;14615
1489;14617
1491;14620
1492;14622
1492;14625
1493;14627
1486;14630
1473;14632
1464;14636
1457;14638
1454;14640
1452;14643
1452;14645
1453;14648
1453;14650
1450;14653
1448;14655
1452;14658
1464;14660
1476;14663
1479;14665
1472;14668
1480;14670
1496;14672
1503;14675
1491;14678
1476;14681
1471;14683
1464;14686
1460;14688
1463;14691
1467;14693
1470;14696
1469;14698
1463;14701
1461;14703
1456;14706
1467;14708
1488;14710
1496;14713
1484;14715
1469;14718
1471;14721
1481;14724
1504;14726
1515;14729
1496;14731
1459;14734
1441;14736
1444;14739
1456;14741
1466;14743
1470;14746
1465;14748
1460;14751
1458;14753
1456;14756
1454;14758
1457;14761
1467;14764
1475;14767
1478;14769
1473;14772
1467;14774
1466;14776
1469;14779
1477;14781
1483;14784
1484;14786
1486;14789
1488;14791
1481;14794
1471;14796
1473;14799
1477;14801
1468;14804
1461;14807
1466;14809
1474;14812
1476;14814
1471;14817
1475;14819
1481;14822
1482;14824
1485;14827
1482;14829
1480;14832
1485;14834
1496;14837
1509;14839
1510;14842
1507;14844
1502;14846
1488;14850
1463;14852
1453;14855
1473;14857
1495;14860
1495;14862
1476;14865
1466;14867
1459;14870
1450;14872
1441;14875
1438;14877
1441;14879
1441;14882
1443;14884
1448;14887
1466;14889
1481;14893
1505;14895
1524;14898
1521;14900
1488;14903
1466;14905
1462;14908
1465;14910
1463;14912
1461;14915
1466;14917
1472;14920
1487;14922
1503;14925
1505;14927
1495;14930
1481;14932
1473;14936
1476;14938
1482;14941
1482;14943
1469;14945
1457;14948
1445;14950
1441;14953
1465;14955
1489;14958
1489;14960
1466;14963
1450;14965
1447;14968
1446;14970
1455;14973
1462;14976
1463;14978
1465;14981
1478;14983
1493;14986
1501;14988
1503;14991
1505;14993
1501;14996
1489;14998
1477;15001
1469;15003
1470;15006
1483;15008
1501;15010
1507;15013
1492;15015
1487;15019
1485;15021
1486;15024
1474;15026
1458;15029
1458;15031
1464;15034
1471;15036
1477;15039
1484;15041
1486;15044
1475;15046
1476;15048
1485;15051
1485;15053
1487;15056
1492;15058
1499;15062
1493;15064
1472;15067
1465;15069
1469;15072
1476;15074
1484;15077
1491;15079
1492;15081
1491;15084
1475;15086
1455;15089
1446;15091
1450;15094
1458;15096
1473;15099
1484;15101
1481;15105
1468;15107
1463;15110
1483;15112
1510;15114
1532;15117
1525;15119
1507;15122
1488;15124
1471;15127
1465;15129
1473;15132
1480;15134
1471;15137
1451;15139
1441;15142
1439;15144
1447;15148
1463;15150
1475;15152
1480;15155
1479;15157
1478;15160
1463;15162
1452;15165
1450;15167
1454;15170
1455;15172
1447;15175
1442;15177
1452;15180
1470;15182
1487;15184
1495;15187
1493;15190
1483;15193
1479;15195
1484;15198
1494;15200
1501;15203
1493;15205
1485;15208
1481;15210
1499;15213
1516;15215
1517;15218
1498;15220
1476;15222
1464;15225
1462;15227
1464;15230
1467;15233
1471;15236
1473;15238
1472;15241
1466;15243
1457;15246
1454;15248
1457;15251
1452;15253
1445;15255
1448;15258
1443;15260
1440;15263
1450;15265
1466;15268
1479;15270
1490;15273
1496;15276
1501;15279
1517;15281
1523;15284
1513;15286
1489;15288
1494;15291
1515;15293
1520;15296
1508;15298
1498;15301
1505;15303
1503;15306
1483;15308
1469;15311
1466;15313
1469;15316
1471;15319
1471;15322
1465;15324
1460;15326
1456;15329
1455;15331
1451;15334
1453;15336
1457;15339
1453;15341
1450;15344
1465;15346
1497;15349
1519;15351
1512;15354
1515;15356
1528;15358
1532;15362
1522;15364
1510;15367
1496;15369
1482;15372
1471;15374
1467;15377
1479;15379
1495;15382
1502;15384
1487;15387
1465;15389
1454;15391
1445;15394
1435;15396
1437;15399
1450;15401
1454;15405
1450;15407
1447;15410
1449;15412
1451;15415
1456;15417
1468;15420
1483;15422
1494;15425
1496;15427
1492;15429
1483;15432
1469;15434
1461;15437
1470;15439
1486;15442
1508;15444
1519;15448
1507;15450
1491;15453
1484;15455
1474;15458
1456;15460
1442;15462
1438;15465
1450;15467
1467;15470
1478;15472
1483;15475
1472;15477
1469;15480
1478;15482
1485;15485
1473;15488
1455;15491
1447;15493
1444;15495
1441;15498
1445;15500
1450;15503
1463;15505
1490;15508
1511;15510
1512;15513
1493;15515
1484;15518
1492;15520
1497;15523
1481;15525
1467;15527
1448;15531
1432;15533
1431;15536
1455;15538
1486;15541
1498;15543
1478;15546
1450;15548
1441;15551
1433;15553
1429;15556
1439;15558
1458;15560
1476;15563
1471;15565
1460;15568
1460;15570
1492;15574
1512;15576
1509;15579
1492;15581
1490;15584
1495;15586
1501;15589
1496;15591
1487;15594
1471;15596
1465;15598
1469;15601
1469;15603
1464;15606
1460;15608
1467;15611
1473;15613
1486;15617
1492;15619
1477;15622
1456;15624
1440;15627
1439;15629
1442;15631
1438;15634
1444;15636
1456;15639
1473;15641
1480;15644
1480;15646
1479;15649
1480;15651
1479;15654
1481;15656
1489;15660
1505;15662
1514;15664
1507;15667
1499;15669
1494;15672
1480;15674
1468;15677
1469;15679
1478;15682
1507;15684
1523;15687
1530;15689
1522;15692
1502;15694
1486;15696
1473;15699
1464;15702
1457;15705
1451;15707
1448;15710
1447;15712
1446;15715
1456;15717
1465;15720
1466;15722
1470;15725
1475;15727
1480;15729
1479;15732
1503;15734
1528;15737
1528;15739
1516;15742
1508;15745
1506;15748
1499;15750
1486;15753
1475;15755
1481;15758
1499;15760
1503;15762
1487;15765
1471;15767
