1403;2
1398;4
1403;7
1413;9
1424;11
1428;13
1434;16
1438;18
1449;20
1454;23
1454;25
1449;27
1437;30
1437;32
1444;34
1446;37
1445;39
1453;41
1459;44
1472;47
1481;49
1492;51
1507;54
1524;56
1527;58
1526;61
1515;63
1518;65
1528;68
1531;70
1515;72
1501;74
1490;77
1498;79
1515;81
1521;84
1520;87
1509;89
1501;92
1505;94
1525;96
1542;99
1542;101
1534;103
1539;106
1550;108
1559;110
1559;113
1551;115
1546;117
1533;120
1519;122
1510;125
1508;128
1509;130
1510;133
1498;135
1492;137
1496;140
1490;142
1485;144
1479;147
1486;149
1495;152
1507;154
1517;156
1522;159
1526;161
1535;163
1531;166
1514;168
1504;171
1523;174
1549;176
1553;179
1537;181
1517;183
1519;186
1528;188
1535;190
1528;193
1514;195
1497;197
1480;200
1465;202
1460;205
1467;207
1477;209
1484;212
1482;215
1470;217
1462;220
1459;222
1468;224
1491;227
1516;229
1510;232
1492;234
1471;236
1460;239
1453;241
1453;243
1453;246
1458;248
1466;250
1473;253
1473;256
1459;258
1456;261
1471;263
1477;266
1484;268
1488;270
1469;273
1459;275
1449;277
1439;280
1440;282
1441;284
1444;287
1437;289
1435;292
1442;294
1437;296
1421;300
1402;302
1386;304
1384;307
1382;309
1380;311
1396;314
1432;316
1473;319
1485;321
1472;323
1442;326
1442;328
1450;330
1445;333
1446;335
1439;337
1424;340
1412;343
1418;346
1423;348
1412;350
1417;353
1440;355
1461;357
1468;360
1475;362
1478;364
1469;367
1452;369
1447;372
1448;374
1450;376
1456;379
1465;381
1472;384
1471;387
1469;389
1476;391
1490;394
1495;396
1474;399
1460;401
1465;403
1495;406
1520;408
1518;410
1500;413
1484;415
1472;417
1465;420
1477;422
1497;425
1508;428
1507;430
1493;433
1482;435
1462;437
1441;440
1436;442
1445;444
1464;447
1479;449
1476;452
1475;454
1485;456
1496;459
1496;461
1491;463
1493;466
1501;468
1517;471
1546;474
1559;476
1554;479
1524;481
1508;483
1498;486
1508;488
1516;490
1525;493
1531;495
1527;497
1519;500
1525;502
1533;505
1549;507
1561;509
1559;513
1535;515
1514;517
1524;520
1536;522
1536;524
1533;527
1538;529
1576;532
1599;534
1589;536
1543;539
1503;541
1494;543
1490;546
1495;548
1513;550
1529;553
1532;556
1507;559
1483;561
1466;563
1461;566
1460;568
1465;570
1478;573
1504;575
1529;577
1567;580
1597;582
1588;585
1551;587
1508;589
1488;592
1481;594
1483;596
1479;600
1480;602
1496;604
1511;607
1525;609
1518;612
1517;614
1519;616
1514;619
1495;621
1470;623
1457;626
1463;628
1477;630
1475;633
1464;635
1452;638
1444;641
1459;643
1472;646
1467;648
1441;650
1437;653
1457;655
1484;657
1504;660
1509;662
1480;665
1448;667
1445;669
1467;672
1497;674
1511;676
1504;679
1493;681
1476;684
1466;687
1469;689
1485;692
1502;694
1515;696
1522;699
1518;701
1490;703
1458;706
1454;708
1451;710
1440;713
1443;715
1451;718
1460;720
1471;722
1474;726
1469;728
1444;730
1441;733
1453;735
1469;737
1476;740
1470;742
1446;744
1423;747
1420;749
1419;752
1412;754
1407;756
1405;759
1409;761
1418;763
1429;766
1445;769
1480;771
1505;774
1498;776
1463;779
1442;781
1439;783
1447;786
1451;788
1447;790
1454;793
1451;795
1454;797
1462;800
1459;802
1434;805
1417;807
1415;809
1445;813
1473;815
1469;817
1443;820
1434;822
1432;824
1437;827
1451;829
1457;832
1467;834
1472;836
1467;839
1480;841
1511;843
1540;846
1543;848
1530;850
1507;854
1490;856
1482;859
1492;861
1497;863
1502;866
1503;868
1489;870
1470;873
1453;875
1448;877
1448;880
1460;882
1481;885
1506;887
1513;889
1509;892
1504;894
1527;897
1551;900
1554;902
1565;904
1565;907
1551;909
1533;912
1560;914
1593;916
1597;919
1555;921
1519;923
1499;926
1497;928
1507;930
1515;933
1510;935
1509;939
1523;941
1538;943
1533;946
1523;948
1524;950
1536;953
1538;955
1540;957
1547;960
1559;962
1576;965
1593;967
1584;969
1568;972
1549;974
1530;976
1512;979
1507;982
1532;984
1547;987
1548;989
1522;992
1502;994
1493;996
1492;999
1493;1001
1508;1003
1526;1006
1524;1008
1506;1011
1486;1013
1493;1015
1521;1018
1547;1020
1545;1024
1539;1026
1552;1029
1563;1031
1541;1033
1524;1036
1544;1038
1565;1041
1552;1043
1517;1045
1491;1048
1476;1050
1476;1053
1507;1055
1551;1057
1559;1060
1536;1062
1511;1065
1493;1068
1490;1071
1493;1073
1496;1075
1481;1078
1482;1080
1494;1083
1494;1085
1496;1087
1530;1090
1544;1092
1512;1095
1483;1097
1489;1100
1507;1102
1516;1104
1510;1107
1503;1110
1505;1113
1508;1115
1507;1117
1488;1120
1471;1122
1465;1125
1467;1127
1467;1129
1486;1132
1505;1134
1511;1137
1503;1139
1515;1142
1541;1144
1541;1146
1523;1149
1491;1152
1469;1155
1465;1157
1471;1159
1483;1162
1487;1164
1480;1167
1470;1169
1459;1171
1458;1174
1483;1176
1517;1179
1527;1181
1505;1184
1489;1186
1492;1188
1502;1191
1495;1193
1489;1197
1483;1199
1480;1201
1472;1204
1460;1206
1459;1209
1469;1211
1492;1213
1502;1216
1499;1218
1485;1221
1473;1223
1475;1226
1482;1228
1480;1230
1469;1233
1460;1235
1445;1239
1453;1241
1468;1243
1497;1246
1510;1248
1522;1251
1515;1253
1506;1255
1486;1258
1469;1260
1467;1263
1476;1265
1490;1268
1485;1270
1478;1272
1458;1275
1457;1277
1464;1281
1471;1283
1468;1285
1455;1288
1450;1290
1460;1293
1472;1295
1475;1298
1488;1300
1492;1302
1492;1305
1483;1307
1476;1310
1487;1312
1504;1314
1502;1317
1488;1319
1471;1323
1472;1325
1480;1327
1486;1330
1483;1332
1483;1335
1486;1337
1492;1340
1505;1342
1502;1344
1500;1347
1521;1349
1552;1352
1550;1354
1516;1356
1493;1359
1482;1361
1475;1364
1472;1367
1463;1369
1462;1372
1465;1374
1477;1377
1495;1379
1515;1382
1524;1384
1518;1386
1508;1389
1522;1391
1530;1394
1514;1396
1501;1398
1506;1401
1510;1403
1522;1406
1545;1409
1552;1411
1540;1414
1517;1416
1493;1419
1481;1421
1476;1424
1468;1426
1475;1428
1489;1431
1493;1433
1473;1436
1467;1438
1471;1440
1477;1443
1497;1445
1523;1448
1548;1451
1528;1453
1476;1456
1448;1458
1444;1461
1444;1463
1457;1466
1482;1468
1492;1470
1484;1473
1472;1475
1481;1478
1499;1480
1503;1482
1492;1485
1489;1487
1495;1490
1506;1492
1508;1495
1483;1498
1463;1500
1463;1503
1495;1505
1521;1508
1518;1510
1505;1512
1507;1515
1516;1517
1513;1520
1484;1522
1469;1524
1456;1527
1444;1529
1433;1532
1444;1534
1475;1538
1508;1540
1515;1542
1500;1545
1470;1547
1473;1550
1496;1552
1508;1554
1501;1557
1489;1559
1486;1562
1489;1564
1492;1566
1490;1569
1475;1571
1464;1574
1451;1576
1452;1580
1472;1582
1502;1584
1529;1587
1526;1589
1510;1592
1502;1594
1491;1596
1478;1599
1481;1601
1495;1604
1488;1606
1464;1608
1455;1611
1452;1613
1446;1616
1443;1618
1447;1622
1454;1624
1466;1626
1487;1629
1510;1631
1511;1634
1516;1636
1511;1638
1511;1641
1503;1643
1497;1646
1488;1648
1474;1650
1470;1653
1470;1655
1483;1658
1499;1660
1505;1664
1502;1666
1480;1668
1478;1671
1498;1673
1509;1676
1491;1678
1467;1680
1451;1683
1450;1685
1455;1688
1474;1690
1482;1692
1477;1695
1462;1697
1441;1700
1438;1702
1453;1705
1466;1708
1466;1710
1448;1713
1442;1715
1463;1718
1483;1720
1488;1722
1483;1725
1470;1727
1471;1730
1476;1732
1480;1734
1480;1737
1473;1739
1464;1742
1461;1744
1456;1747
1451;1750
1440;1752
1436;1755
1428;1757
1425;1760
1425;1762
1426;1764
1443;1767
1471;1769
1493;1772
1497;1774
1473;1776
1468;1779
1471;1781
1480;1784
1489;1786
1493;1789
1494;1792
1495;1794
1502;1797
1496;1799
1483;1802
1475;1804
1499;1806
1519;1809
1502;1811
1469;1814
1457;1816
1458;1819
1464;1821
1474;1823
1486;1826
1487;1828
1504;1831
1513;1833
1501;1836
1474;1839
1462;1841
1471;1844
1478;1846
1480;1848
1485;1851
1491;1853
1482;1856
1470;1858
1472;1861
1480;1863
1478;1865
1471;1868
1480;1870
1493;1873
1498;1875
1489;1878
1499;1881
1514;1883
1498;1886
1472;1888
1459;1890
1464;1893
1485;1895
1494;1898
1486;1900
1464;1903
1459;1905
1473;1907
1493;1910
1504;1912
1497;1915
1491;1917
1475;1920
1464;1923
1461;1925
1478;1928
1505;1930
1512;1932
1503;1935
1510;1937
1519;1940
1525;1942
1519;1945
1490;1947
1457;1949
1443;1952
1452;1954
1466;1957
1463;1959
1443;1961
1436;1965
1437;1967
1442;1970
1443;1972
1445;1974
1454;1977
1478;1979
1498;1982
1504;1984
1502;1987
1500;1989
1491;1991
1476;1994
1478;1996
1482;1999
1490;2001
1488;2003
1470;2007
1451;2009
1462;2012
1501;2014
1518;2016
1503;2019
1477;2021
1461;2024
1433;2026
1420;2029
1433;2031
1448;2033
1461;2036
1469;2038
1484;2041
1500;2043
1510;2045
1510;2049
1490;2051
1475;2054
1479;2056
1495;2058
1510;2061
1509;2063
1494;2066
1476;2068
1481;2071
1490;2073
1505;2075
1504;2078
1489;2080
1470;2083
1456;2085
1453;2087
1463;2091
1485;2093
1502;2096
1510;2098
1507;2100
1496;2103
1475;2105
1458;2108
1448;2110
1450;2113
1465;2115
1473;2117
1466;2120
1473;2122
1500;2125
1516;2127
1508;2129
1505;2132
1507;2135
1504;2138
1489;2140
1502;2142
1509;2145
1498;2147
1484;2150
1478;2152
1477;2155
1487;2157
1487;2159
1485;2162
1471;2164
1460;2167
1473;2169
1490;2171
1494;2174
1485;2177
1477;2180
1473;2182
1472;2185
1475;2187
1476;2189
1483;2192
1493;2194
1493;2197
1483;2199
1469;2201
1459;2204
1466;2206
1484;2209
1482;2211
1475;2213
1500;2216
1516;2219
1490;2222
1464;2224
1459;2227
1485;2229
1506;2231
1517;2234
1502;2236
1485;2239
1478;2241
1477;2243
1464;2246
1463;2248
1467;2251
1471;2253
1477;2255
1477;2258
1463;2260
1443;2264
1435;2266
1444;2269
1455;2271
1463;2273
1455;2276
1431;2278
1418;2281
1422;2283
1449;2285
1483;2288
1499;2290
1496;2293
1493;2295
1495;2297
1495;2300
1486;2302
1473;2306
1453;2308
1450;2311
1460;2313
1469;2315
1468;2318
1447;2320
1431;2323
1410;2325
1409;2327
1416;2330
1430;2332
1451;2335
1475;2337
1488;2339
1491;2342
1489;2344
1480;2348
1478;2350
1487;2353
1492;2355
1480;2357
1459;2360
1444;2362
1435;2365
1435;2367
1446;2369
1458;2372
1460;2374
1474;2377
1489;2379
1491;2381
1471;2384
1463;2386
1472;2390
1489;2392
1483;2395
1456;2397
1441;2399
1437;2402
1445;2404
1470;2407
1485;2409
1479;2411
1476;2414
1479;2416
1478;2419
1466;2421
1454;2424
1445;2426
1453;2428
1476;2432
1487;2434
1483;2437
1474;2439
1471;2441
1471;2444
1477;2446
1482;2449
1475;2451
1466;2453
1460;2456
1463;2458
1477;2461
1483;2463
1496;2466
1504;2468
1501;2470
1488;2473
1484;2476
1488;2479
1499;2481
1504;2483
1509;2486
1507;2488
1495;2491
1488;2493
1480;2495
1471;2498
1464;2500
1456;2503
1446;2505
1442;2508
1459;2510
1476;2512
1471;2515
1462;2518
1468;2521
1482;2523
1490;2525
1490;2528
1486;2530
1479;2533
1479;2535
1478;2537
1464;2540
1453;2542
1463;2545
1477;2547
1483;2550
1484;2552
1486;2554
1490;2557
1491;2560
1496;2563
1500;2565
1494;2567
1472;2570
1455;2572
1454;2575
1455;2577
1440;2579
1434;2582
1445;2584
1452;2587
1464;2589
1475;2592
1479;2594
1463;2596
1450;2599
1466;2601
1505;2605
1530;2607
1510;2609
1479;2612
1470;2614
1478;2617
1488;2619
1480;2621
1461;2624
1444;2626
1444;2629
1454;2631
1459;2634
1477;2636
1512;2638
1524;2641
1503;2643
1469;2647
1461;2649
1458;2651
1476;2654
1496;2656
1505;2659
1494;2661
1482;2664
1468;2666
1465;2668
1475;2671
1497;2673
1508;2676
1512;2678
1513;2680
1508;2683
1489;2685
1463;2689
1452;2691
1452;2693
1455;2696
1458;2698
1457;2701
1450;2703
1452;2706
1463;2708
1460;2710
1452;2713
1456;2715
1476;2718
1488;2720
1482;2722
1479;2725
1488;2727
1510;2731
1519;2733
1509;2735
1493;2738
1484;2740
1498;2743
1524;2745
1527;2748
1515;2750
1503;2752
1488;2755
1477;2757
1474;2760
1478;2762
1466;2764
1449;2767
1442;2769
1440;2772
1441;2775
1450;2777
1465;2780
1475;2782
1477;2785
1475;2787
1481;2790
1477;2792
1475;2794
1464;2797
1463;2799
1462;2802
1465;2804
1486;2806
1512;2809
1511;2811
1497;2814
1502;2817
1520;2819
1516;2822
1516;2824
1519;2827
1510;2829
1487;2832
1476;2834
1468;2836
1482;2839
1503;2841
1496;2844
1481;2846
1468;2848
1460;2851
1452;2853
1447;2856
1456;2859
1478;2862
1490;2864
1481;2866
1472;2869
1478;2871
1493;2874
1504;2876
1501;2878
1497;2881
1484;2883
1472;2886
1485;2888
1541;2890
1584;2893
1577;2895
1532;2898
1499;2900
1477;2904
1471;2906
1472;2908
1472;2911
1477;2913
1498;2916
1500;2918
1476;2920
1460;2923
1455;2925
1452;2928
1454;2930
1454;2932
1467;2935
1481;2937
1492;2940
1505;2942
1505;2946
1502;2948
1495;2950
1488;2953
1469;2955
1450;2958
1458;2960
1471;2962
1478;2965
1490;2967
1496;2970
1501;2972
1500;2974
1504;2977
1512;2979
1517;2982
1498;2984
1475;2988
1462;2990
1448;2992
1435;2995
1434;2997
1431;3000
1426;3002
1419;3004
1440;3007
1466;3009
1470;3012
1455;3014
1463;3017
1494;3019
1521;3021
1526;3024
1523;3026
1518;3030
1507;3032
1501;3034
1502;3037
1497;3039
1482;3042
1464;3044
1466;3046
1490;3049
1514;3051
1545;3054
1540;3056
1502;3059
1482;3061
1469;3063
1466;3066
1454;3068
1445;3072
1448;3074
1456;3076
1457;3079
1456;3081
1461;3084
1497;3086
1516;3088
1506;3091
1477;3093
1466;3096
1485;3098
1505;3101
1514;3103
1495;3105
1471;3108
1468;3110
1471;3113
1482;3116
1502;3118
1538;3121
1557;3123
1549;3126
1518;3128
1490;3130
1476;3133
1474;3135
1476;3138
1471;3140
1462;3143
1465;3145
1472;3147
1476;3150
1477;3152
1482;3155
1503;3158
1524;3160
1528;3163
1513;3165
1504;3168
1505;3170
1519;3172
1522;3175
1516;3177
1518;3180
1507;3182
1487;3185
1472;3187
1473;3189
1478;3192
1479;3194
1485;3197
1493;3200
1493;3202
1483;3205
1479;3207
1469;3210
1463;3212
1465;3214
1469;3217
1479;3219
1498;3222
1499;3224
1492;3227
1473;3229
1454;3231
1445;3234
1451;3236
1462;3239
1484;3241
1494;3244
1502;3247
1513;3249
1520;3252
1530;3254
1518;3257
1500;3259
1481;3261
1471;3264
1485;3266
1491;3269
1486;3271
1476;3273
1461;3276
1450;3278
1438;3281
1434;3283
1439;3286
1452;3289
1474;3291
1484;3294
1472;3296
1459;3299
1460;3301
1460;3303
1460;3306
1470;3308
1478;3311
1484;3313
1482;3315
1482;3318
1487;3320
1499;3323
1497;3325
1492;3328
1487;3331
1502;3333
1526;3336
1536;3338
1509;3341
1474;3343
1460;3345
1468;3348
1478;3350
1479;3353
1464;3355
1446;3357
1429;3360
1423;3362
1425;3365
1436;3367
1455;3369
1473;3373
1463;3375
1453;3378
1472;3380
1493;3383
1513;3385
1517;3387
1527;3390
1528;3392
1521;3395
1511;3397
1503;3399
1510;3402
1515;3404
1492;3407
1473;3409
1483;3411
1501;3415
1493;3417
1485;3420
1511;3422
1519;3425
1494;3427
1458;3429
1442;3432
1437;3434
1430;3437
1433;3439
1446;3441
1442;3444
1440;3446
1466;3449
1496;3451
1511;3453
1499;3457
1497;3459
1496;3462
1493;3464
1504;3467
1567;3469
1618;3471
1608;3474
1563;3476
1532;3479
1517;3481
1531;3483
1527;3486
1515;3488
1522;3491
1549;3493
1571;3496
1549;3499
1549;3501
1560;3504
1558;3506
1532;3509
1513;3511
1523;3513
1540;3516
1554;3518
1574;3521
1578;3523
1548;3525
1516;3528
1490;3530
1478;3533
1498;3535
1552;3538
1627;3540
1657;3543
1624;3546
1541;3548
1482;3551
1466;3553
1467;3555
1485;3558
1509;3560
1525;3563
1522;3565
1497;3567
1488;3570
1490;3572
1494;3575
1473;3577
1439;3580
1443;3582
1464;3585
1479;3588
1471;3590
1474;3593
1482;3595
1491;3597
1485;3600
1475;3602
1449;3605
1450;3607
1493;3609
1526;3612
1504;3614
1463;3617
1463;3619
1476;3622
1465;3624
1443;3627
1412;3630
1412;3632
1427;3635
1445;3637
1474;3639
1489;3642
1490;3644
1484;3647
1483;3649
1485;3651
1477;3654
1454;3656
1426;3659
1414;3661
1408;3664
1417;3666
1435;3668
1451;3672
1469;3674
1524;3677
1555;3679
1540;3681
1472;3684
1417;3686
1397;3689
1417;3691
1454;3694
1482;3696
1489;3698
1472;3701
1462;3703
1449;3706
1457;3708
1457;3710
1430;3714
1404;3716
1394;3719
1400;3721
1405;3723
1409;3726
1410;3728
1428;3731
1446;3733
1450;3736
1429;3738
1405;3740
1392;3743
1406;3745
1420;3748
1420;3750
1408;3752
1413;3756
1437;3758
1446;3761
1432;3763
1406;3765
1404;3768
1432;3770
1441;3773
1425;3775
1409;3778
1411;3780
1437;3782
1460;3785
1452;3787
1433;3790
1432;3792
1446;3794
1447;3798
1435;3800
1439;3803
1453;3805
1457;3807
1459;3810
1442;3812
1421;3815
1424;3817
1431;3820
1434;3822
1443;3824
1454;3827
1456;3829
1447;3832
1428;3834
1413;3836
1395;3840
1408;3842
1435;3845
1456;3847
1451;3849
1458;3852
1479;3854
1493;3857
1481;3859
1450;3862
1437;3864
1445;3866
1462;3869
1494;3871
1502;3874
1494;3876
1484;3878
1506;3881
1526;3884
1503;3887
1464;3889
1438;3891
1424;3894
1420;3896
1418;3899
1419;3901
1431;3904
1445;3906
1476;3908
1486;3911
1485;3913
1476;3916
1462;3918
1442;3920
1427;3923
1420;3926
1426;3929
1426;3931
1419;3933
1408;3936
1400;3938
1411;3941
1448;3943
1478;3946
1465;3948
1435;3950
1434;3953
1442;3955
1435;3958
1422;3960
1446;3962
1471;3965
1491;3968
1494;3971
1471;3973
1417;3976
1385;3978
1378;3980
1387;3983
1401;3985
1407;3988
1385;3990
1369;3992
1373;3995
1381;3997
1392;4000
1405;4002
1411;4004
1410;4007
1396;4009
1377;4013
1366;4015
1373;4018
1394;4020
1413;4022
1427;4025
1440;4027
1458;4030
1481;4032
1497;4034
1501;4037
1494;4039
1488;4042
1468;4044
1469;4046
1500;4049
1519;4051
1510;4055
1475;4057
1455;4060
1459;4062
1484;4064
1494;4067
1466;4069
1433;4072
1431;4074
1441;4076
1451;4079
1453;4081
1464;4084
1475;4086
1486;4088
1504;4091
1510;4093
1505;4097
1499;4099
1520;4102
1545;4104
1552;4106
1512;4109
1488;4111
1500;4114
1529;4116
1556;4118
1548;4121
1510;4123
1486;4126
1480;4128
1461;4130
1469;4133
1505;4135
1518;4139
1500;4141
1469;4144
1454;4146
1460;4148
1469;4151
1477;4153
1491;4156
1519;4158
1547;4160
1553;4163
1530;4165
1501;4168
1505;4170
1524;4173
1527;4175
1517;4177
1514;4180
1518;4183
1510;4186
1509;4188
1508;4190
1482;4193
1459;4195
1453;4198
1467;4200
1490;4202
1501;4205
1499;4207
1475;4210
1481;4212
1538;4215
1578;4217
1552;4219
1491;4222
1453;4225
1437;4228
1443;4230
1452;4232
1453;4235
1457;4237
1464;4240
1465;4242
1462;4244
1461;4247
1464;4249
1481;4252
1492;4254
1491;4257
1484;4259
1470;4261
1469;4264
1503;4267
1529;4270
1500;4272
1440;4274
1417;4277
1424;4279
1439;4282
1451;4284
1459;4286
1469;4289
1466;4291
1449;4294
1451;4296
1473;4299
1480;4301
1474;4303
1479;4306
1493;4308
1497;4312
1476;4314
1461;4316
1466;4319
1479;4321
1479;4324
1461;4326
1452;4328
1457;4331
1470;4333
1483;4336
1477;4338
1453;4341
1458;4343
1482;4345
1498;4348
1516;4350
1526;4354
1526;4356
1510;4358
1499;4361
1497;4363
1492;4366
1494;4368
1502;4370
1519;4373
1530;4375
1529;4378
1531;4380
1524;4383
1502;4385
1481;4387
1502;4390
1525;4392
1529;4396
1521;4398
1520;4400
1540;4403
1560;4405
1557;4408
1531;4410
1497;4412
1472;4415
1467;4417
1496;4420
1529;4422
1537;4425
1522;4427
1519;4429
1523;4432
1501;4434
1481;4438
1514;4440
1566;4442
1574;4445
1553;4447
1533;4450
1514;4452
1497;4455
1487;4457
1485;4459
1534;4462
1574;4464
1579;4467
1565;4469
1557;4471
1537;4474
1511;4476
1509;4480
1514;4482
1502;4484
1485;4487
1470;4489
1461;4492
1467;4494
1473;4497
1472;4499
1484;4501
1500;4504
1511;4506
1507;4509
1509;4511
1505;4513
1499;4516
1485;4518
1477;4521
1481;4524
1509;4526
1534;4529
1545;4531
1520;4534
1491;4536
1490;4539
1509;4541
1538;4543
1542;4546
1524;4548
1487;4551
1467;4553
1470;4555
1477;4558
1494;4560
1493;4563
1502;4566
1528;4568
1537;4571
1515;4573
1478;4576
1465;4578
1468;4581
1484;4583
1499;4585
1507;4588
1504;4590
1498;4593
1512;4595
1537;4597
1533;4600
1505;4602
1505;4605
1510;4608
1527;4610
1527;4613
1513;4615
1503;4618
1512;4620
1508;4623
1482;4625
1461;4627
1460;4630
1500;4632
1565;4635
1581;4637
1521;4639
1464;4642
1455;4644
1470;4647
1500;4649
1511;4653
1503;4655
1501;4657
1499;4660
1483;4662
1472;4665
1472;4667
1467;4669
1485;4672
1501;4674
1502;4677
1485;4679
1468;4681
1469;4684
1466;4686
1470;4689
1492;4691
1517;4695
1513;4697
1497;4699
1495;4702
1529;4704
1549;4707
1526;4709
1488;4711
1469;4714
1471;4716
1471;4719
1465;4721
1453;4723
1441;4726
1434;4728
1437;4731
1456;4733
1492;4737
1536;4739
1553;4741
1539;4744
1502;4746
1471;4749
1460;4751
1466;4753
1481;4756
1493;4758
1500;4761
1495;4763
1484;4765
1492;4768
1503;4770
1512;4773
1514;4775
1491;4779
1465;4781
1448;4783
1448;4786
1453;4788
1458;4791
1447;4793
1432;4795
1424;4798
1420;4800
1431;4803
1442;4805
1455;4808
1472;4810
1487;4812
1523;4815
1544;4817
1530;4820
1486;4823
1464;4825
1460;4828
1470;4830
1478;4833
1474;4835
1462;4837
1450;4840
1462;4842
1510;4845
1543;4847
1531;4850
1504;4852
1489;4854
1476;4857
1467;4859
1465;4862
1464;4865
1473;4867
1472;4870
1470;4872
1459;4875
1457;4877
1480;4879
1489;4882
1477;4884
1470;4887
1497;4889
1537;4892
1538;4894
1515;4896
1494;4899
1481;4901
1476;4904
1472;4907
1469;4909
1471;4912
1496;4914
1510;4917
1487;4919
1462;4921
1457;4924
1474;4926
1498;4929
1513;4931
1513;4934
1497;4936
1481;4938
1470;4941
1462;4943
1471;4946
1486;4948
1500;4951
1501;4954
1500;4956
1491;4959
1487;4961
1489;4963
1494;4966
1488;4968
1470;4971
1465;4973
1482;4976
1512;4978
1525;4980
1508;4983
1478;4985
1454;4988
1436;4990
1432;4993
1441;4996
1461;4998
1480;5001
1500;5003
1543;5006
1580;5008
1590;5010
1565;5013
1532;5015
1519;5018
1509;5020
1488;5022
1475;5025
1452;5027
1430;5030
1427;5032
1449;5035
1471;5038
1498;5040
1507;5043
1493;5045
1462;5048
1443;5050
1461;5052
1483;5055
1487;5057
1458;5060
1431;5062
1426;5064
1439;5067
1457;5069
1474;5072
1488;5074
1529;5076
1552;5080
1543;5082
1519;5085
1495;5087
1472;5090
1460;5092
1464;5094
1479;5097
1473;5099
1463;5102
1451;5104
1443;5106
1429;5109
1416;5111
1412;5114
1413;5116
1446;5118
1490;5122
1500;5124
1470;5127
1448;5129
1449;5132
1454;5134
1457;5136
1459;5139
1457;5141
1454;5144
1459;5146
1484;5148
1495;5151
1486;5153
1466;5156
1459;5158
1469;5160
1505;5164
1530;5166
1526;5169
1503;5171
1492;5174
1493;5176
1490;5178
1469;5181
1454;5183
1460;5186
1470;5188
1474;5190
1476;5193
1471;5195
1463;5198
1456;5200
1457;5203
1455;5206
1452;5208
1457;5211
1492;5213
1527;5216
1529;5218
1500;5220
1480;5223
1458;5225
1444;5228
1471;5230
1496;5232
1508;5235
1492;5237
1484;5240
1489;5242
1505;5245
1513;5248
1500;5250
1469;5253
1450;5255
1450;5258
1455;5260
1467;5262
1476;5265
1476;5267
1468;5270
1468;5272
1480;5274
1502;5277
1509;5279
1499;5282
1478;5284
1466;5287
1464;5289
1465;5292
1465;5295
1480;5297
1490;5300
1491;5302
1478;5304
1470;5307
1484;5309
1527;5312
1554;5314
1542;5316
1500;5319
1462;5321
1434;5324
1424;5326
1423;5329
1428;5331
1430;5334
1425;5337
1414;5339
1419;5342
1440;5344
1454;5346
1467;5349
1484;5351
1493;5354
1492;5356
1499;5358
1505;5361
1488;5363
1461;5366
1451;5368
1456;5371
1467;5373
1479;5376
1496;5379
1496;5381
1487;5384
1470;5386
1464;5388
1468;5391
1476;5393
1483;5396
1479;5398
1473;5400
1478;5403
1491;5405
1486;5408
1476;5410
1451;5413
1459;5415
1475;5417
1482;5421
1469;5423
1463;5426
1469;5428
1480;5430
1495;5433
1516;5435
1538;5438
1531;5440
1498;5443
1482;5445
1488;5447
1506;5450
1522;5452
1517;5455
1494;5457
1479;5459
1489;5463
1522;5465
1529;5468
1488;5470
1447;5472
1438;5475
1447;5477
1485;5480
1531;5482
1539;5485
1519;5487
1486;5489
1468;5492
1469;5494
1489;5497
1504;5499
1507;5501
1510;5505
1496;5507
1485;5510
1474;5512
1463;5514
1458;5517
1459;5519
1474;5522
1492;5524
1502;5527
1516;5529
1524;5531
1519;5534
1505;5536
1515;5539
1525;5541
1520;5543
1514;5547
1520;5549
1536;5552
1539;5554
1521;5556
1512;5559
1509;5561
1500;5564
1476;5566
1460;5569
1469;5571
1492;5573
1508;5576
1496;5578
1517;5581
1546;5583
1562;5585
1521;5588
1485;5591
1472;5594
1462;5596
1464;5598
1467;5601
1470;5603
1467;5606
1474;5608
1487;5611
1495;5613
1490;5615
1483;5618
1514;5620
1550;5623
1549;5625
1516;5627
1496;5630
1489;5633
1486;5636
1475;5638
1471;5641
1471;5643
1449;5645
1444;5648
1451;5650
1459;5653
1476;5655
1507;5657
1524;5660
1519;5662
1500;5665
1494;5667
1508;5669
1507;5672
1499;5675
1487;5678
1492;5680
1493;5683
1497;5685
1500;5687
1490;5690
1488;5692
1478;5695
1465;5697
1454;5699
1465;5702
1482;5704
1491;5707
1501;5709
1529;5711
1547;5714
1517;5716
1468;5720
1456;5722
1467;5725
1483;5727
1484;5729
1487;5732
1492;5734
1499;5737
1490;5739
1479;5741
1479;5744
1479;5746
1467;5749
1460;5751
1469;5753
1485;5756
1483;5758
1488;5762
1503;5764
1515;5767
1526;5769
1540;5771
1535;5774
1505;5776
1479;5779
1475;5781
1474;5783
1468;5786
1462;5788
1455;5791
1474;5793
1486;5795
1479;5798
1461;5800
1474;5804
1505;5806
1515;5809
1494;5811
1461;5813
1449;5816
1451;5818
1464;5821
1473;5823
1487;5825
1490;5828
1477;5830
1478;5833
1503;5835
1544;5838
1545;5840
1526;5842
1508;5846
1498;5848
1490;5851
1480;5853
1468;5855
1459;5858
1466;5860
1495;5863
1535;5865
1535;5867
1509;5870
1507;5872
1514;5875
1521;5877
1524;5880
1514;5882
1489;5884
1453;5888
1438;5890
1447;5893
1457;5895
1472;5897
1490;5900
1509;5902
1499;5905
1476;5907
1458;5909
1457;5912
1480;5914
1507;5917
1513;5919
1507;5922
1496;5924
1495;5926
1507;5929
1501;5932
1489;5935
1480;5937
1507;5939
1551;5942
1541;5944
1492;5947
1459;5949
1450;5951
1445;5954
1441;5956
1440;5959
1451;5961
1460;5964
1477;5966
1481;5968
1484;5971
1488;5974
1508;5977
1529;5979
1537;5981
1515;5984
1493;5986
1460;5989
1436;5991
1422;5993
1421;5996
1427;5998
1431;6001
1438;6003
1444;6006
1453;6008
1455;6010
1455;6013
1464;6016
1482;6019
1492;6021
1493;6023
1491;6026
1507;6028
1508;6031
1491;6033
1465;6035
1436;6038
1437;6040
1443;6043
1473;6045
1506;6048
1515;6050
1494;6052
1481;6055
1480;6057
1468;6061
1470;6063
1510;6065
1539;6068
1518;6070
1469;6073
1443;6075
1439;6078
1461;6080
1486;6082
1479;6085
1461;6087
1443;6090
1443;6092
1438;6094
1438;6097
1445;6099
1448;6103
1439;6105
1437;6107
1445;6110
1468;6112
1518;6115
1547;6117
1533;6120
1511;6122
1501;6124
1485;6127
1469;6129
1447;6132
1435;6134
1439;6136
1441;6139
1451;6141
1474;6145
1495;6147
1498;6149
1501;6152
1489;6154
1480;6157
1500;6159
1514;6162
1501;6164
1472;6166
1454;6169
1443;6171
1432;6174
1431;6176
1438;6178
1458;6181
1475;6183
1483;6187
1473;6189
1472;6191
1480;6194
1474;6196
1454;6199
1437;6201
1439;6204
1446;6206
1454;6208
1457;6211
1461;6213
1468;6216
1481;6218
1473;6220
1453;6223
1449;6225
1458;6228
1467;6231
1469;6234
1476;6236
1501;6238
1524;6241
1509;6243
1468;6246
1442;6248
1440;6250
1440;6253
1444;6255
1451;6258
1462;6260
1477;6262
1507;6265
1521;6267
1502;6270
1474;6273
1454;6276
1457;6278
1463;6280
1455;6283
1439;6285
1426;6288
1435;6290
1431;6292
1413;6295
1398;6297
1413;6300
1445;6302
1485;6304
1524;6307
1536;6309
1523;6312
1492;6315
1474;6318
1463;6320
1460;6322
1452;6325
1438;6327
1423;6330
1417;6332
1436;6334
1459;6337
1473;6339
1464;6342
1459;6344
1471;6346
1486;6349
1480;6351
1472;6354
1465;6356
1475;6360
1485;6362
1480;6364
1457;6367
1440;6369
1436;6372
1436;6374
1436;6376
1442;6379
1446;6381
1455;6384
1481;6386
1502;6389
1528;6391
1529;6393
1510;6396
1503;6398
1518;6402
1528;6404
1512;6406
1497;6409
1489;6411
1479;6414
1468;6416
1475;6418
1509;6421
1543;6423
1563;6426
1559;6428
1541;6431
1528;6433
1509;6435
1495;6438
1482;6440
1485;6444
1483;6446
1467;6448
1452;6451
1451;6453
1454;6456
1457;6458
1461;6460
1467;6463
1463;6465
1463;6468
1462;6470
1482;6473
1506;6475
1517;6477
1517;6480
1532;6482
1550;6486
1549;6488
1525;6490
1502;6493
1505;6495
1536;6498
1589;6500
1614;6502
1596;6505
1539;6507
1496;6510
1483;6512
1475;6515
1466;6517
1446;6519
1422;6522
1419;6524
1428;6528
1442;6530
1461;6532
1469;6535
1470;6537
1465;6540
1474;6542
1480;6544
1484;6547
1486;6549
1486;6552
1488;6554
1494;6557
1513;6559
1529;6561
1538;6564
1541;6566
1526;6569
1502;6572
1487;6574
1485;6577
1477;6579
1467;6582
1455;6584
1444;6586
1439;6589
1436;6591
1463;6594
1490;6596
1486;6599
1454;6601
1441;6603
1447;6606
1464;6608
1476;6611
1475;6614
1476;6616
1472;6619
1461;6621
1454;6624
1455;6626
1464;6629
1481;6631
1493;6633
1517;6636
1529;6638
1544;6641
1553;6643
1547;6645
1526;6648
1485;6650
1464;6653
1480;6656
1509;6658
1504;6661
1482;6663
1452;6666
1442;6668
1434;6671
1434;6673
1449;6675
1457;6678
1449;6680
1437;6683
1464;6685
1495;6687
1507;6690
1486;6692
1463;6695
1459;6697
1464;6700
1458;6703
1457;6705
1478;6708
1507;6710
1504;6713
1483;6715
1455;6717
1470;6720
1488;6722
1491;6725
1465;6727
1457;6729
1456;6732
1456;6734
1461;6737
1463;6739
1460;6742
1461;6745
1458;6747
1441;6750
1427;6752
1435;6755
1472;6757
1488;6759
1484;6762
1486;6764
1477;6767
1472;6769
1478;6771
1485;6774
1491;6776
1495;6779
1486;6781
1464;6785
1463;6787
1466;6789
1472;6792
1478;6794
1475;6797
1458;6799
1447;6801
1457;6804
1473;6806
1462;6809
1445;6811
1448;6813
1453;6816
1452;6818
1447;6821
1456;6823
1480;6827
1494;6829
1490;6831
1494;6834
1516;6836
1531;6839
1536;6841
1534;6843
1511;6846
1486;6848
1482;6851
1511;6853
1532;6855
1542;6858
1527;6860
1500;6863
1489;6865
1467;6868
1465;6871
1469;6873
1461;6876
1445;6878
1440;6881
1440;6883
1454;6885
1472;6888
1489;6890
1504;6893
1500;6895
1485;6897
1474;6900
1469;6902
1457;6905
1450;6907
1466;6910
1508;6913
1538;6915
1539;6918
1516;6920
1496;6923
1499;6925
1501;6927
1496;6930
1508;6932
1516;6935
1520;6937
1509;6939
1489;6942
1477;6944
1462;6947
1457;6949
1452;6952
1462;6955
1474;6957
1466;6960
1464;6962
1477;6965
1500;6967
1525;6969
1513;6972
1485;6974
1470;6977
1466;6979
1470;6982
1478;6984
1484;6986
1491;6989
1510;6991
1514;6994
1486;6996
1461;6999
1460;7002
1453;7004
1447;7007
1461;7009
1505;7011
1539;7014
1544;7016
1518;7019
1504;7021
1505;7024
1505;7026
1493;7028
1475;7031
1458;7033
1451;7036
1457;7038
1461;7041
1462;7044
1475;7046
1496;7049
1491;7051
1472;7053
1461;7056
1462;7058
1474;7061
1479;7063
1480;7066
1480;7068
1478;7070
1485;7073
1500;7075
1503;7078
1488;7080
1473;7083
1459;7086
1445;7088
1435;7091
1433;7093
1440;7095
1442;7098
1438;7100
1444;7103
1462;7105
1487;7108
1523;7110
1565;7112
1579;7115
1554;7117
1507;7120
1477;7122
1471;7124
1471;7128
1479;7130
1491;7133
1497;7135
1492;7137
1476;7140
1463;7142
1463;7145
1490;7147
1508;7150
1500;7152
1482;7154
1478;7157
1471;7159
1466;7162
1485;7164
1498;7166
1498;7170
1497;7172
1489;7175
1473;7177
1471;7180
1482;7182
1487;7184
1478;7187
1486;7189
1497;7192
1505;7194
1502;7196
1504;7199
1510;7201
1516;7204
1531;7206
1548;7208
1531;7212
1498;7214
1479;7217
1485;7219
1535;7222
1582;7224
1580;7226
1516;7229
1467;7231
1444;7234
1441;7236
1448;7238
1457;7241
1467;7243
1468;7246
1458;7248
1448;7250
1453;7254
1459;7256
1463;7259
1464;7261
1484;7264
1509;7266
1526;7268
1518;7271
1489;7273
1466;7276
1450;7278
1458;7280
1472;7283
1488;7285
1490;7288
1484;7290
1478;7292
1467;7296
1461;7298
1469;7301
1479;7303
1483;7306
1469;7308
1456;7310
1454;7313
1465;7315
1469;7318
1464;7320
1455;7322
1453;7325
1468;7327
1480;7330
1491;7332
1503;7334
1525;7337
1520;7340
1514;7343
1513;7345
1513;7348
1504;7350
1493;7352
1492;7355
1486;7357
1483;7360
1487;7362
1486;7364
1477;7367
1461;7369
1462;7372
1488;7374
1512;7377
1507;7379
1497;7382
1491;7385
1484;7387
1482;7390
1484;7392
1488;7394
1494;7397
1499;7399
1503;7402
1511;7404
1548;7406
1582;7409
1578;7411
1534;7414
1498;7416
1479;7419
1476;7421
1467;7424
1453;7427
1446;7429
1443;7432
1467;7434
1510;7436
1542;7439
1544;7441
1516;7444
1494;7446
1482;7448
1466;7451
1471;7453
1481;7456
1490;7458
1512;7461
1523;7463
1516;7465
1500;7469
1493;7471
1485;7474
1491;7476
1505;7478
1499;7481
1502;7483
1512;7486
1504;7488
1470;7490
1449;7493
1446;7495
1462;7498
1475;7500
1471;7503
1452;7505
1460;7507
1494;7511
1514;7513
1503;7516
1481;7518
1467;7520
1468;7523
1464;7525
1468;7528
1471;7530
1475;7532
1482;7535
1492;7537
1505;7540
1518;7542
1525;7545
1511;7547
1495;7549
1483;7553
1484;7555
1480;7558
1471;7560
1464;7562
1478;7565
1486;7567
1492;7570
1495;7572
1482;7574
1465;7577
1451;7579
1440;7582
1437;7584
1447;7587
1468;7589
1488;7591
1494;7595
1480;7597
1490;7600
1501;7602
1499;7604
1478;7607
1463;7609
1457;7612
1465;7614
1488;7616
1513;7619
1509;7621
1487;7624
1480;7626
1471;7629
1464;7631
1465;7633
1471;7636
1490;7639
1496;7642
1495;7644
1481;7646
1465;7649
1469;7651
1472;7654
1465;7656
1452;7659
1441;7661
1441;7663
1439;7666
1444;7668
1463;7671
1485;7673
1513;7675
1537;7678
1542;7681
1509;7684
1480;7686
1471;7688
1477;7691
1487;7693
1496;7696
1498;7698
1478;7701
1484;7703
1493;7705
1492;7708
1485;7710
1485;7713
1466;7715
1454;7717
1460;7720
1487;7723
1498;7726
1485;7728
1456;7730
1444;7733
1440;7735
1432;7738
1437;7740
1450;7743
1473;7745
1492;7747
1500;7750
1521;7752
1535;7755
1526;7757
1496;7759
1480;7762
1488;7764
1494;7768
1491;7770
1470;7772
1439;7775
1428;7777
1431;7780
1436;7782
1444;7785
1464;7787
1480;7789
1483;7792
1479;7794
1473;7797
1453;7799
1447;7801
1453;7804
1460;7806
1470;7810
1478;7812
1483;7814
1483;7817
1485;7819
1484;7822
1493;7824
1515;7827
1523;7829
1496;7831
1472;7834
1465;7836
1461;7839
1459;7841
1453;7843
1442;7846
1439;7848
1464;7852
1486;7854
1485;7856
1469;7859
1457;7861
1455;7864
1455;7866
1450;7869
1451;7871
1454;7873
1466;7876
1475;7878
1488;7881
1508;7883
1517;7885
1498;7888
1473;7890
1452;7894
1463;7896
1489;7898
1499;7901
1486;7903
1457;7906
1438;7908
1429;7911
1436;7913
1447;7915
1476;7918
1501;7920
1502;7923
1490;7925
1479;7927
1466;7930
1472;7932
1496;7936
1519;7938
1529;7940
1525;7943
1504;7945
1481;7948
1463;7950
1463;7953
1466;7955
1464;7957
1474;7960
1489;7962
1495;7965
1487;7967
1479;7969
1482;7972
1490;7974
1489;7977
1490;7980
1482;7983
1487;7985
1502;7987
1497;7990
1480;7992
1465;7995
1471;7997
1501;7999
1521;8002
1504;8004
1469;8007
1448;8009
1445;8011
1451;8014
1454;8016
1453;8019
1463;8022
1471;8025
1484;8027
1488;8029
1475;8032
1463;8034
1463;8037
1491;8039
1510;8041
1506;8044
1480;8046
1449;8049
1435;8051
1435;8053
1451;8056
1474;8058
1487;8061
1477;8064
1467;8067
1456;8069
1445;8071
1438;8074
1432;8076
1430;8079
1432;8081
1436;8083
1437;8086
1432;8088
1438;8091
1460;8093
1480;8095
1482;8098
1473;8100
1467;8103
1482;8105
1517;8109
1544;8111
1555;8113
1536;8116
1516;8118
1484;8121
1464;8123
1467;8125
1480;8128
1488;8130
1478;8133
1457;8135
1456;8137
1479;8140
1496;8142
1505;8145
1496;8147
1477;8151
1478;8153
1491;8155
1504;8158
1493;8160
1482;8163
1470;8165
1468;8167
1473;8170
1467;8172
1471;8175
1478;8177
1488;8180
1490;8182
1503;8184
1514;8187
1523;8189
1528;8193
1522;8195
1506;8197
1485;8200
1471;8202
1469;8205
1479;8207
1485;8209
1483;8212
1469;8214
1466;8217
1466;8219
1468;8222
1470;8224
1481;8226
1503;8229
1511;8231
1504;8235
1499;8237
1513;8239
1526;8242
1524;8244
1510;8247
1502;8249
1506;8251
1506;8254
1504;8256
1497;8259
1488;8261
1483;8264
1483;8266
1489;8268
1505;8271
1525;8273
1548;8276
1543;8279
1537;8281
1515;8284
1498;8286
1486;8289
1477;8291
1469;8293
1467;8296
1472;8298
1469;8301
1466;8303
1473;8306
1489;8308
1504;8310
1501;8313
1499;8315
1492;8318
1484;8321
1476;8323
1480;8326
1493;8328
1506;8331
1525;8333
1544;8335
1541;8338
1532;8340
1514;8343
1489;8345
1476;8348
1472;8350
1481;8352
1513;8355
1534;8357
1520;8360
1498;8363
1489;8365
1482;8368
1472;8370
1465;8373
1468;8375
1469;8378
1470;8380
1478;8382
1489;8385
1498;8387
1492;8390
1486;8392
1483;8394
1475;8397
1470;8399
1488;8402
1509;8404
1504;8407
1482;8410
1485;8412
1513;8415
1523;8417
1506;8420
1472;8422
1462;8424
1462;8427
1463;8429
1466;8432
1469;8434
1472;8436
1485;8439
1495;8441
1492;8444
1489;8446
1502;8449
1508;8452
1494;8454
1473;8457
1456;8459
1443;8462
1451;8464
1476;8466
1489;8469
1494;8471
1499;8474
1503;8476
1493;8478
1480;8481
1470;8483
1467;8486
1477;8488
1492;8491
1498;8494
1496;8496
1490;8499
1490;8501
1485;8504
1473;8506
1473;8508
1475;8511
1475;8513
1476;8516
1477;8518
1462;8520
1450;8523
1462;8525
1480;8528
1486;8530
1485;8532
1484;8536
1481;8538
1476;8541
1468;8543
1462;8546
1470;8548
1485;8550
1495;8553
1489;8555
1478;8558
1473;8560
1498;8562
1522;8565
1524;8567
1509;8570
1483;8572
1474;8574
1489;8578
1510;8580
1505;8583
1485;8585
1476;8588
1488;8590
1505;8592
1503;8595
1487;8597
1474;8600
1471;8602
1467;8604
1470;8607
1478;8609
1482;8612
1480;8614
1479;8617
1482;8620
1489;8622
1497;8625
1494;8627
1493;8630
1495;8632
1482;8634
1472;8637
1477;8639
1499;8642
1511;8644
1505;8646
1496;8649
1521;8651
1549;8654
1546;8656
1513;8659
1481;8662
1475;8664
1483;8667
1489;8669
1492;8672
1478;8674
1469;8676
1464;8679
1460;8681
1457;8684
1444;8686
1432;8688
1429;8691
1427;8693
1432;8696
1440;8698
1438;8701
1434;8704
1444;8706
1464;8709
1472;8711
1454;8714
1438;8716
1437;8718
1448;8721
1463;8723
1483;8726
1509;8728
1537;8730
1535;8733
1513;8735
1488;8738
1467;8740
1464;8743
1473;8745
1491;8748
1502;8751
1499;8753
1489;8756
1479;8758
1464;8760
1460;8763
1467;8765
1468;8768
1462;8770
1458;8772
1471;8775
1482;8777
1481;8780
1478;8782
1484;8785
1483;8787
1469;8790
1465;8793
1459;8795
1469;8798
1494;8800
1518;8802
1518;8805
1505;8807
1490;8810
1485;8812
1477;8815
1471;8817
1466;8819
1458;8822
1455;8824
1457;8827
1462;8829
1463;8832
1464;8835
1468;8837
1490;8840
1504;8842
1494;8844
1470;8847
1445;8849
1423;8852
1409;8854
1397;8857
1387;8859
1399;8861
1418;8864
1421;8866
1416;8869
1421;8871
1432;8873
1439;8877
1456;8879
1469;8882
1457;8884
1435;8886
1433;8889
1444;8891
1454;8894
1455;8896
1442;8899
1418;8901
1399;8903
1395;8906
1397;8908
1397;8911
1393;8913
1385;8915
1375;8919
1380;8921
1397;8924
1408;8926
1409;8928
1399;8931
1398;8933
1403;8936
1398;8938
1391;8941
1396;8943
1408;8945
1417;8948
1420;8950
1423;8953
1422;8955
1411;8957
1408;8961
1413;8963
1424;8966
1437;8968
1437;8970
1423;8973
1403;8975
1394;8978
1395;8980
1398;8983
1389;8985
1384;8987
1393;8990
1409;8992
1427;8995
1455;8997
1471;8999
1477;9003
1462;9005
1445;9008
1428;9010
1424;9013
1429;9015
1447;9017
1469;9020
1476;9022
1470;9025
1461;9027
1453;9029
1448;9032
1444;9034
1445;9037
1450;9039
1452;9041
1454;9044
1459;9047
1474;9050
1499;9052
1513;9055
1507;9057
1489;9059
1475;9062
1469;9064
1471;9067
1492;9069
1510;9071
1527;9074
1536;9076
1541;9079
1534;9081
1516;9083
1501;9086
1488;9089
1485;9092
1514;9094
1527;9097
1521;9099
1498;9101
1487;9104
1486;9106
1498;9109
1510;9111
1511;9113
1499;9116
1505;9118
1511;9121
1522;9123
1529;9125
1525;9128
1541;9131
1551;9134
1549;9136
1545;9139
1540;9141
1517;9143
1501;9146
1492;9148
1477;9151
1463;9153
1466;9155
1471;9158
1476;9160
1484;9163
1489;9165
1496;9167
1500;9170
1502;9172
1499;9176
1494;9178
1512;9181
1538;9183
1550;9185
1542;9188
1525;9190
1510;9193
1510;9195
1527;9197
1552;9200
1562;9202
1545;9205
1534;9207
1536;9209
1533;9212
1515;9214
1503;9218
1508;9220
1519;9223
1539;9225
1545;9227
1535;9230
1522;9232
1514;9235
1508;9237
1503;9239
1523;9242
1549;9244
1558;9247
1540;9249
1514;9252
1508;9254
1513;9256
1525;9260
1535;9262
1535;9265
1539;9267
1547;9269
1554;9272
1564;9274
1571;9277
1569;9279
1570;9281
1568;9284
1558;9286
1561;9289
1563;9291
1566;9294
1567;9296
1573;9298
1568;9302
1538;9304
1506;9307
1508;9309
1537;9311
1558;9314
1534;9316
1503;9319
1491;9321
1485;9323
1495;9326
1510;9328
1518;9331
1510;9333
1492;9336
1478;9338
1478;9340
1485;9344
1496;9346
1516;9349
1532;9351
1541;9353
1544;9356
1552;9358
1563;9361
1565;9363
1546;9365
1528;9368
1517;9370
1506;9373
1496;9375
1486;9378
1485;9380
1486;9382
1491;9385
1494;9388
1487;9391
1484;9393
1496;9395
1502;9398
1505;9400
1490;9403
1483;9405
1486;9408
1487;9410
1489;9412
1496;9415
1501;9417
1493;9420
1491;9422
1485;9424
1482;9427
1485;9430
1493;9433
1502;9435
1505;9437
1511;9440
1523;9442
1531;9445
1532;9447
1526;9450
1505;9452
1503;9454
1511;9457
1502;9459
1491;9462
1500;9464
1503;9466
1488;9469
1473;9472
1467;9475
1467;9477
1481;9479
1496;9482
1505;9484
1494;9487
1478;9489
1469;9492
1468;9494
1472;9496
1470;9499
1469;9501
1465;9504
1461;9506
1460;9508
1456;9511
1454;9513
1464;9517
1466;9519
1460;9521
1467;9524
1480;9526
1489;9529
1488;9531
1492;9534
1505;9536
1511;9538
1504;9541
1501;9543
1528;9546
1551;9548
1560;9550
1515;9553
1476;9555
1465;9559
1461;9561
1466;9563
1477;9566
1482;9568
1476;9571
1469;9573
1461;9576
1462;9578
1467;9580
1475;9583
1487;9585
1503;9588
1526;9590
1521;9592
1497;9595
1472;9597
1452;9601
1453;9603
1465;9606
1476;9608
1482;9610
1476;9613
1479;9615
1494;9618
1524;9620
1542;9622
1542;9625
1517;9627
1497;9630
1482;9632
1466;9634
1465;9637
1478;9639
1488;9643
1478;9645
1452;9648
1442;9650
1437;9652
1435;9655
1437;9657
1445;9660
1453;9662
1462;9664
1461;9667
1452;9669
1456;9672
1464;9674
1475;9676
1471;9679
1463;9681
1456;9684
1450;9687
1448;9690
1457;9692
1481;9694
1495;9697
1487;9699
1464;9702
1456;9704
1473;9706
1491;9709
1491;9711
1472;9714
1460;9716
1459;9718
1460;9721
1460;9723
1466;9726
1477;9729
1486;9732
1483;9734
1488;9736
1495;9739
1512;9741
1526;9744
1529;9746
1531;9748
1536;9751
1529;9753
1514;9756
1501;9758
1488;9760
1480;9763
1476;9765
1481;9768
1486;9771
1484;9774
1480;9776
1473;9778
1456;9781
1433;9783
1442;9786
1475;9788
1509;9790
1497;9793
1488;9795
1485;9798
1480;9800
1468;9802
1462;9805
1468;9807
1472;9810
1477;9812
1482;9816
1489;9818
1496;9820
1498;9823
1485;9825
1461;9828
1467;9830
1489;9832
1492;9835
1482;9837
1480;9840
1492;9842
1502;9845
1500;9847
1485;9849
1471;9852
1468;9854
1476;9858
1477;9860
1469;9862
1460;9865
1450;9867
1455;9870
1472;9872
1492;9874
1505;9877
1499;9879
1485;9882
1478;9884
1476;9887
1478;9889
1485;9891
1471;9894
1455;9896
1449;9900
1446;9902
1454;9904
1474;9907
1481;9909
1467;9912
1452;9914
1456;9916
1466;9919
1470;9921
1476;9924
1476;9926
1473;9929
1471;9931
1475;9933
1488;9936
1482;9938
1460;9942
1447;9944
1448;9946
1452;9949
1465;9951
1488;9954
1498;9956
1484;9958
1456;9961
1440;9963
1436;9966
1447;9968
1456;9971
1455;9973
1462;9975
1488;9978
1512;9980
1524;9984
1515;9986
1487;9988
1469;9991
1462;9993
1461;9996
1450;9998
1440;10001
1440;10003
1456;10005
1467;10008
1467;10010
1462;10013
1457;10015
1445;10018
1439;10020
1438;10023
1446;10025
1444;10029
1430;10031
1428;10034
1439;10036
1460;10038
1477;10041
1497;10043
1515;10046
1510;10048
1492;10051
1481;10053
1479;10056
1474;10058
1464;10061
1447;10063
1426;10066
1420;10068
1423;10071
1422;10074
1426;10076
1453;10079
1490;10081
1512;10084
1485;10086
1456;10089
1450;10091
1459;10094
1458;10096
1445;10099
1429;10101
1420;10103
1418;10106
1416;10108
1413;10112
1416;10114
1423;10117
1444;10119
1474;10122
1496;10124
1483;10127
1473;10129
1478;10132
1501;10134
1512;10137
1502;10139
1473;10141
1463;10144
1474;10146
1489;10149
1488;10151
1465;10155
1451;10157
1450;10160
1457;10162
1453;10165
1450;10167
1473;10170
1502;10172
1505;10174
1480;10177
1464;10179
1460;10182
1453;10184
1446;10187
1449;10189
1462;10192
1465;10194
1460;10198
1452;10200
1453;10203
1480;10205
1510;10207
1512;10210
1507;10212
1530;10215
1548;10217
1525;10220
1484;10222
1461;10225
1469;10227
1509;10230
1549;10232
1560;10235
1528;10237
1497;10241
1482;10243
1473;10245
1463;10248
1453;10250
1447;10253
1452;10255
1463;10258
1476;10260
1499;10263
1526;10265
1544;10268
1538;10270
1527;10273
1515;10275
1497;10277
1482;10280
1487;10283
1498;10286
1503;10288
1504;10291
1503;10293
1499;10296
1504;10298
1507;10301
1511;10303
1513;10306
1510;10308
1507;10310
1514;10313
1528;10315
1539;10318
1541;10320
1530;10323
1524;10326
1533;10329
1547;10331
1532;10334
1512;10336
1521;10339
1534;10341
1534;10343
1509;10346
1482;10348
1464;10351
1484;10353
1511;10356
1530;10358
1537;10361
1533;10363
1504;10366
1476;10369
1472;10372
1493;10374
1531;10376
1555;10379
1545;10381
1511;10384
1490;10386
1503;10389
1523;10391
1531;10394
1511;10396
1493;10399
1477;10401
1468;10404
1469;10406
1471;10408
1485;10412
1511;10414
1532;10417
1524;10419
1499;10422
1482;10424
1486;10427
1491;10429
1489;10432
1481;10434
1480;10437
1477;10439
1474;10441
1463;10444
1456;10446
1447;10449
1438;10451
1445;10455
1454;10457
1461;10460
1457;10462
1451;10465
1459;10467
1467;10470
1465;10472
1499;10474
1540;10477
1549;10479
1515;10482
1502;10484
1510;10487
1509;10489
1503;10492
1489;10494
1461;10498
1450;10500
1453;10503
1454;10505
1453;10507
1455;10510
1454;10512
1460;10515
1467;10517
1474;10520
1467;10522
1460;10525
1454;10527
1455;10530
1473;10532
1501;10535
1513;10537
1499;10540
1479;10543
1467;10545
1459;10548
1464;10550
1481;10553
1500;10555
1508;10558
1505;10560
1494;10563
1483;10565
1469;10568
1464;10570
1459;10572
1449;10575
1444;10577
1442;10580
1433;10583
1416;10586
1410;10588
1430;10591
1458;10593
1455;10596
1433;10598
1426;10601
1427;10603
1420;10605
1423;10608
1445;10610
1454;10613
1437;10615
1423;10618
1437;10620
1455;10624
1462;10626
1455;10629
1451;10631
1462;10634
1470;10636
1457;10639
1440;10641
1433;10643
1427;10646
1425;10648
1445;10651
1464;10653
1459;10656
1438;10658
1447;10661
1457;10663
1460;10667
1472;10669
1486;10672
1490;10674
1480;10676
1469;10679
1462;10681
1471;10684
1495;10686
1499;10689
1502;10691
1526;10694
1552;10696
1541;10699
1524;10701
1522;10704
1538;10706
1540;10708
1514;10712
1487;10714
1475;10717
1475;10719
1489;10722
1498;10724
1499;10727
1496;10729
1507;10732
1532;10734
1545;10737
1540;10739
1513;10741
1493;10744
1488;10746
1496;10749
1499;10752
1507;10755
1527;10757
1560;10760
1583;10762
1578;10765
1548;10767
1521;10770
1517;10772
1515;10774
1511;10777
1518;10779
1530;10782
1530;10784
1526;10787
1517;10789
1526;10792
1543;10795
1538;10798
1508;10800
1488;10803
1479;10805
1480;10807
1504;10810
1534;10812
1550;10815
1530;10817
1509;10820
1499;10822
1496;10825
1512;10827
1534;10830
1522;10832
1497;10835
1488;10838
1501;10840
1511;10843
1524;10845
1529;10848
1522;10850
1500;10853
1500;10855
1524;10858
1552;10860
1560;10863
1549;10865
1511;10868
1495;10870
1486;10872
1477;10875
1467;10877
1464;10881
1464;10883
1467;10886
1475;10888
1489;10891
1501;10893
1500;10896
1500;10898
1506;10901
1513;10903
1511;10905
1508;10908
1505;10910
1498;10913
1477;10915
1457;10918
1452;10920
1460;10924
1468;10926
1475;10929
1483;10931
1481;10934
1463;10936
1448;10939
1452;10941
1486;10943
1512;10946
1514;10948
1495;10951
1481;10953
1459;10956
1434;10958
1420;10961
1413;10963
1415;10967
1426;10969
1432;10972
1430;10974
1434;10976
1457;10979
1469;10981
1468;10984
1463;10986
1475;10989
1483;10991
1455;10994
1426;10996
1421;10999
1431;11001
1443;11004
1432;11006
1410;11009
1395;11012
1384;11014
1400;11017
1429;11019
1426;11022
1411;11024
1396;11027
1393;11029
1387;11032
1393;11034
1395;11037
1399;11039
1399;11041
1403;11044
1417;11046
1442;11049
1459;11052
1478;11055
1477;11057
1447;11060
1420;11062
1412;11065
1414;11067
1418;11070
1423;11072
1432;11074
1449;11077
1456;11079
1457;11082
1448;11084
1441;11087
1450;11089
1466;11092
1473;11095
1468;11098
1454;11100
1443;11103
1440;11105
1432;11107
1428;11110
1437;11112
1468;11115
1490;11117
1484;11120
1469;11122
1465;11125
1484;11127
1516;11130
1523;11132
1505;11136
1484;11138
1475;11140
1471;11143
1471;11145
1462;11148
1457;11150
1460;11153
1474;11155
1470;11158
1457;11160
1477;11163
1524;11165
1536;11168
1503;11170
1468;11172
1458;11175
1468;11177
1474;11181
1472;11183
1468;11186
1487;11188
1514;11191
1522;11193
1500;11196
1467;11198
1454;11201
1449;11203
1450;11206
1452;11208
1465;11210
1483;11213
1492;11215
1481;11218
1476;11220
1511;11224
1558;11226
1597;11229
1577;11231
1544;11234
1518;11236
1507;11239
1522;11241
1538;11243
1531;11246
1511;11248
1498;11251
1481;11253
1464;11256
1463;11258
1474;11261
1477;11264
1461;11267
1459;11269
1489;11272
1517;11274
1513;11276
1496;11279
1503;11281
1510;11284
1511;11286
1507;11289
1520;11291
1530;11294
1518;11296
1492;11299
1466;11301
1456;11304
1474;11307
1519;11309
1540;11312
1525;11314
1487;11317
1473;11319
1511;11322
1555;11324
1561;11327
1528;11329
1519;11332
1516;11334
1492;11337
1452;11339
1421;11342
1432;11344
1454;11346
1470;11350
1489;11352
1501;11355
1515;11357
1508;11360
1497;11362
1497;11365
1501;11367
1499;11370
1501;11372
1500;11375
1513;11377
1540;11379
1578;11382
1579;11384
1540;11387
1502;11389
1494;11393
1504;11395
1495;11398
1458;11400
1443;11403
1444;11405
1454;11408
1465;11410
1476;11412
1477;11415
1481;11417
1497;11420
1488;11422
1477;11425
1471;11427
1482;11430
1497;11432
1494;11436
1488;11438
1489;11441
1510;11443
1532;11445
1549;11448
1543;11450
1520;11453
1491;11455
1461;11458
1457;11460
1467;11463
1482;11465
1505;11468
1509;11470
1487;11473
1471;11475
1466;11478
1469;11481
1479;11483
1496;11486
1532;11488
1559;11491
1545;11493
1502;11496
1476;11498
1466;11501
1463;11503
1474;11506
1483;11508
1482;11510
1479;11513
1486;11515
1488;11518
1468;11521
1462;11524
1472;11526
1493;11529
1503;11531
1495;11534
1507;11536
1532;11539
1542;11541
1524;11544
1500;11546
1502;11548
1516;11551
1514;11553
1483;11556
1463;11558
1449;11561
1445;11564
1448;11567
1457;11569
1456;11572
1468;11574
1497;11577
1523;11579
1517;11581
1487;11584
1468;11586
1467;11589
1480;11591
1468;11594
1443;11596
1449;11599
1469;11601
1477;11604
1470;11607
1473;11610
1476;11612
1485;11614
1486;11617
1512;11619
1572;11622
1597;11624
1557;11627
1501;11629
1473;11632
1452;11634
1435;11637
1423;11639
1417;11642
1416;11644
1434;11646
1443;11650
1432;11652
1426;11655
1438;11657
1454;11660
1461;11662
1445;11665
1450;11667
1475;11670
1484;11672
1469;11675
1452;11677
1440;11679
1444;11682
1464;11684
1471;11687
1480;11689
1482;11693
1468;11695
1452;11698
1448;11700
1447;11703
1451;11705
1447;11708
1436;11710
1420;11712
1407;11715
1402;11717
1400;11720
1403;11722
1406;11725
1400;11727
1396;11730
1398;11732
1394;11736
1397;11738
1405;11741
1408;11743
1417;11746
1421;11748
1426;11750
1444;11753
1497;11755
1551;11758
1548;11760
1501;11763
1457;11765
1432;11768
1429;11770
1432;11773
1430;11776
1406;11779
1380;11781
1376;11783
1381;11786
1381;11788
1397;11791
1432;11793
1449;11796
1445;11798
1430;11801
1439;11803
1439;11806
1433;11808
1420;11811
1403;11813
1386;11815
1377;11819
1377;11821
1383;11824
1385;11826
1396;11829
1429;11831
1466;11834
1471;11836
1435;11839
1397;11841
1384;11844
1386;11846
1383;11848
1376;11851
1379;11853
1395;11856
1408;11858
1409;11862
1407;11864
1407;11867
1409;11869
1431;11872
1465;11874
1480;11877
1462;11879
1429;11881
1409;11884
1414;11886
1425;11889
1426;11891
1441;11894
1462;11896
1469;11899
1462;11901
1462;11905
1465;11907
1461;11910
1448;11912
1433;11914
1432;11917
1431;11919
1435;11922
1446;11924
1465;11927
1473;11929
1468;11932
1451;11934
1462;11937
1485;11939
1493;11942
1478;11944
1457;11948
1446;11950
1457;11952
1480;11955
1495;11957
1493;11960
1491;11962
1501;11965
1506;11967
1512;11970
1532;11972
1533;11975
1510;11977
1504;11980
1528;11982
1547;11984
1528;11987
1508;11990
1510;11993
1501;11995
1482;11998
1465;12000
1482;12003
1499;12005
1492;12008
1485;12010
1495;12013
1504;12015
1508;12017
1509;12020
1513;12022
1507;12025
1496;12027
1503;12030
1515;12033
1537;12036
1565;12038
1570;12041
1548;12043
1520;12046
1511;12048
1504;12051
1495;12053
1502;12055
1514;12058
1513;12060
1492;12063
1458;12065
1446;12068
1456;12070
1479;12073
1507;12076
1518;12079
1514;12081
1523;12084
1546;12086
1544;12088
1510;12091
1474;12093
1463;12096
1464;12098
1472;12101
1488;12103
1506;12106
1519;12108
1517;12111
1509;12113
1488;12116
1475;12119
1477;12121
1483;12124
1480;12126
1477;12129
1491;12131
1504;12134
1507;12136
1501;12139
1512;12141
1525;12144
1522;12146
1509;12149
1497;12151
1497;12153
1506;12156
1512;12158
1509;12162
1507;12164
1504;12167
1508;12169
1514;12172
1516;12174
1515;12177
1513;12179
1520;12182
1530;12184
1535;12187
1530;12189
1514;12191
1496;12194
1489;12196
1496;12199
1520;12201
1535;12205
1526;12207
1520;12210
1515;12212
1510;12215
1501;12217
1492;12220
1493;12222
1517;12224
1539;12227
1558;12229
1576;12232
1580;12234
1570;12237
1540;12239
1515;12242
1511;12244
1528;12248
1551;12250
1570;12253
1582;12255
1594;12257
1625;12260
1626;12262
1608;12265
1556;12267
1520;12270
1549;12272
1607;12275
1640;12277
1632;12280
1596;12282
1573;12285
1593;12288
1634;12291
1647;12293
1615;12295
1562;12298
1525;12300
1513;12303
1501;12305
1489;12308
1492;12310
1509;12313
1527;12315
1531;12318
1528;12320
1529;12323
1543;12325
1558;12327
1579;12331
1577;12333
1557;12336
1532;12338
1524;12341
1504;12343
1489;12346
1488;12348
1511;12351
1538;12353
1556;12356
1543;12358
1510;12360
1508;12363
1529;12365
1538;12368
1514;12370
1482;12374
1473;12376
1491;12379
1502;12381
1491;12384
1473;12386
1473;12389
1510;12391
1552;12393
1553;12396
1504;12398
1469;12401
1462;12403
1463;12406
1459;12408
1454;12411
1451;12413
1451;12417
1456;12419
1463;12422
1476;12424
1499;12427
1516;12429
1498;12431
1488;12434
1509;12436
1526;12439
1518;12441
1497;12444
1492;12446
1491;12449
1499;12451
1486;12454
1460;12456
1443;12460
1443;12462
1443;12464
1431;12467
1426;12469
1454;12472
1491;12474
1503;12477
1498;12479
1503;12482
1514;12484
1522;12487
1518;12489
1502;12492
1476;12494
1456;12496
1449;12499
1450;12502
1462;12505
1472;12507
1470;12510
1462;12512
1480;12515
1496;12517
1488;12520
1476;12522
1489;12525
1504;12527
1498;12529
1478;12532
1472;12534
1488;12537
1514;12539
1525;12542
1533;12545
1520;12548
1495;12550
1464;12553
1463;12555
1495;12558
1512;12560
1492;12562
1469;12565
1465;12567
1477;12570
1501;12572
1518;12575
1514;12577
1499;12580
1472;12582
1460;12585
1477;12588
1501;12591
1504;12593
1493;12596
1510;12598
1521;12600
1534;12603
1547;12605
1567;12608
1573;12610
1565;12613
1547;12615
1517;12618
1524;12620
1540;12623
1527;12625
1509;12628
1534;12631
1562;12633
1547;12636
1516;12638
1527;12641
1541;12643
1527;12646
1526;12648
1524;12651
1497;12653
1468;12656
1457;12658
1447;12661
1440;12663
1438;12666
1451;12668
1468;12670
1510;12674
1559;12676
1564;12679
1518;12681
1487;12684
1477;12686
1472;12689
1477;12691
1489;12694
1506;12696
1538;12699
1597;12701
1616;12703
1586;12706
1531;12708
1494;12711
1470;12713
1452;12717
1457;12719
1470;12722
1469;12724
1447;12727
1427;12729
1431;12732
1461;12734
1483;12736
1463;12739
1434;12741
1457;12744
1496;12746
1537;12749
1568;12751
1570;12754
1530;12756
1490;12760
1461;12762
1450;12765
1461;12767
1483;12770
1506;12772
1495;12774
1476;12777
1483;12779
1480;12782
1439;12784
1401;12787
1407;12789
1423;12792
1432;12794
1459;12797
1497;12800
1502;12803
1455;12805
1414;12807
1408;12810
1412;12812
1414;12815
1424;12817
1438;12820
1440;12822
1444;12825
1447;12827
1456;12830
1473;12832
1488;12835
1496;12837
1494;12839
1471;12843
1433;12845
1417;12848
1438;12850
1486;12853
1504;12855
1472;12858
1431;12860
1414;12863
1412;12865
1440;12868
1456;12870
1458;12872
1457;12875
1466;12877
1464;12880
1471;12882
1476;12886
1448;12888
1430;12891
1431;12893
1423;12896
1420;12898
1435;12901
1474;12903
1488;12906
1479;12908
1467;12910
1469;12913
1495;12915
1525;12918
1546;12920
1533;12923
1532;12925
1533;12929
1509;12931
1469;12934
1437;12936
1431;12939
1447;12941
1460;12943
1457;12946
1493;12948
1550;12951
1562;12953
1504;12956
1456;12958
1469;12961
1498;12963
1498;12966
1473;12968
1448;12972
1456;12974
1470;12976
1467;12979
1453;12981
1440;12984
1431;12986
1432;12989
1455;12991
1481;12994
1516;12996
1531;12999
1507;13001
1455;13004
1419;13006
1438;13008
1467;13011
1481;13014
1462;13017
1440;13019
1437;13022
1451;13024
1481;13027
1512;13029
1511;13032
1472;13034
1430;13037
1416;13039
1410;13041
1408;13044
1422;13046
1458;13049
1493;13051
1481;13054
1452;13057
1429;13060
1419;13062
1434;13065
1473;13067
1509;13070
1521;13072
1509;13074
1484;13077
1461;13079
1444;13082
1430;13084
1429;13087
1441;13089
1477;13092
1518;13094
1525;13097
1496;13100
1462;13103
1455;13105
1472;13107
1489;13110
1486;13112
1461;13115
1445;13117
1439;13120
1441;13122
1454;13125
1470;13127
1476;13130
1461;13132
1445;13135
1419;13137
1406;13139
1420;13143
1448;13145
1463;13148
1500;13150
1550;13153
1563;13155
1530;13158
1501;13160
1482;13163
1472;13165
1470;13168
1459;13170
1438;13172
1421;13175
1425;13177
1441;13180
1469;13182
1493;13186
1553;13188
1612;13191
1611;13193
1542;13196
1483;13198
1477;13201
1494;13203
1516;13205
1520;13208
1506;13210
1520;13213
1551;13215
1558;13218
1528;13220
1515;13223
1517;13225
1512;13229
1547;13231
1613;13234
1666;13236
1675;13238
1641;13241
1582;13243
1507;13246
1452;13248
1424;13251
1413;13253
1423;13256
1467;13258
1504;13261
1504;13263
1509;13266
1524;13268
1511;13271
1472;13274
1449;13276
1473;13279
1533;13281
1564;13284
1525;13286
1465;13289
1424;13291
1416;13294
1436;13296
1452;13299
1456;13301
1441;13303
1434;13306
1427;13308
1433;13312
1464;13314
1523;13317
1543;13319
1502;13322
1462;13324
1457;13327
1447;13329
1418;13332
1399;13334
1398;13336
1408;13339
1416;13341
1427;13344
1458;13346
1495;13349
1500;13351
1498;13355
1501;13357
1502;13360
1501;13362
1482;13365
1452;13367
1431;13369
1419;13372
1421;13374
1439;13377
1485;13379
1531;13382
1529;13384
1492;13387
1453;13389
1444;13392
1446;13394
1450;13398
1452;13400
1463;13402
1471;13405
1456;13407
1436;13410
1428;13412
1422;13415
1417;13417
1426;13420
1445;13422
1468;13425
1479;13427
1474;13430
1460;13432
1449;13434
1463;13437
1507;13440
1539;13443
1531;13445
1482;13448
1462;13450
1457;13453
1518;13455
1587;13458
1594;13460
1520;13463
1460;13465
1444;13467
1439;13470
1431;13472
1427;13475
1423;13477
1419;13480
1408;13483
1397;13486
1395;13488
1403;13491
1412;13493
1422;13496
1433;13498
1469;13500
1527;13503
1564;13505
1543;13508
1486;13510
1456;13513
1452;13515
1466;13518
1479;13520
1473;13523
1466;13526
1495;13529
1540;13531
1566;13533
1537;13536
1481;13538
1453;13541
1431;13543
1415;13546
1405;13548
1411;13551
1427;13553
1452;13556
1461;13558
1467;13561
1459;13563
1455;13566
1448;13569
1446;13571
1441;13574
1450;13576
1474;13579
1499;13581
1503;13584
1487;13586
1468;13589
1461;13591
1452;13594
1446;13596
1444;13599
1440;13601
1449;13603
1517;13606
1576;13608
1560;13612
1491;13614
1435;13617
1413;13619
1408;13622
1433;13624
1458;13627
1454;13629
1427;13632
1442;13634
1490;13636
1518;13639
1488;13641
1443;13644
1428;13646
1424;13649
1417;13651
1441;13655
1480;13657
1482;13660
1463;13662
1477;13665
1478;13667
1453;13669
1432;13672
1424;13674
1424;13677
1431;13679
1426;13682
1407;13684
1390;13687
1383;13689
1397;13692
1426;13694
1441;13698
1442;13700
1451;13702
1476;13705
1490;13707
1470;13710
1436;13712
1414;13715
1393;13717
1374;13720
1378;13722
1397;13725
1444;13727
1467;13730
1464;13732
1440;13734
1435;13737
1429;13740
1427;13743
1408;13745
1394;13748
1410;13750
1426;13753
1424;13755
1405;13758
1402;13760
1428;13763
1456;13765
1453;13767
1444;13770
1473;13772
1502;13775
1486;13777
1441;13780
1419;13783
1417;13786
1420;13788
1427;13791
1441;13793
1451;13796
1445;13798
1435;13800
1452;13803
1469;13805
1457;13808
1435;13810
1426;13813
1426;13815
1426;13818
1429;13820
1439;13824
1443;13826
1458;13829
1487;13831
1535;13834
1549;13836
1517;13838
1455;13841
1430;13843
1433;13846
1440;13848
1442;13851
1440;13853
1440;13856
1442;13858
1450;13861
1459;13863
1474;13867
1512;13869
1541;13871
1553;13874
1528;13876
1501;13879
1481;13881
1460;13884
1442;13886
1436;13889
1436;13891
1436;13894
1436;13896
1435;13899
1444;13901
1459;13903
1482;13906
1509;13908
1521;13912
1510;13914
1489;13917
1453;13919
1441;13922
1443;13924
1445;13927
1444;13929
1456;13932
1473;13934
1461;13936
1451;13939
1459;13941
1463;13944
1459;13946
1455;13949
1480;13952
1507;13955
1504;13957
1463;13960
1431;13962
1434;13965
1456;13967
1474;13969
1465;13972
1443;13974
1442;13977
1454;13979
1453;13982
1441;13984
1445;13987
1460;13989
1468;13992
1480;13995
1489;13998
1485;14000
1481;14002
1483;14005
1515;14007
1552;14010
1567;14012
1557;14015
1536;14017
1537;14020
1543;14022
1540;14025
1521;14027
1477;14030
1445;14032
1434;14035
1432;14038
1448;14040
1469;14043
1492;14045
1497;14048
1484;14050
1472;14053
1450;14055
1437;14058
1455;14060
1477;14063
1503;14065
1532;14068
1542;14070
1515;14072
1453;14075
1453;14077
1483;14081
1501;14083
1484;14086
1471;14088
1488;14091
1512;14093
1519;14096
1535;14098
1559;14101
1547;14103
1499;14105
1488;14108
1489;14110
1485;14113
1473;14115
1452;14118
1436;14120
1453;14124
1489;14126
1491;14129
1438;14131
1410;14134
1436;14136
1455;14138
1467;14141
1468;14143
1473;14146
1464;14148
1449;14151
1490;14153
1525;14156
1544;14158
1510;14161
1472;14163
1458;14167
1468;14169
1481;14171
1474;14174
1444;14176
1432;14179
1438;14181
1463;14184
1470;14186
1464;14189
1484;14191
1516;14194
1516;14196
1521;14199
1546;14201
1542;14203
1496;14206
1465;14209
1450;14212
1437;14214
1433;14217
1438;14219
1457;14222
1469;14224
1475;14227
1475;14229
1477;14232
1493;14234
1503;14236
1517;14239
1539;14241
1568;14244
1603;14246
1606;14249
1576;14252
1526;14255
1486;14257
1461;14260
1455;14262
1460;14265
1491;14267
1514;14270
1508;14272
1491;14274
1489;14277
1503;14279
1506;14282
1496;14284
1489;14287
1492;14289
1502;14292
1502;14295
1510;14298
1558;14300
1589;14303
1606;14305
1588;14307
1603;14310
1602;14312
1571;14315
1522;14317
1494;14320
1486;14322
1492;14325
1506;14327
1521;14330
1519;14332
1518;14336
1523;14338
1526;14340
1520;14343
1517;14345
1512;14348
1500;14350
1481;14353
1485;14355
1506;14358
1521;14360
1515;14363
1503;14365
1525;14368
1552;14370
1554;14372
1536;14375
1524;14377
1517;14381
1517;14383
1525;14386
1520;14388
1493;14391
1471;14393
1453;14396
1439;14398
1435;14401
1439;14403
1472;14406
1513;14408
1541;14410
1557;14413
1538;14415
1496;14418
1470;14420
1471;14424
1461;14426
1449;14429
1454;14431
1477;14434
1494;14436
1495;14439
1489;14441
1473;14443
1471;14446
1487;14448
1514;14451
1540;14453
1539;14456
1516;14458
1490;14461
1476;14464
1482;14467
1495;14469
1499;14472
1516;14474
1534;14476
1529;14479
1501;14481
1479;14484
1492;14486
1524;14489
1548;14491
1537;14494
1520;14496
1522;14499
1505;14501
1489;14504
1483;14507
1485;14509
1500;14512
1530;14514
1560;14517
1565;14519
1529;14522
1490;14524
1476;14527
1464;14529
1456;14532
1465;14534
1487;14537
1508;14539
1507;14541
1498;14544
1510;14546
1507;14550
1483;14552
1468;14555
1461;14557
1437;14560
1409;14562
1407;14565
1418;14567
1437;14570
1450;14572
1453;14574
1457;14577
1459;14579
1462;14582
1476;14584
1491;14587
1491;14589
1459;14593
1438;14595
1436;14598
1436;14600
1447;14603
1482;14605
1505;14607
1502;14610
1473;14612
1463;14615
1472;14617
1465;14620
1453;14622
1473;14625
1510;14627
1534;14630
1527;14632
1506;14636
1493;14638
1515;14640
1527;14643
1498;14645
1460;14648
1445;14650
1439;14653
1438;14655
1444;14658
1459;14660
1477;14663
1476;14665
1462;14668
1451;14670
1461;14673
1485;14675
1495;14678
1472;14681
1478;14683
1535;14686
1565;14688
1538;14691
1504;14693
1494;14696
1491;14698
1481;14701
1476;14703
1469;14706
1463;14708
1460;14710
1465;14713
1484;14715
1495;14718
1495;14721
1503;14724
1513;14726
1507;14729
1485;14731
1473;14734
1472;14736
1483;14739
1498;14741
1499;14743
1490;14746
1485;14748
1473;14751
1471;14753
1485;14756
1498;14758
1492;14761
1485;14764
1499;14767
1515;14769
1512;14772
1490;14774
1485;14776
1483;14779
1483;14781
1496;14784
1515;14786
1527;14789
1539;14791
1535;14794
1510;14796
1484;14799
1466;14801
1451;14804
1453;14807
1470;14809
1490;14812
1508;14814
1519;14817
1523;14819
1525;14822
1531;14824
1531;14827
1534;14829
1546;14832
1571;14834
1557;14837
1527;14839
1494;14842
1477;14844
1478;14846
1486;14850
1494;14852
1515;14855
1533;14857
1535;14860
1537;14862
1554;14865
1580;14867
1575;14870
1536;14872
1497;14875
1476;14877
1473;14879
1480;14882
1485;14884
1481;14887
1481;14889
1488;14893
1479;14895
1449;14898
1442;14900
1491;14903
1536;14905
1531;14908
1495;14910
1480;14912
1472;14915
1463;14917
1468;14920
1466;14922
1441;14925
1420;14927
1418;14930
1421;14932
1429;14936
1443;14938
1468;14941
1495;14943
1493;14945
1471;14948
1461;14950
1462;14953
1463;14955
1460;14958
1465;14960
1460;14963
1447;14965
1439;14968
1435;14970
1439;14973
1442;14976
1432;14979
1407;14981
1400;14983
1402;14986
1411;14988
1428;14991
1434;14993
1427;14996
1417;14998
1418;15001
1439;15003
1458;15006
1449;15008
1419;15011
1407;15013
1425;15015
1445;15019
1463;15021
1491;15024
1524;15026
1541;15029
1553;15031
1543;15034
1513;15036
1483;15039
1468;15041
1472;15044
1483;15046
1481;15048
1468;15051
1459;15053
1453;15056
1463;15058
1482;15062
1499;15064
1491;15067
1470;15069
1470;15072
1494;15074
1517;15077
1520;15079
1504;15081
1492;15084
1482;15086
1494;15089
1518;15091
1534;15094
1525;15096
1511;15099
1532;15101
1564;15105
1569;15107
1552;15110
1539;15112
1530;15115
1521;15117
1515;15119
1512;15122
1526;15124
1551;15127
1565;15129
1551;15132
1529;15134
1512;15137
1515;15139
1521;15142
1516;15144
1495;15148
1480;15150
1479;15152
1489;15155
1497;15157
1496;15160
1498;15162
1517;15165
1545;15167
1563;15170
1552;15172
1522;15175
1513;15177
1523;15180
1544;15182
1548;15185
1532;15187
1521;15190
1515;15193
1524;15195
1538;15198
1553;15200
1570;15203
1559;15205
1520;15208
1471;15210
1466;15213
1478;15215
1500;15218
1509;15220
1498;15222
1468;15225
1467;15227
1488;15230
1506;15233
1507;15236
1497;15238
1488;15241
1488;15243
1511;15246
1532;15248
1534;15251
1549;15253
1542;15255
1523;15258
1487;15260
1472;15263
1474;15265
1471;15268
1466;15270
1467;15273
1474;15276
1478;15279
1480;15281
1486;15284
1509;15286
1530;15289
1540;15291
1536;15293
1512;15296
1472;15298
1429;15301
1418;15303
1431;15306
1449;15308
1462;15311
1465;15313
1469;15316
1491;15319
1502;15322
1517;15324
1540;15327
1537;15329
1515;15331
1488;15334
1487;15336
1486;15339
1477;15341
1466;15344
1470;15346
1475;15349
1461;15351
1445;15354
1443;15356
1428;15360
1424;15362
1459;15364
1514;15367
1544;15369
1548;15372
1551;15374
1558;15377
1549;15379
1538;15382
1529;15384
1505;15387
1474;15389
1465;15392
1469;15394
1480;15396
1505;15399
1526;15401
1541;15405
1535;15407
1511;15410
1488;15412
1469;15415
1457;15417
1451;15420
1448;15422
1464;15425
1489;15427
1504;15429
1487;15432
1475;15434
1467;15437
1463;15439
1455;15442
1466;15444
1485;15448
1489;15450
1490;15453
1492;15455
1495;15458
1493;15460
1501;15462
1514;15465
1518;15467
1497;15470
1466;15472
1455;15475
1458;15477
1466;15480
1466;15482
1466;15485
1461;15488
1462;15491
1459;15493
1450;15495
1433;15498
1428;15500
1436;15503
1442;15505
1456;15508
1470;15510
1480;15513
1482;15515
1474;15518
1456;15520
1458;15523
1489;15525
1506;15527
1482;15531
1473;15533
1485;15536
1490;15538
1482;15541
1448;15543
1441;15546
1446;15548
1462;15551
1493;15553
1506;15556
1490;15558
1472;15561
1455;15563
1445;15565
1451;15568
1459;15570
1468;15574
1478;15576
1468;15579
1447;15581
1437;15584
1442;15586
1449;15589
1450;15591
1454;15594
1475;15596
1487;15598
1467;15601
1453;15603
1478;15606
1508;15608
1520;15611
1500;15613
1499;15617
1534;15619
1557;15622
1578;15624
1603;15627
1597;15629
1551;15631
1511;15634
1483;15636
1458;15639
1441;15641
1439;15644
1450;15646
1473;15649
1494;15651
1496;15654
1476;15656
1458;15660
1441;15662
1433;15664
1437;15667
1459;15669
1473;15672
1490;15674
1535;15677
1574;15679
1578;15682
1550;15684
1530;15687
1530;15689
1550;15692
1587;15694
1604;15697
1567;15699
1501;15702
1456;15705
1460;15707
1467;15710
1467;15712
1479;15715
1540;15717
1590;15720
1610;15722
1616;15725
1615;15727
1566;15730
1509;15732
1484;15734
1466;15737
1469;15739
1492;15742
1526;15745
1590;15748
1620;15750
1577;15753
1514;15755
1508;15758
1533;15760
1531;15763
1516;15765
1486;15767
1476;15770
1493;15772
1548;15775
1583;15777
1574;15780
1549;15782
1555;15785
