1555;2
1547;4
1540;7
1539;9
1537;11
1540;13
1533;16
1508;18
1505;20
1520;23
1533;25
1537;27
1539;30
1536;32
1537;34
1547;37
1551;39
1547;41
1543;44
1542;47
1543;49
1546;51
1549;54
1561;56
1575;58
1583;61
1570;63
1552;65
1531;68
1525;70
1526;72
1528;74
1523;77
1527;79
1556;81
1587;84
1597;87
1598;89
1586;92
1575;94
1577;96
1578;99
1581;101
1581;103
1582;106
1577;108
1572;110
1563;113
1553;115
1540;117
1534;120
1541;122
1552;125
1548;128
1545;130
1549;133
1553;135
1560;137
1563;140
1566;142
1566;144
1563;147
1559;149
1569;152
1583;154
1591;156
1597;159
1600;161
1601;163
1595;166
1590;168
1588;171
1590;174
1590;176
1586;179
1574;181
1562;183
1552;186
1550;188
1550;190
1541;193
1531;195
1520;197
1520;200
1529;202
1544;205
1541;207
1531;209
1527;212
1529;215
1532;217
1541;220
1556;222
1564;224
1562;227
1564;229
1567;232
1581;234
1583;236
1566;239
1546;241
1554;243
1590;246
1607;248
1592;250
1557;253
1533;256
1514;259
1498;261
1494;263
1491;266
1485;268
1473;270
1469;273
1478;275
1485;277
1476;280
1471;282
1477;285
1494;287
1523;289
1537;292
1539;294
1529;296
1522;300
1524;302
1528;304
1533;307
1542;309
1551;312
1552;314
1540;316
1508;319
1505;321
1517;323
1521;326
1502;328
1473;330
1455;333
1451;335
1451;338
1448;340
1452;343
1468;346
1484;348
1492;350
1492;353
1483;355
1483;357
1487;360
1479;362
1474;365
1481;367
1488;369
1496;372
1488;374
1483;376
1478;379
1477;381
1482;384
1496;387
1512;389
1510;391
1494;394
1468;396
1461;399
1472;401
1483;403
1491;406
1507;408
1498;410
1489;413
1470;415
1464;417
1483;420
1517;422
1533;425
1518;428
1492;430
1483;433
1477;435
1469;437
1468;440
1479;442
1488;444
1486;447
1471;449
1438;452
1418;454
1432;456
1446;459
1474;461
1498;463
1501;466
1493;468
1492;471
1497;474
1504;476
1490;479
1475;481
1470;483
1471;486
1473;488
1463;490
1451;493
1452;495
1462;497
1474;500
1485;502
1483;505
1473;507
1457;509
1450;513
1445;515
1446;517
1459;520
1463;522
1452;524
1449;527
1452;529
1459;532
1469;534
1471;536
1466;539
1465;541
1467;543
1457;546
1445;548
1442;550
1445;553
1453;556
1465;559
1481;561
1496;563
1495;566
1495;568
1500;570
1504;573
1508;575
1497;577
1473;580
1471;582
1478;585
1481;587
1473;589
1456;592
1450;594
1451;596
1445;600
1432;602
1416;604
1434;607
1467;609
1503;612
1507;614
1503;616
1496;619
1493;621
1492;623
1489;626
1478;628
1474;630
1474;633
1473;635
1473;638
1469;641
1469;643
1474;646
1475;648
1471;650
1459;653
1459;655
1471;657
1481;660
1483;662
1488;665
1492;667
1488;669
1482;672
1473;674
1465;676
1468;679
1490;681
1511;684
1514;687
1527;689
1541;692
1556;694
1558;696
1550;699
1551;701
1547;703
1523;706
1507;708
1496;710
1492;713
1488;715
1481;718
1467;720
1461;722
1466;726
1477;728
1484;730
1490;733
1484;735
1477;737
1467;740
1464;742
1467;745
1496;747
1549;749
1582;752
1576;754
1546;756
1523;759
1504;761
1489;763
1485;766
1497;769
1518;772
1541;774
1541;776
1531;779
1515;781
1499;783
1494;786
1505;788
1517;790
1516;793
1507;795
1491;798
1482;800
1470;802
1468;805
1477;807
1485;809
1480;813
1480;815
1480;817
1489;820
1506;822
1525;825
1527;827
1522;829
1517;832
1517;834
1521;836
1513;839
1508;841
1510;843
1517;846
1516;848
1512;851
1510;854
1511;856
1510;859
1503;861
1513;863
1525;866
1530;868
1512;870
1481;873
1461;875
1445;878
1443;880
1453;882
1470;885
1479;887
1474;889
1462;892
1464;894
1477;897
1492;900
1494;902
1495;905
1500;907
1508;909
1521;912
1538;914
1545;916
1536;919
1540;921
1546;923
1532;926
1501;928
1488;931
1506;933
1529;935
1543;939
1523;941
1480;943
1452;946
1455;948
1459;950
1455;953
1448;955
1457;958
1464;960
1466;962
1456;965
1441;967
1440;969
1441;972
1445;974
1454;976
1470;979
1479;982
1480;985
1486;987
1496;989
1513;992
1523;994
1516;996
1500;999
1482;1001
1465;1003
1457;1006
1453;1008
1450;1011
1446;1013
1442;1016
1445;1018
1452;1020
1448;1024
1443;1026
1438;1029
1436;1031
1441;1033
1444;1036
1442;1038
1439;1041
1441;1043
1439;1045
1446;1048
1460;1050
1486;1053
1500;1055
1504;1058
1483;1060
1457;1062
1448;1065
1460;1068
1482;1071
1495;1073
1492;1075
1475;1078
1455;1080
1439;1083
1437;1085
1436;1087
1432;1090
1428;1092
1428;1095
1429;1097
1421;1100
1421;1102
1437;1104
1460;1107
1484;1110
1525;1113
1547;1115
1540;1117
1512;1120
1488;1122
1489;1125
1494;1127
1494;1130
1487;1132
1472;1134
1455;1137
1440;1139
1446;1142
1457;1144
1453;1146
1440;1149
1433;1152
1435;1155
1434;1157
1429;1159
1428;1162
1456;1164
1465;1167
1448;1169
1425;1172
1419;1174
1444;1176
1481;1179
1511;1181
1529;1184
1527;1186
1520;1188
1507;1191
1490;1193
1480;1197
1484;1199
1483;1201
1486;1204
1490;1206
1493;1209
1482;1211
1462;1214
1438;1216
1424;1218
1422;1221
1429;1223
1435;1226
1431;1228
1433;1230
1439;1233
1447;1235
1454;1239
1462;1241
1487;1243
1515;1246
1535;1248
1538;1251
1518;1253
1498;1256
1498;1258
1506;1260
1502;1263
1474;1265
1461;1268
1461;1270
1464;1272
1485;1275
1502;1277
1501;1281
1498;1283
1483;1285
1471;1288
1466;1290
1464;1293
1455;1295
1459;1298
1484;1300
1512;1302
1527;1305
1512;1307
1470;1310
1443;1312
1459;1314
1484;1317
1504;1319
1515;1323
1530;1325
1538;1327
1527;1330
1514;1332
1507;1335
1502;1337
1500;1340
1495;1342
1493;1344
1502;1347
1517;1349
1518;1352
1506;1354
1492;1356
1474;1359
1468;1361
1466;1364
1456;1367
1461;1370
1477;1372
1501;1374
1529;1377
1552;1379
1558;1382
1567;1384
1568;1386
1568;1389
1550;1391
1512;1394
1493;1396
1485;1398
1473;1401
1472;1403
1476;1406
1483;1409
1498;1412
1508;1414
1510;1416
1504;1419
1501;1421
1503;1424
1510;1426
1507;1428
1504;1431
1491;1433
1479;1436
1494;1438
1523;1440
1536;1443
1544;1445
1552;1448
1546;1451
1524;1454
1507;1456
1502;1458
1525;1461
1549;1463
1548;1466
1523;1468
1500;1470
1491;1473
1499;1475
1513;1478
1520;1480
1511;1482
1501;1485
1498;1487
1486;1490
1466;1492
1449;1496
1455;1498
1465;1500
1481;1503
1490;1505
1499;1508
1507;1510
1509;1512
1505;1515
1501;1517
1499;1520
1505;1522
1511;1524
1516;1527
1517;1529
1512;1532
1504;1534
1502;1538
1499;1540
1512;1542
1525;1545
1531;1547
1533;1550
1532;1552
1516;1554
1501;1557
1504;1559
1523;1562
1510;1564
1478;1567
1469;1569
1477;1571
1503;1574
1533;1576
1545;1580
1543;1582
1524;1584
1497;1587
1486;1589
1495;1592
1516;1594
1528;1596
1519;1599
1516;1601
1514;1604
1523;1606
1541;1609
1548;1611
1538;1613
1508;1616
1486;1618
1470;1622
1466;1624
1479;1626
1502;1629
1509;1631
1496;1634
1482;1636
1467;1638
1466;1641
1469;1643
1480;1646
1495;1648
1497;1651
1500;1653
1518;1655
1523;1658
1514;1660
1497;1664
1477;1666
1467;1668
1462;1671
1452;1673
1444;1676
1451;1678
1465;1680
1474;1683
1481;1685
1477;1688
1479;1690
1496;1693
1504;1695
1503;1697
1509;1700
1511;1702
1504;1705
1492;1708
1476;1710
1473;1713
1483;1715
1483;1718
1487;1720
1497;1722
1491;1725
1476;1727
1462;1730
1452;1732
1439;1735
1449;1737
1476;1739
1489;1742
1479;1744
1475;1747
1480;1750
1476;1752
1464;1755
1459;1757
1457;1760
1459;1762
1460;1764
1466;1767
1468;1769
1466;1772
1465;1774
1465;1777
1465;1779
1471;1781
1498;1784
1521;1786
1523;1789
1504;1792
1500;1794
1505;1797
1503;1799
1503;1802
1513;1804
1525;1807
1534;1809
1524;1811
1506;1814
1496;1816
1482;1819
1466;1821
1464;1823
1476;1826
1478;1828
1468;1831
1457;1833
1456;1836
1456;1839
1446;1841
1450;1844
1474;1846
1519;1849
1557;1851
1580;1853
1596;1856
1603;1858
1603;1861
1583;1863
1572;1865
1571;1868
1561;1870
1532;1873
1503;1875
1490;1878
1492;1881
1489;1883
1478;1886
1454;1888
1466;1891
1485;1893
1497;1895
1504;1898
1507;1900
1519;1903
1519;1905
1520;1907
1512;1910
1506;1912
1496;1915
1487;1917
1490;1920
1494;1923
1489;1925
1492;1928
1490;1930
1488;1933
1485;1935
1479;1937
1472;1940
1470;1942
1474;1945
1498;1947
1510;1949
1513;1952
1499;1954
1492;1957
1487;1959
1491;1961
1485;1965
1472;1967
1456;1970
1441;1972
1444;1975
1455;1977
1464;1979
1460;1982
1454;1984
1462;1987
1505;1989
1533;1991
1513;1994
1483;1996
1467;1999
1468;2001
1476;2004
1496;2007
1507;2009
1504;2012
1494;2014
1478;2017
1468;2019
1467;2021
1465;2024
1470;2026
1485;2029
1487;2031
1485;2033
1491;2036
1486;2038
1478;2041
1469;2043
1472;2046
1471;2049
1459;2051
1456;2054
1460;2056
1472;2059
1497;2061
1513;2063
1522;2066
1520;2068
1530;2071
1536;2073
1532;2075
1514;2078
1506;2080
1507;2083
1506;2085
1494;2088
1473;2091
1460;2093
1465;2096
1479;2098
1478;2101
1465;2103
1461;2105
1469;2108
1485;2110
1501;2113
1514;2115
1534;2117
1540;2120
1524;2122
1508;2125
1514;2127
1530;2130
1535;2132
1525;2135
1502;2138
1486;2140
1490;2143
1509;2145
1509;2147
1499;2150
1491;2152
1495;2155
1495;2157
1477;2159
1465;2162
1458;2164
1458;2167
1465;2169
1489;2172
1505;2174
1503;2177
1486;2180
1481;2182
1491;2185
1507;2187
1518;2189
1512;2192
1511;2194
1513;2197
1522;2199
1530;2201
1523;2204
1511;2206
1489;2209
1479;2211
1476;2214
1467;2216
1462;2219
1476;2222
1493;2224
1494;2227
1475;2229
1454;2231
1444;2234
1451;2236
1460;2239
1466;2241
1474;2243
1495;2246
1516;2248
1535;2251
1535;2253
1518;2256
1504;2258
1491;2260
1498;2264
1518;2266
1530;2269
1525;2271
1504;2273
1484;2276
1484;2278
1495;2281
1498;2283
1489;2286
1471;2288
1466;2290
1471;2293
1468;2295
1486;2298
1501;2300
1506;2302
1517;2306
1517;2308
1509;2311
1503;2313
1507;2315
1521;2318
1541;2320
1556;2323
1555;2325
1530;2328
1510;2330
1507;2332
1506;2335
1499;2337
1493;2340
1499;2342
1496;2344
1487;2348
1482;2350
1471;2353
1465;2355
1470;2357
1470;2360
1467;2362
1470;2365
1479;2367
1499;2370
1512;2372
1530;2374
1547;2377
1554;2379
1551;2382
1523;2384
1508;2386
1496;2390
1494;2392
1500;2395
1502;2397
1494;2399
1493;2402
1510;2404
1530;2407
1537;2409
1529;2412
1500;2414
1487;2416
1471;2419
1473;2421
1471;2424
1463;2426
1461;2428
1454;2432
1465;2434
1488;2437
1497;2439
1480;2441
1461;2444
1476;2446
1491;2449
1495;2451
1478;2454
1474;2456
1475;2458
1467;2461
1470;2463
1478;2466
1478;2468
1493;2470
1503;2473
1489;2476
1478;2479
1478;2481
1486;2483
1478;2486
1468;2488
1470;2491
1480;2493
1479;2496
1463;2498
1456;2500
1473;2503
1486;2505
1485;2508
1474;2510
1447;2512
1429;2515
1432;2518
1444;2521
1444;2523
1437;2526
1442;2528
1447;2530
1457;2533
1463;2535
1459;2538
1451;2540
1450;2542
1463;2545
1508;2547
1557;2550
1581;2552
1564;2554
1529;2557
1508;2560
1478;2563
1457;2565
1448;2568
1455;2570
1479;2572
1492;2575
1481;2577
1462;2580
1447;2582
1438;2584
1438;2587
1454;2589
1456;2592
1461;2594
1460;2596
1466;2599
1463;2601
1455;2605
1464;2607
1468;2610
1471;2612
1476;2614
1485;2617
1502;2619
1514;2622
1537;2624
1546;2626
1525;2629
1504;2631
1490;2634
1478;2636
1476;2638
1483;2641
1503;2643
1508;2647
1501;2649
1486;2652
1478;2654
1464;2656
1446;2659
1425;2661
1431;2664
1444;2666
1466;2668
1478;2671
1480;2673
1482;2676
1497;2678
1522;2680
1538;2683
1561;2685
1570;2689
1564;2691
1536;2694
1506;2696
1491;2698
1488;2701
1474;2703
1461;2706
1456;2708
1452;2710
1446;2713
1446;2715
1446;2718
1442;2720
1451;2723
1481;2725
1517;2727
1535;2731
1533;2733
1523;2736
1509;2738
1497;2740
1495;2743
1502;2745
1499;2748
1483;2750
1479;2752
1492;2755
1498;2757
1490;2760
1483;2762
1474;2765
1472;2767
1475;2769
1474;2772
1452;2775
1441;2778
1453;2780
1467;2782
1484;2785
1503;2787
1509;2790
1511;2792
1508;2794
1512;2797
1510;2799
1495;2802
1484;2804
1497;2807
1512;2809
1527;2811
1528;2814
1507;2817
1490;2820
1484;2822
1480;2824
1472;2827
1462;2829
1454;2832
1457;2834
1475;2836
1486;2839
1494;2841
1496;2844
1480;2846
1465;2849
1474;2851
1484;2853
1489;2856
1493;2859
1500;2862
1519;2864
1524;2866
1509;2869
1491;2871
1490;2874
1509;2876
1525;2878
1529;2881
1516;2883
1486;2886
1474;2888
1467;2891
1468;2893
1474;2895
1493;2898
1512;2900
1505;2904
1471;2906
1455;2908
1455;2911
1472;2913
1478;2916
1470;2918
1457;2920
1459;2923
1477;2925
1488;2928
1489;2930
1486;2933
1482;2935
1468;2937
1455;2940
1456;2942
1460;2946
1474;2948
1490;2950
1508;2953
1517;2955
1514;2958
1507;2960
1490;2963
1482;2965
1476;2967
1474;2970
1479;2972
1477;2975
1477;2977
1468;2979
1478;2982
1487;2984
1493;2988
1474;2990
1451;2992
1442;2995
1439;2997
1431;3000
1429;3002
1434;3005
1466;3007
1483;3009
1485;3012
1475;3014
1465;3017
1468;3019
1465;3021
1450;3024
1443;3026
1454;3030
1468;3032
1483;3034
1494;3037
1500;3039
1508;3042
1500;3044
1486;3047
1485;3049
1486;3051
1482;3054
1460;3056
1437;3059
1423;3061
1431;3063
1464;3066
1484;3068
1482;3072
1480;3074
1480;3076
1478;3079
1471;3081
1466;3084
1460;3086
1462;3089
1469;3091
1473;3093
1469;3096
1463;3098
1477;3101
1492;3103
1492;3105
1489;3108
1487;3110
1486;3113
1492;3116
1490;3118
1496;3121
1496;3123
1483;3126
1466;3128
1469;3131
1484;3133
1489;3135
1485;3138
1472;3140
1458;3143
1447;3145
1445;3147
1442;3150
1435;3152
1443;3155
1459;3158
1468;3161
1478;3163
1486;3165
1491;3168
1481;3170
1482;3173
1490;3175
1497;3177
1511;3180
1527;3182
1522;3185
1505;3187
1497;3189
1500;3192
1505;3194
1502;3197
1490;3200
1476;3203
1466;3205
1466;3207
1467;3210
1460;3212
1454;3215
1450;3217
1450;3219
1443;3222
1434;3224
1423;3227
1429;3229
1441;3231
1458;3234
1462;3236
1455;3239
1452;3241
1458;3245
1470;3247
1478;3249
1489;3252
1511;3254
1521;3257
1523;3259
1513;3261
1504;3264
1509;3266
1512;3269
1504;3271
1484;3273
1460;3276
1433;3278
1414;3281
1409;3283
1422;3287
1451;3289
1466;3291
1446;3294
1431;3296
1436;3299
1456;3301
1472;3303
1495;3306
1520;3308
1529;3311
1527;3313
1514;3315
1508;3318
1499;3320
1485;3323
1472;3325
1457;3329
1441;3331
1435;3333
1444;3336
1462;3338
1475;3341
1477;3343
1473;3345
1472;3348
1482;3350
1493;3353
1487;3355
1457;3358
1444;3360
1444;3362
1454;3365
1488;3367
1512;3371
1514;3373
1495;3375
1477;3378
1477;3380
1479;3383
1479;3385
1488;3387
1526;3390
1573;3392
1569;3395
1540;3397
1518;3400
1500;3402
1476;3404
1452;3407
1446;3409
1454;3412
1460;3415
1458;3417
1454;3420
1442;3422
1437;3425
1449;3427
1474;3429
1484;3432
1485;3434
1488;3437
1493;3439
1515;3442
1527;3444
1541;3446
1537;3449
1518;3451
1499;3454
1482;3457
1474;3459
1466;3462
1461;3464
1476;3467
1499;3469
1527;3471
1527;3474
1507;3476
1469;3479
1448;3481
1441;3484
1442;3486
1452;3488
1457;3491
1475;3493
1491;3496
1480;3499
1456;3501
1432;3504
1431;3506
1452;3509
1471;3511
1480;3513
1466;3516
1451;3518
1454;3521
1472;3523
1491;3526
1503;3528
1493;3530
1484;3533
1492;3535
1500;3538
1499;3540
1502;3543
1507;3546
1497;3548
1476;3551
1477;3553
1492;3555
1497;3558
1491;3560
1500;3563
1525;3565
1530;3568
1502;3570
1476;3572
1464;3575
1454;3577
1447;3580
1448;3582
1457;3585
1456;3588
1458;3590
1460;3593
1467;3595
1476;3598
1477;3600
1487;3602
1498;3605
1512;3607
1518;3610
1532;3612
1553;3614
1561;3617
1535;3619
1500;3622
1489;3624
1478;3627
1478;3630
1491;3632
1522;3635
1536;3637
1529;3640
1502;3642
1470;3644
1454;3647
1437;3649
1415;3652
1408;3654
1410;3656
1411;3659
1422;3661
1450;3664
1471;3666
1481;3668
1484;3672
1495;3674
1513;3677
1535;3679
1552;3682
1551;3684
1530;3686
1498;3689
1481;3691
1473;3694
1467;3696
1464;3698
1490;3701
1521;3703
1518;3706
1493;3708
1468;3712
1467;3714
1464;3716
1461;3719
1466;3721
1461;3724
1455;3726
1476;3728
1513;3731
1529;3733
1512;3736
1495;3738
1485;3740
1500;3743
1513;3745
1515;3748
1517;3750
1517;3753
1515;3756
1488;3758
1467;3761
1463;3763
1467;3766
1482;3768
1488;3770
1485;3773
1508;3775
1526;3778
1515;3780
1483;3782
1464;3785
1455;3787
1444;3790
1457;3792
1483;3795
1501;3798
1504;3800
1496;3803
1481;3805
1473;3808
1464;3810
1457;3812
1463;3815
1473;3817
1479;3820
1479;3822
1487;3824
1491;3827
1502;3829
1514;3832
1518;3834
1511;3837
1493;3840
1495;3842
1499;3845
1506;3847
1502;3850
1492;3852
1476;3854
1474;3857
1488;3859
1499;3862
1502;3864
1489;3866
1474;3869
1468;3871
1471;3874
1479;3876
1479;3879
1496;3881
1522;3884
1524;3887
1513;3889
1478;3892
1463;3894
1465;3896
1459;3899
1452;3901
1441;3904
1447;3906
1465;3909
1479;3911
1490;3913
1505;3916
1518;3918
1523;3921
1510;3923
1488;3926
1476;3929
1473;3931
1482;3934
1484;3936
1479;3938
1459;3941
1425;3943
1408;3946
1415;3948
1420;3951
1424;3953
1431;3955
1445;3958
1471;3960
1501;3963
1536;3965
1570;3968
1580;3971
1566;3973
1522;3976
1477;3978
1464;3980
1463;3983
1464;3985
1463;3988
1457;3990
1452;3993
1449;3995
1439;3997
1424;4000
1425;4002
1440;4005
1443;4007
1434;4009
1433;4013
1437;4015
1437;4018
1434;4020
1440;4022
1461;4025
1489;4027
1517;4030
1536;4032
1533;4035
1525;4037
1531;4039
1542;4042
1544;4044
1518;4047
1478;4049
1451;4051
1428;4055
1414;4057
1423;4060
1457;4062
1489;4064
1511;4067
1501;4069
1470;4072
1445;4074
1447;4077
1452;4079
1455;4081
1472;4084
1500;4086
1513;4089
1512;4091
1502;4093
1517;4097
1541;4099
1551;4102
1534;4104
1506;4107
1482;4109
1474;4111
1482;4114
1505;4116
1532;4119
1583;4121
1605;4123
1582;4126
1526;4128
1480;4131
1464;4133
1460;4135
1463;4139
1469;4141
1467;4144
1459;4146
1443;4149
1434;4151
1437;4153
1437;4156
1432;4158
1426;4161
1431;4163
1438;4165
1450;4168
1470;4170
1483;4173
1504;4175
1534;4177
1562;4180
1552;4183
1514;4186
1489;4188
1475;4191
1470;4193
1472;4195
1465;4198
1455;4200
1465;4203
1476;4205
1473;4207
1451;4210
1433;4212
1438;4215
1461;4217
1476;4219
1462;4222
1435;4225
1447;4228
1461;4230
1462;4233
1450;4235
1443;4237
1455;4240
1463;4242
1470;4245
1486;4247
1496;4249
1489;4252
1466;4254
1456;4257
1461;4259
1472;4261
1470;4264
1453;4267
1445;4270
1456;4272
1468;4275
1478;4277
1477;4279
1475;4282
1485;4284
1497;4287
1498;4289
1482;4291
1459;4294
1472;4296
1494;4299
1495;4301
1475;4303
1464;4306
1465;4308
1474;4312
1481;4314
1477;4317
1466;4319
1459;4321
1469;4324
1484;4326
1493;4329
1500;4331
1515;4333
1505;4336
1488;4338
1466;4341
1457;4343
1459;4346
1453;4348
1444;4350
1450;4354
1475;4356
1501;4359
1503;4361
1483;4363
1474;4366
1482;4368
1504;4371
1514;4373
1502;4375
1489;4378
1496;4380
1506;4383
1497;4385
1473;4388
1461;4390
1451;4392
1455;4396
1459;4398
1463;4401
1458;4403
1441;4405
1433;4408
1435;4410
1456;4413
1475;4415
1490;4417
1474;4420
1460;4422
1480;4425
1500;4427
1503;4430
1491;4432
1501;4434
1522;4438
1537;4440
1540;4443
1520;4445
1499;4447
1477;4450
1455;4452
1444;4455
1452;4457
1461;4459
1460;4462
1447;4464
1444;4467
1464;4469
1493;4472
1501;4474
1491;4476
1486;4480
1523;4482
1552;4485
1549;4487
1539;4489
1526;4492
1510;4494
1478;4497
1462;4499
1484;4501
1513;4504
1531;4506
1506;4509
1470;4511
1458;4514
1454;4516
1454;4518
1452;4521
1447;4524
1452;4527
1462;4529
1475;4531
1483;4534
1491;4536
1502;4539
1517;4541
1520;4543
1518;4546
1536;4548
1561;4551
1552;4553
1523;4556
1506;4558
1509;4560
1513;4563
1513;4566
1512;4569
1503;4571
1483;4573
1472;4576
1476;4578
1499;4581
1513;4583
1507;4585
1486;4588
1472;4590
1445;4593
1422;4595
1428;4598
1448;4600
1474;4602
1493;4605
1490;4608
1486;4611
1499;4613
1510;4615
1505;4618
1489;4620
1503;4623
1527;4625
1532;4628
1517;4630
1504;4632
1489;4635
1466;4637
1452;4640
1450;4642
1458;4644
1474;4647
1487;4649
1490;4653
1487;4655
1485;4657
1479;4660
1467;4662
1455;4665
1437;4667
1434;4670
1469;4672
1514;4674
1525;4677
1517;4679
1533;4682
1541;4684
1529;4686
1520;4689
1510;4691
1515;4695
1515;4697
1508;4699
1497;4702
1500;4704
1528;4707
1544;4709
1553;4712
1553;4714
1537;4716
1504;4719
1477;4721
1458;4724
1432;4726
1421;4728
1431;4731
1448;4733
1460;4737
1465;4739
1459;4741
1448;4744
1449;4746
1458;4749
1461;4751
1470;4754
1499;4756
1525;4758
1521;4761
1498;4763
1490;4766
1503;4768
1512;4770
1511;4773
1501;4775
1483;4779
1468;4781
1469;4783
1482;4786
1481;4788
1472;4791
1464;4793
1456;4796
1459;4798
1468;4800
1469;4803
1477;4805
1481;4808
1467;4810
1463;4812
1459;4815
1458;4817
1455;4820
1453;4823
1454;4826
1456;4828
1453;4830
1451;4833
1460;4835
1477;4838
1480;4840
1479;4842
1502;4845
1513;4847
1525;4850
1553;4852
1587;4854
1602;4857
1573;4859
1535;4862
1505;4865
1488;4868
1474;4870
1463;4872
1455;4875
1451;4877
1447;4880
1446;4882
1451;4884
1445;4887
1428;4889
1425;4892
1446;4894
1471;4896
1480;4899
1472;4901
1470;4904
1492;4907
1543;4910
1573;4912
1566;4914
1535;4917
1499;4919
1485;4922
1476;4924
1472;4926
1467;4929
1465;4931
1472;4934
1486;4936
1499;4938
1497;4941
1483;4943
1464;4946
1450;4948
1438;4952
1441;4954
1464;4956
1479;4959
1480;4961
1477;4964
1472;4966
1485;4968
1489;4971
1470;4973
1454;4976
1442;4978
1434;4980
1428;4983
1428;4985
1432;4988
1445;4990
1456;4994
1461;4996
1459;4998
1452;5001
1447;5003
1472;5006
1505;5008
1522;5010
1507;5013
1482;5015
1486;5018
1492;5020
1496;5023
1508;5025
1516;5027
1533;5030
1549;5032
1562;5036
1541;5038
1493;5040
1470;5043
1456;5045
1448;5048
1444;5050
1444;5052
1444;5055
1448;5057
1445;5060
1450;5062
1451;5065
1451;5067
1450;5069
1446;5072
1449;5074
1458;5078
1484;5080
1533;5082
1572;5085
1594;5087
1595;5090
1582;5092
1561;5094
1544;5097
1531;5099
1512;5102
1488;5104
1476;5107
1475;5109
1480;5111
1476;5114
1471;5116
1473;5120
1478;5122
1484;5124
1481;5127
1477;5129
1464;5132
1445;5134
1438;5136
1448;5139
1459;5141
1480;5144
1513;5146
1536;5149
1552;5151
1545;5153
1546;5156
1557;5158
1567;5161
1581;5164
1577;5166
1570;5169
1552;5171
1532;5174
1519;5176
1519;5179
1508;5181
1494;5183
1496;5186
1506;5188
1514;5191
1518;5193
1521;5195
1515;5198
1505;5200
1493;5203
1487;5206
1489;5208
1485;5211
1483;5213
1505;5216
1527;5218
1554;5221
1555;5223
1546;5225
1548;5228
1551;5230
1535;5233
1521;5235
1513;5237
1510;5240
1515;5242
1518;5245
1515;5248
1508;5250
1519;5253
1548;5255
1567;5258
1558;5260
1517;5263
1496;5265
1505;5267
1522;5270
1538;5272
1535;5275
1517;5277
1504;5279
1508;5282
1512;5284
1510;5287
1509;5289
1517;5292
1519;5295
1512;5297
1512;5300
1525;5302
1535;5305
1533;5307
1519;5309
1511;5312
1505;5314
1502;5317
1503;5319
1506;5321
1500;5324
1500;5326
1514;5329
1532;5331
1545;5334
1570;5337
1581;5339
1575;5342
1549;5344
1533;5347
1526;5349
1528;5351
1526;5354
1524;5356
1518;5359
1511;5361
1511;5363
1498;5366
1481;5368
1465;5371
1455;5373
1452;5376
1461;5379
1485;5381
1504;5384
1514;5386
1527;5389
1539;5391
1548;5393
1546;5396
1541;5398
1533;5401
1511;5403
1505;5405
1510;5408
1517;5410
1516;5413
1511;5415
1510;5419
1503;5421
1495;5423
1490;5426
1483;5428
1483;5431
1492;5433
1493;5435
1476;5438
1460;5440
1472;5443
1511;5445
1533;5447
1525;5450
1512;5452
1514;5455
1515;5457
1505;5460
1494;5463
1499;5465
1512;5468
1535;5470
1541;5473
1534;5475
1517;5477
1502;5480
1495;5482
1495;5485
1489;5487
1486;5489
1492;5492
1489;5494
1475;5497
1463;5499
1465;5502
1474;5505
1477;5507
1487;5510
1518;5512
1534;5515
1546;5517
1556;5519
1573;5522
1556;5524
1525;5527
1508;5529
1496;5531
1493;5534
1497;5536
1509;5539
1518;5541
1524;5544
1520;5547
1510;5549
1508;5552
1517;5554
1532;5557
1537;5559
1514;5561
1485;5564
1498;5566
1533;5569
1565;5571
1569;5573
1546;5576
1523;5578
1518;5581
1536;5583
1550;5586
1544;5588
1524;5591
1517;5594
1515;5596
1512;5599
1506;5601
1505;5603
1500;5606
1491;5608
1484;5611
1500;5613
1510;5616
1509;5618
1494;5620
1506;5623
1529;5625
1539;5628
1526;5630
1488;5633
1458;5636
1450;5638
1472;5641
1528;5643
1569;5645
1589;5648
1571;5650
1543;5653
1530;5655
1525;5658
1530;5660
1521;5662
1511;5665
1537;5667
1561;5670
1557;5672
1534;5675
1511;5678
1498;5680
1492;5683
1483;5685
1464;5687
1467;5690
1475;5692
1480;5695
1509;5697
1544;5700
1575;5702
1607;5704
1634;5707
1627;5709
1596;5712
1570;5714
1559;5716
1549;5720
1533;5722
1523;5725
1526;5727
1528;5729
1526;5732
1515;5734
1512;5737
1519;5739
1529;5742
1526;5744
1517;5746
1520;5749
1526;5751
1527;5754
1535;5756
1544;5758
1574;5762
1586;5764
1608;5767
1632;5769
1644;5771
1627;5774
1586;5776
1555;5779
1550;5781
1532;5784
1515;5786
1507;5788
1505;5791
1507;5793
1506;5796
1502;5798
1499;5800
1501;5804
1502;5806
1513;5809
1514;5811
1514;5814
1520;5816
1526;5818
1541;5821
1561;5823
1564;5826
1553;5828
1546;5830
1540;5833
1541;5835
1540;5838
1543;5840
1533;5842
1524;5846
1514;5848
1507;5851
1497;5853
1491;5856
1491;5858
1499;5860
1509;5863
1522;5865
1535;5868
1539;5870
1529;5872
1515;5875
1522;5877
1533;5880
1522;5882
1502;5884
1506;5888
1519;5890
1524;5893
1521;5895
1526;5898
1532;5900
1531;5902
1525;5905
1516;5907
1504;5910
1499;5912
1500;5914
1503;5917
1500;5919
1505;5922
1524;5924
1536;5926
1536;5929
1524;5932
1515;5935
1491;5937
1475;5940
1465;5942
1470;5944
1480;5947
1474;5949
1464;5952
1466;5954
1476;5956
1493;5959
1526;5961
1553;5964
1574;5966
1576;5968
1564;5971
1546;5974
1532;5977
1520;5979
1510;5982
1507;5984
1518;5986
1523;5989
1503;5991
1476;5994
1452;5996
1433;5998
1431;6001
1451;6003
1488;6006
1504;6008
1518;6011
1517;6013
1519;6016
1540;6019
1571;6021
1597;6024
1585;6026
1545;6028
1514;6031
1502;6033
1490;6036
1482;6038
1477;6040
1476;6043
1471;6045
1468;6048
1470;6050
1475;6053
1482;6055
1487;6057
1496;6061
1519;6063
1548;6066
1553;6068
1556;6070
1558;6073
1546;6075
1520;6078
1508;6080
1498;6082
1491;6085
1489;6087
1489;6090
1483;6092
1478;6095
1466;6097
1459;6099
1467;6103
1474;6105
1467;6108
1462;6110
1475;6112
1496;6115
1510;6117
1515;6120
1522;6122
1534;6124
1538;6127
1528;6129
1501;6132
1481;6134
1495;6137
1533;6139
1554;6141
1547;6145
1517;6147
1496;6150
1485;6152
1473;6154
1467;6157
1463;6159
1460;6162
1463;6164
1470;6166
1483;6169
1497;6171
1488;6174
1487;6176
1494;6179
1491;6181
1480;6183
1476;6187
1489;6189
1516;6192
1586;6194
1645;6196
1667;6199
1628;6201
1566;6204
1535;6206
1525;6209
1531;6211
1543;6213
1539;6216
1526;6218
1509;6221
1494;6223
1496;6225
1515;6228
1514;6231
1490;6234
1460;6236
1459;6238
1479;6241
1518;6243
1557;6246
1592;6248
1618;6251
1610;6253
1576;6255
1557;6258
1569;6260
1579;6263
1565;6265
1530;6267
1504;6270
1485;6273
1472;6276
1464;6278
1467;6280
1473;6283
1475;6285
1472;6288
1463;6290
1455;6293
1451;6295
1459;6297
1451;6300
1445;6302
1447;6305
1473;6307
1508;6309
1558;6312
1594;6315
1590;6318
1562;6320
1531;6322
1525;6325
1516;6327
1500;6330
1489;6332
1476;6335
1469;6337
1466;6339
1465;6342
1465;6344
1475;6347
1484;6349
1483;6351
1493;6354
1505;6356
1517;6360
1525;6362
1530;6364
1519;6367
1490;6369
1469;6372
1453;6374
1464;6377
1476;6379
1487;6381
1498;6384
1507;6386
1503;6389
1494;6391
1506;6393
1545;6396
1592;6398
1603;6402
1575;6404
1535;6407
1511;6409
1493;6411
1497;6414
1505;6416
1509;6419
1504;6421
1493;6423
1479;6426
1472;6428
1475;6431
1477;6433
1489;6435
1496;6438
1491;6440
1478;6444
1473;6446
1486;6449
1523;6451
1569;6453
1605;6456
1613;6458
1605;6461
1578;6463
1554;6465
1546;6468
1549;6470
1546;6473
1536;6475
1515;6477
1506;6480
1511;6482
1513;6486
1510;6488
1505;6491
1483;6493
1459;6495
1450;6498
1461;6500
1465;6503
1470;6505
1475;6507
1475;6510
1480;6512
1498;6515
1500;6517
1504;6519
1511;6522
1541;6524
1568;6528
1596;6530
1600;6533
1581;6535
1532;6537
1492;6540
1487;6542
1510;6545
1528;6547
1534;6549
1514;6552
1490;6554
1477;6557
1471;6559
1479;6561
1482;6564
1499;6566
1512;6569
1513;6572
1499;6575
1484;6577
1474;6579
1467;6582
1483;6584
1517;6587
1533;6589
1511;6591
1498;6594
1502;6596
1516;6599
1529;6601
1509;6604
1485;6606
1483;6608
1498;6611
1511;6614
1509;6617
1501;6619
1497;6621
1511;6624
1533;6626
1534;6629
1517;6631
1510;6633
1499;6636
1480;6638
1459;6641
1467;6643
1490;6646
1513;6648
1542;6650
1554;6653
1558;6656
1559;6659
1558;6661
1553;6663
1534;6666
1523;6668
1533;6671
1546;6673
1555;6675
1539;6678
1518;6680
1509;6683
1509;6685
1511;6688
1503;6690
1504;6692
1510;6695
1508;6697
1497;6701
1482;6703
1470;6705
1481;6708
1526;6710
1576;6713
1600;6715
1590;6717
1569;6720
1558;6722
1550;6725
1554;6727
1562;6730
1567;6732
1561;6734
1541;6737
1515;6739
1508;6743
1519;6745
1520;6747
1516;6750
1500;6752
1493;6755
1495;6757
1509;6759
1541;6762
1553;6764
1544;6767
1528;6769
1528;6772
1525;6774
1535;6776
1542;6779
1548;6781
1554;6785
1554;6787
1551;6789
1537;6792
1530;6794
1528;6797
1525;6799
1525;6802
1533;6804
1562;6806
1589;6809
1592;6811
1571;6814
1538;6816
1518;6818
1522;6821
1527;6823
1535;6827
1533;6829
1535;6831
1532;6834
1525;6836
1514;6839
1507;6841
1533;6844
1562;6846
1573;6848
1551;6851
1501;6853
1475;6856
1470;6858
1475;6860
1483;6863
1496;6865
1504;6868
1521;6871
1533;6873
1546;6876
1557;6878
1557;6881
1539;6883
1520;6886
1518;6888
1540;6890
1551;6893
1539;6895
1526;6898
1496;6900
1480;6902
1491;6905
1502;6907
1501;6910
1479;6913
1477;6915
1475;6918
1485;6920
1496;6923
1505;6925
1498;6928
1485;6930
1496;6932
1518;6935
1520;6937
1499;6940
1477;6942
1478;6944
1490;6947
1492;6949
1488;6952
1490;6955
1503;6957
1511;6960
1509;6962
1504;6965
1505;6967
1513;6970
1514;6972
1513;6974
1528;6977
1542;6979
1533;6982
1507;6984
1485;6986
1471;6989
1473;6991
1497;6994
1515;6996
1534;7000
1562;7002
1579;7004
1578;7007
1557;7009
1551;7012
1542;7014
1535;7016
1532;7019
1531;7021
1532;7024
1523;7026
1512;7028
1502;7031
1504;7033
1507;7036
1494;7038
1491;7042
1502;7044
1521;7046
1546;7049
1558;7051
1555;7054
1545;7056
1539;7058
1535;7061
1535;7063
1547;7066
1554;7068
1552;7070
1544;7073
1526;7075
1510;7078
1508;7080
1520;7084
1531;7086
1522;7088
1484;7091
1455;7093
1453;7096
1455;7098
1462;7100
1464;7103
1474;7105
1480;7108
1497;7110
1504;7112
1503;7115
1498;7117
1501;7120
1524;7122
1533;7126
1529;7128
1505;7130
1492;7133
1497;7135
1513;7138
1517;7140
1505;7142
1488;7145
1487;7147
1493;7150
1493;7152
1489;7155
1485;7157
1486;7159
1493;7162
1505;7164
1502;7168
1496;7170
1501;7172
1495;7175
1480;7177
1478;7180
1486;7182
1499;7184
1507;7187
1514;7189
1510;7192
1499;7194
1490;7197
1488;7199
1498;7201
1515;7204
1505;7206
1488;7209
1490;7212
1514;7214
1524;7217
1531;7219
1535;7222
1526;7224
1509;7226
1481;7229
1474;7231
1468;7234
1463;7236
1485;7239
1515;7241
1541;7243
1537;7246
1524;7248
1515;7251
1494;7254
1468;7256
1451;7259
1450;7261
1450;7264
1445;7266
1442;7268
1448;7271
1453;7273
1453;7276
1449;7278
1460;7281
1476;7283
1479;7285
1478;7288
1507;7290
1555;7293
1572;7296
1544;7298
1520;7301
1507;7303
1500;7306
1477;7308
1468;7310
1470;7313
1472;7315
1469;7318
1468;7320
1506;7323
1530;7325
1529;7327
1499;7330
1460;7332
1432;7335
1416;7337
1415;7340
1420;7343
1434;7345
1446;7348
1452;7350
1470;7352
1503;7355
1564;7357
1617;7360
1629;7362
1589;7365
1535;7367
1514;7369
1505;7372
1496;7374
1474;7377
1461;7379
1464;7382
1469;7385
1464;7387
1457;7390
1452;7392
1451;7395
1448;7397
1451;7399
1449;7402
1463;7404
1502;7407
1536;7409
1562;7411
1628;7414
1669;7416
1661;7419
1620;7421
1580;7424
1545;7427
1497;7429
1469;7432
1451;7434
1438;7437
1439;7439
1450;7441
1467;7444
1495;7446
1508;7449
1495;7451
1464;7453
1435;7456
1420;7458
1407;7461
1396;7463
1406;7465
1438;7469
1478;7471
1492;7474
1492;7476
1489;7479
1546;7481
1613;7483
1619;7486
1564;7488
1521;7491
1494;7493
1472;7495
1453;7498
1445;7500
1433;7503
1421;7505
1417;7507
1423;7511
1435;7513
1444;7516
1438;7518
1430;7521
1432;7523
1443;7525
1465;7528
1495;7530
1522;7533
1530;7535
1499;7537
1469;7540
1457;7542
1446;7545
1439;7547
1435;7550
1443;7553
1470;7555
1495;7558
1510;7560
1500;7563
1474;7565
1470;7567
1490;7570
1494;7572
1492;7575
1483;7577
1480;7579
1465;7582
1450;7584
1453;7587
1467;7589
1472;7592
1463;7595
1447;7597
1446;7600
1458;7602
1476;7605
1479;7607
1471;7609
1468;7612
1461;7614
1446;7617
1431;7619
1420;7621
1411;7624
1411;7626
1419;7629
1428;7631
1438;7634
1457;7636
1477;7639
1496;7642
1491;7644
1473;7647
1452;7649
1466;7651
1496;7654
1513;7656
1505;7659
1491;7661
1496;7663
1514;7666
1532;7668
1530;7671
1503;7673
1478;7676
1446;7678
1431;7681
1430;7684
1441;7686
1456;7689
1459;7691
1451;7693
1437;7696
1433;7698
1436;7701
1447;7703
1458;7705
1477;7708
1497;7710
1514;7713
1547;7715
1571;7718
1591;7720
1596;7723
1593;7726
1575;7728
1537;7731
1498;7733
1475;7735
1473;7738
1474;7740
1471;7743
1470;7745
1469;7747
1469;7750
1473;7752
1477;7755
1489;7757
1499;7760
1510;7762
1519;7764
1512;7768
1508;7770
1532;7773
1555;7775
1566;7777
1570;7780
1571;7782
1567;7785
1546;7787
1533;7789
1522;7792
1515;7794
1510;7797
1516;7799
1528;7802
1537;7804
1518;7806
1494;7810
1502;7812
1534;7815
1547;7817
1519;7819
1483;7822
1475;7824
1476;7827
1470;7829
1455;7832
1446;7834
1458;7836
1469;7839
1478;7841
1479;7844
1493;7846
1502;7848
1505;7852
1505;7854
1510;7857
1514;7859
1505;7861
1483;7864
1465;7866
1463;7869
1475;7871
1486;7874
1485;7876
1474;7878
1471;7881
1465;7883
1456;7886
1450;7888
1444;7890
1436;7894
1438;7896
1454;7899
1462;7901
1460;7903
1455;7906
1461;7908
1453;7911
1432;7913
1422;7916
1429;7918
1456;7920
1484;7923
1477;7925
1455;7928
1422;7930
1402;7932
1388;7936
1379;7938
1377;7941
1385;7943
1403;7945
1408;7948
1404;7950
1411;7953
1424;7955
1442;7958
1451;7960
1457;7962
1463;7965
1495;7967
1522;7970
1515;7972
1485;7974
1456;7977
1434;7980
1425;7983
1418;7985
1421;7988
1425;7990
1417;7992
1403;7995
1396;7997
1390;8000
1385;8002
1377;8004
1371;8007
1385;8009
1405;8012
1417;8014
1410;8016
1400;8019
1391;8022
1388;8025
1389;8027
1379;8030
1377;8032
1394;8034
1435;8037
1476;8039
1491;8042
1490;8044
1477;8046
1457;8049
1435;8051
1422;8054
1414;8056
1397;8058
1382;8061
1379;8064
1383;8067
1381;8069
1372;8072
1371;8074
1382;8076
1384;8079
1377;8081
1375;8084
1379;8086
1375;8088
1363;8091
1360;8093
1369;8096
1400;8098
1450;8100
1473;8103
1472;8105
1441;8109
1428;8111
1426;8114
1413;8116
1397;8118
1392;8121
1395;8123
1404;8126
1407;8128
1402;8130
1386;8133
1369;8135
1360;8138
1358;8140
1355;8142
1360;8145
1375;8147
1378;8151
1368;8153
1357;8156
1356;8158
1375;8160
1391;8163
1410;8165
1425;8168
1435;8170
1447;8172
1475;8175
1496;8177
1508;8180
1498;8182
1466;8184
1445;8187
1438;8189
1425;8193
1406;8195
1400;8198
1408;8200
1418;8202
1427;8205
1416;8207
1398;8210
1395;8212
1386;8214
1384;8217
1393;8219
1409;8222
1417;8224
1412;8227
1407;8229
1403;8231
1401;8235
1401;8237
1400;8240
1413;8242
1443;8244
1485;8247
1519;8249
1533;8252
1529;8254
1499;8256
1469;8259
1478;8261
1511;8264
1515;8266
1486;8269
1449;8271
1435;8273
1415;8276
1396;8279
1381;8282
1383;8284
1389;8286
1391;8289
1393;8291
1399;8294
1406;8296
1407;8298
1410;8301
1407;8303
1401;8306
1399;8308
1414;8311
1444;8313
1480;8315
1507;8318
1516;8321
1519;8324
1544;8326
1564;8328
1574;8331
1558;8333
1524;8336
1495;8338
1473;8340
1454;8343
1440;8345
1431;8348
1423;8350
1417;8353
1413;8355
1411;8357
1404;8360
1413;8363
1413;8366
1395;8368
1391;8370
1397;8373
1410;8375
1446;8378
1503;8380
1554;8382
1551;8385
1514;8387
1499;8390
1490;8392
1476;8395
1465;8397
1449;8399
1464;8402
1478;8404
1480;8408
1464;8410
1438;8412
1427;8415
1410;8417
1396;8420
1417;8422
1458;8425
1487;8427
1483;8429
1460;8432
1430;8434
1413;8437
1390;8439
1392;8441
1429;8444
1466;8446
1472;8450
1473;8452
1478;8454
1481;8457
1477;8459
1454;8462
1435;8464
1423;8467
1417;8469
1419;8471
1424;8474
1438;8476
1449;8479
1457;8481
1457;8483
1454;8486
1446;8488
1423;8492
1411;8494
1405;8496
1410;8499
1442;8501
1453;8504
1448;8506
1436;8509
1445;8511
1483;8513
1512;8516
1511;8518
1478;8521
1467;8523
1489;8525
1501;8528
1500;8530
1470;8534
1435;8536
1417;8538
1416;8541
1415;8543
1407;8546
1401;8548
1401;8551
1400;8553
1400;8555
1387;8558
1373;8560
1382;8563
1408;8565
1434;8567
1458;8570
1497;8572
1537;8576
1547;8578
1515;8580
1464;8583
1453;8585
1445;8588
1431;8590
1419;8593
1422;8595
1425;8597
1425;8600
1426;8602
1425;8605
1427;8607
1422;8609
1416;8612
1406;8614
1418;8617
1423;8620
1418;8622
1412;8625
1406;8627
1402;8630
1418;8632
1447;8635
1457;8637
1444;8639
1424;8642
1402;8644
1400;8647
1423;8649
1449;8651
1457;8654
1468;8656
1487;8659
1500;8662
1492;8664
1468;8667
1442;8669
1428;8672
1419;8674
1412;8677
1411;8679
1420;8681
1444;8684
1466;8686
1462;8689
1441;8691
1413;8693
1379;8696
1372;8698
1388;8701
1401;8704
1423;8707
1428;8709
1421;8711
1416;8714
1422;8716
1426;8719
1438;8721
1456;8723
1467;8726
1472;8728
1485;8731
1512;8733
1518;8735
1499;8738
1469;8740
1447;8743
1440;8745
1438;8749
1444;8751
1448;8753
1450;8756
1451;8758
1444;8761
1428;8763
1399;8765
1388;8768
1401;8770
1427;8773
1450;8775
1463;8777
1482;8780
1528;8782
1560;8785
1563;8787
1526;8791
1493;8793
1476;8795
1475;8798
1477;8800
1475;8803
1476;8805
1481;8807
1482;8810
1472;8812
1445;8815
1444;8817
1455;8819
1455;8822
1459;8824
1463;8827
1472;8829
1480;8833
1477;8835
1473;8837
1475;8840
1475;8842
1474;8845
1454;8847
1442;8849
1446;8852
1454;8854
1461;8857
1459;8859
1474;8861
1500;8864
1523;8866
1526;8869
1533;8871
1564;8875
1574;8877
1567;8879
1537;8882
1528;8884
1524;8887
1513;8889
1521;8891
1530;8894
1529;8896
1504;8899
1477;8901
1470;8904
1458;8906
1451;8908
1454;8911
1462;8913
1461;8916
1456;8919
1462;8921
1486;8924
1511;8926
1518;8929
1510;8931
1489;8933
1482;8936
1487;8938
1487;8941
1498;8943
1519;8946
1543;8948
1552;8950
1529;8953
1509;8955
1478;8958
1457;8961
1446;8963
1439;8966
1437;8968
1440;8971
1440;8973
1449;8975
1458;8978
1451;8980
1441;8983
1446;8985
1461;8988
1474;8990
1491;8992
1516;8995
1533;8997
1558;9000
1571;9003
1573;9005
1552;9008
1535;9010
1557;9013
1592;9015
1598;9017
1573;9020
1537;9022
1509;9025
1494;9027
1486;9030
1476;9032
1472;9034
1471;9037
1464;9039
1459;9042
1458;9044
1459;9047
1467;9050
1474;9052
1474;9055
1474;9057
1492;9059
1531;9062
1557;9064
1592;9067
1600;9069
1604;9072
1584;9074
1561;9076
1571;9079
1587;9081
1578;9084
1552;9086
1514;9089
1494;9092
1486;9094
1488;9097
1490;9099
1485;9101
1473;9104
1472;9106
1479;9109
1484;9111
1467;9114
1449;9116
1460;9118
1470;9121
1480;9123
1500;9126
1526;9128
1540;9131
1553;9134
1570;9136
1589;9139
1574;9141
1530;9144
1500;9146
1487;9148
1486;9151
1492;9153
1496;9156
1520;9158
1530;9160
1525;9163
1508;9165
1488;9168
1472;9170
1453;9172
1462;9176
1493;9178
1510;9181
1516;9183
1512;9186
1507;9188
1523;9190
1540;9193
1555;9195
1569;9198
1589;9200
1590;9202
1579;9205
1564;9207
1546;9210
1530;9212
1518;9214
1511;9218
1507;9220
1511;9223
1522;9225
1529;9228
1518;9230
1503;9232
1505;9235
1514;9237
1508;9240
1502;9242
1502;9244
1503;9247
1517;9249
1551;9252
1576;9254
1610;9256
1599;9260
1578;9262
1560;9265
1546;9267
1550;9270
1566;9272
1573;9274
1565;9277
1548;9279
1549;9282
1563;9284
1577;9286
1575;9289
1549;9291
1528;9294
1515;9296
1529;9299
1552;9302
1568;9304
1563;9307
1546;9309
1531;9312
1530;9314
1532;9316
1533;9319
1534;9321
1548;9324
1568;9326
1594;9328
1609;9331
1610;9333
1615;9336
1622;9338
1625;9341
1622;9344
1616;9346
1599;9349
1588;9351
1580;9354
1575;9356
1580;9358
1582;9361
1558;9363
1523;9366
1515;9368
1536;9370
1551;9373
1548;9375
1548;9378
1558;9380
1584;9383
1608;9385
1624;9388
1643;9391
1663;9393
1651;9396
1624;9398
1590;9400
1580;9403
1599;9405
1632;9408
1636;9410
1614;9412
1585;9415
1567;9417
1544;9420
1532;9422
1537;9425
1538;9427
1538;9430
1539;9433
1539;9435
1535;9438
1521;9440
1522;9442
1527;9445
1524;9447
1521;9450
1548;9452
1584;9455
1601;9457
1593;9459
1566;9462
1548;9464
1544;9467
1538;9469
1549;9472
1574;9475
1594;9477
1592;9480
1587;9482
1578;9484
1576;9487
1583;9489
1596;9492
1601;9494
1601;9497
1593;9499
1584;9501
1567;9504
1551;9506
1538;9509
1535;9511
1536;9513
1537;9517
1547;9519
1554;9522
1546;9524
1527;9526
1520;9529
1524;9531
1537;9534
1555;9536
1570;9539
1571;9541
1573;9543
1583;9546
1585;9548
1595;9551
1614;9553
1623;9555
1614;9559
1594;9561
1586;9564
1596;9566
1602;9568
1595;9571
1574;9573
1556;9576
1548;9578
1546;9581
1548;9583
1533;9585
1523;9588
1523;9590
1546;9593
1562;9595
1569;9597
1585;9601
1598;9603
1596;9606
1584;9608
1563;9611
1550;9613
1537;9615
1531;9618
1531;9620
1526;9623
1530;9625
1536;9627
1541;9630
1543;9632
1537;9635
1527;9637
1515;9639
1511;9643
1508;9645
1517;9648
1537;9650
1559;9653
1566;9655
1565;9657
1566;9660
1574;9662
1572;9665
1568;9667
1565;9669
1575;9672
1578;9674
1556;9677
1531;9679
1525;9681
1529;9684
1537;9687
1545;9690
1534;9692
1523;9695
1520;9697
1525;9699
1538;9702
1543;9704
1537;9707
1533;9709
1541;9711
1556;9714
1563;9716
1576;9719
1577;9721
1568;9723
1558;9726
1546;9729
1542;9732
1543;9734
1530;9737
1523;9739
1539;9741
1553;9744
1560;9746
1557;9749
1547;9751
1566;9753
1586;9756
1579;9758
1546;9761
1514;9763
1497;9765
1493;9768
1497;9771
1499;9774
1502;9776
1511;9779
1515;9781
1512;9783
1506;9786
1503;9788
1497;9791
1480;9793
1460;9795
1455;9798
1459;9800
1463;9803
1466;9805
1467;9808
1466;9810
1471;9812
1476;9816
1473;9818
1480;9821
1500;9823
1515;9825
1502;9828
1487;9830
1499;9833
1515;9835
1527;9837
1521;9840
1506;9842
1501;9845
1498;9847
1493;9850
1471;9852
1454;9854
1446;9858
1444;9860
1441;9863
1449;9865
1466;9867
1462;9870
1463;9872
1494;9875
1518;9877
1528;9879
1534;9882
1555;9884
1588;9887
1621;9889
1624;9892
1612;9894
1567;9896
1529;9900
1514;9902
1509;9905
1515;9907
1520;9909
1522;9912
1518;9914
1506;9917
1492;9919
1479;9921
1464;9924
1461;9926
1468;9929
1469;9931
1468;9934
1473;9936
1487;9938
1490;9942
1496;9944
1527;9947
1564;9949
1569;9951
1556;9954
1548;9956
1560;9959
1578;9961
1579;9963
1558;9966
1534;9968
1522;9971
1524;9973
1526;9976
1519;9978
1502;9980
1487;9984
1482;9986
1481;9989
1476;9991
1460;9993
1452;9996
1455;9998
1446;10001
1453;10003
1500;10006
1522;10008
1519;10011
1505;10013
1505;10015
1519;10018
1522;10020
1511;10023
1488;10025
1474;10029
1466;10031
1457;10034
1458;10036
1465;10039
1471;10041
1493;10044
1528;10046
1565;10048
1578;10051
1544;10053
1495;10056
1455;10058
1425;10061
1423;10063
1450;10066
1481;10068
1507;10072
1514;10074
1513;10077
1505;10079
1490;10081
1478;10084
1463;10086
1453;10089
1457;10091
1458;10094
1452;10096
1442;10099
1441;10101
1448;10104
1460;10106
1482;10109
1491;10112
1482;10114
1466;10117
1455;10119
1449;10122
1461;10124
1483;10127
1508;10129
1513;10132
1529;10134
1542;10137
1528;10139
1507;10142
1492;10144
1483;10147
1475;10149
1480;10151
1524;10155
1553;10157
1534;10160
1493;10162
1468;10165
1462;10167
1470;10170
1477;10172
1477;10175
1463;10177
1445;10180
1432;10182
1420;10184
1405;10187
1402;10189
1402;10192
1406;10194
1414;10198
1434;10200
1456;10203
1469;10205
1475;10208
1470;10210
1461;10213
1467;10215
1478;10217
1481;10220
1482;10222
1468;10225
1460;10227
1462;10230
1456;10232
1466;10235
1497;10237
1517;10241
1504;10243
1473;10246
1441;10248
1431;10250
1432;10253
1428;10255
1425;10258
1412;10260
1408;10263
1441;10265
1476;10268
1487;10270
1476;10273
1471;10275
1480;10278
1485;10280
1474;10283
1470;10286
1478;10288
1477;10291
1469;10293
1465;10296
1466;10298
1488;10301
1513;10303
1530;10306
1526;10308
1512;10311
1484;10313
1440;10315
1421;10318
1434;10320
1478;10323
1510;10326
1514;10329
1504;10331
1482;10334
1462;10336
1444;10339
1447;10341
1473;10344
1495;10346
1496;10349
1492;10351
1488;10353
1480;10356
1462;10358
1448;10361
1440;10363
1443;10366
1476;10369
1507;10372
1515;10374
1501;10377
1494;10379
1496;10382
1484;10384
1466;10386
1434;10389
1423;10391
1441;10394
1479;10396
1509;10399
1518;10401
1496;10404
1489;10406
1544;10409
1597;10412
1604;10415
1558;10417
1509;10419
1495;10422
1498;10424
1500;10427
1484;10429
1470;10432
1458;10434
1446;10437
1434;10439
1422;10442
1402;10444
1393;10447
1403;10449
1433;10451
1479;10455
1509;10457
1522;10460
1516;10462
1493;10465
1467;10467
1466;10470
1499;10472
