1452;2
1442;4
1431;7
1422;9
1426;11
1431;13
1434;16
1448;18
1485;20
1523;23
1530;25
1508;27
1464;30
1430;32
1422;34
1430;37
1440;39
1453;41
1464;44
1486;47
1496;49
1486;51
1472;54
1472;56
1490;58
1508;61
1530;63
1549;65
1530;68
1503;70
1469;72
1471;75
1488;77
1504;79
1511;81
1518;84
1513;87
1508;89
1494;92
1494;94
1495;96
1492;99
1504;101
1532;103
1539;106
1528;108
1498;110
1483;113
1477;115
1486;117
1494;120
1503;122
1516;125
1521;128
1525;130
1518;133
1523;135
1531;137
1549;140
1540;142
1524;144
1510;147
1508;149
1524;152
1538;154
1528;156
1506;159
1492;161
1484;163
1473;166
1481;168
1511;171
1526;174
1539;176
1533;179
1513;181
1491;183
1490;186
1495;188
1505;190
1510;193
1509;195
1517;197
1539;200
1552;202
1554;205
1524;207
1500;209
1507;212
1539;215
1555;217
1561;220
1556;222
1537;224
1509;227
1483;229
1469;232
1471;234
1487;236
1495;239
1486;241
1474;243
1474;246
1473;248
1480;250
1510;253
1549;256
1569;259
1569;261
1547;263
1547;266
1543;268
1529;270
1521;273
1532;275
1544;277
1540;280
1526;282
1515;285
1511;287
1507;289
1505;292
1505;294
1506;296
1514;300
1521;302
1524;304
1509;307
1498;309
1492;312
1487;314
1485;316
1484;319
1512;321
1545;323
1556;326
1567;328
1577;330
1572;333
1558;335
1550;338
1562;340
1563;343
1560;346
1563;348
1563;350
1549;353
1530;355
1548;357
1573;360
1567;362
1539;365
1515;367
1504;369
1504;372
1502;374
1491;376
1496;379
1526;381
1595;384
1618;387
1598;389
1569;392
1560;394
1565;396
1587;399
1590;401
1569;403
1554;406
1551;408
1562;410
1586;413
1596;415
1585;418
1557;420
1523;422
1520;425
1518;428
1515;430
1518;433
1522;435
1512;437
1515;440
1520;442
1525;445
1525;447
1522;449
1537;452
1560;454
1572;456
1583;459
1619;461
1642;463
1617;466
1577;468
1566;472
1557;474
1543;476
1503;479
1494;481
1524;483
1548;486
1543;488
1522;490
1504;493
1495;495
1484;498
1483;500
1496;502
1517;505
1514;507
1473;509
1454;513
1458;515
1487;517
1549;520
1594;522
1596;525
1556;527
1529;529
1514;532
1504;534
1513;536
1523;539
1538;541
1554;543
1549;546
1518;548
1488;551
1480;553
1482;556
1481;559
1482;561
1491;563
1486;566
1457;568
1430;570
1415;573
1415;575
1429;578
1432;580
1424;582
1438;585
1465;587
1480;589
1499;592
1505;594
1492;596
1471;600
1465;602
1465;605
1466;607
1471;609
1476;612
1465;614
1450;616
1442;619
1471;621
1521;623
1535;626
1499;628
1483;631
1498;633
1499;635
1490;638
1471;641
1469;643
1461;646
1449;648
1422;650
1416;653
1438;655
1466;657
1474;660
1452;662
1431;665
1409;667
1408;669
1415;672
1422;674
1423;676
1421;679
1430;681
1446;684
1450;687
1445;689
1439;692
1436;694
1428;696
1432;699
1448;701
1453;703
1453;706
1459;708
1468;710
1469;713
1462;715
1448;718
1442;720
1449;722
1446;726
1448;728
1467;730
1475;733
1467;735
1445;737
1418;740
1399;742
1388;745
1397;747
1428;749
1448;752
1443;754
1450;756
1458;759
1462;761
1461;763
1459;766
1468;769
1476;772
1469;774
1445;776
1427;779
1435;781
1450;783
1465;786
1474;788
1494;790
1520;793
1518;795
1495;798
1457;800
1434;802
1442;805
1462;807
1469;809
1455;813
1441;815
1441;817
1459;820
1478;822
1492;825
1513;827
1515;829
1493;832
1461;834
1449;836
1437;839
1441;841
1456;843
1473;846
1493;848
1501;851
1488;854
1478;856
1467;859
1465;861
1469;863
1491;866
1508;868
1520;870
1525;873
1535;875
1540;878
1555;880
1568;882
1562;885
1549;887
1524;889
1498;892
1480;894
1477;897
1475;900
1481;902
1498;905
1517;907
1525;909
1527;912
1523;914
1511;916
1501;919
1491;921
1483;923
1477;926
1499;928
1527;931
1529;933
1518;935
1514;939
1527;941
1548;943
1559;946
1579;948
1592;950
1596;953
1593;955
1576;958
1563;960
1543;962
1522;965
1499;967
1492;969
1484;972
1491;974
1510;976
1524;979
1523;982
1506;985
1516;987
1519;989
1512;992
1506;994
1505;996
1508;999
1505;1001
1493;1004
1478;1006
1469;1008
1487;1011
1526;1013
1531;1016
1531;1018
1530;1020
1522;1024
1493;1026
1474;1029
1488;1031
1498;1033
1508;1036
1498;1038
1471;1041
1469;1043
1479;1046
1478;1048
1462;1050
1461;1053
1460;1055
1465;1058
1491;1060
1495;1062
1500;1065
1505;1068
1519;1071
1541;1073
1548;1075
1548;1078
1540;1080
1560;1083
1595;1085
1605;1088
1581;1090
1546;1092
1529;1095
1529;1097
1513;1100
1484;1102
1474;1104
1483;1107
1475;1110
1459;1113
1466;1115
1477;1117
1476;1120
1493;1122
1511;1125
1513;1127
1524;1130
1549;1132
1578;1134
1587;1137
1562;1139
1548;1142
1544;1144
1546;1146
1570;1149
1596;1152
1591;1155
1554;1157
1540;1159
1552;1162
1581;1164
1588;1167
1559;1169
1517;1172
1503;1174
1506;1176
1501;1179
1504;1181
1511;1184
1512;1186
1512;1188
1518;1191
1504;1193
1494;1197
1500;1199
1532;1201
1567;1204
1581;1206
1576;1209
1576;1211
1597;1214
1610;1216
1605;1218
1586;1221
1603;1223
1629;1226
1625;1228
1583;1230
1547;1233
1521;1235
1503;1239
1505;1241
1516;1243
1519;1246
1505;1248
1481;1251
1472;1253
1475;1256
1473;1258
1474;1260
1485;1263
1508;1265
1527;1268
1520;1270
1521;1272
1538;1275
1543;1277
1543;1281
1547;1283
1550;1286
1562;1288
1548;1290
1525;1293
1529;1295
1542;1298
1547;1300
1553;1302
1559;1305
1571;1307
1574;1310
1588;1312
1596;1314
1576;1317
1544;1319
1499;1323
1470;1325
1468;1328
1489;1330
1503;1332
1505;1335
1505;1337
1500;1340
1512;1342
1507;1344
1492;1347
1493;1349
1514;1352
1533;1354
1562;1356
1577;1359
1589;1361
1600;1364
1614;1367
1619;1370
1597;1372
1568;1374
1535;1377
1517;1379
1510;1382
1506;1384
1501;1386
1504;1389
1512;1391
1518;1394
1525;1396
1523;1398
1496;1401
1479;1403
1477;1406
1488;1409
1499;1412
1511;1414
1511;1416
1520;1419
1524;1421
1519;1424
1517;1426
1520;1428
1544;1431
1568;1433
1608;1436
1606;1438
1573;1440
1538;1443
1523;1445
1513;1448
1481;1451
1458;1454
1470;1456
1489;1458
1533;1461
1551;1463
1537;1466
1499;1468
1482;1470
1487;1473
1507;1475
1527;1478
1531;1480
1534;1482
1532;1485
1536;1487
1519;1490
1474;1492
1464;1496
1502;1498
1536;1500
1527;1503
1500;1505
1474;1508
1477;1510
1512;1512
1548;1515
1542;1517
1517;1520
1498;1522
1499;1525
1504;1527
1502;1529
1518;1532
1537;1534
1549;1538
1514;1540
1468;1542
1451;1545
1442;1547
1444;1550
1454;1552
1481;1554
1511;1557
1526;1559
1520;1562
1506;1564
1506;1567
1498;1569
1504;1571
1481;1574
1457;1576
1458;1580
1467;1582
1476;1584
1464;1587
1445;1589
1441;1592
1467;1594
1494;1596
1500;1599
1483;1601
1475;1604
1478;1606
1502;1609
1528;1611
1532;1613
1503;1616
1483;1618
1510;1622
1541;1624
1555;1626
1576;1629
1581;1631
1572;1634
1535;1636
1503;1638
1470;1641
1458;1643
1476;1646
1491;1648
1474;1651
1428;1653
1408;1655
1410;1658
1417;1660
1422;1664
1418;1666
1423;1668
1459;1671
1508;1673
1532;1676
1497;1678
1472;1680
1484;1683
1502;1685
1521;1688
1524;1690
1537;1693
1543;1695
1541;1697
1538;1700
1541;1702
1536;1705
1501;1708
1475;1710
1457;1713
1463;1715
1459;1718
1455;1720
1450;1722
1451;1725
1445;1727
1421;1730
1398;1732
1395;1735
1422;1737
1460;1739
1504;1742
1540;1744
1552;1747
1523;1750
1491;1752
1485;1755
1491;1757
1485;1760
1485;1762
1517;1765
1532;1767
1521;1769
1554;1772
1597;1774
1599;1777
1556;1779
1513;1781
1487;1784
1466;1786
1467;1789
1464;1792
1458;1794
1448;1797
1451;1799
1455;1802
1467;1804
1502;1807
1517;1809
1506;1811
1503;1814
1506;1816
1519;1819
1502;1821
1493;1823
1481;1826
1471;1828
1449;1831
1458;1833
1493;1836
1560;1839
1581;1841
1548;1844
1504;1846
1491;1849
1497;1851
1479;1853
1470;1856
1497;1858
1518;1861
1514;1863
1474;1865
1447;1868
1450;1870
1465;1873
1497;1875
1509;1878
1494;1881
1456;1883
1425;1886
1418;1888
1433;1891
1460;1893
1487;1895
1507;1898
1520;1900
1528;1903
1534;1905
1523;1907
1506;1910
1510;1912
1547;1915
1566;1917
1539;1921
1506;1923
1480;1925
1481;1928
1475;1930
1453;1933
1442;1935
1426;1937
1426;1940
1422;1942
1421;1945
1421;1947
1432;1949
1473;1952
1513;1954
1539;1957
1537;1959
1513;1963
1500;1965
1517;1967
1562;1970
1573;1972
1549;1975
1518;1977
1492;1979
1481;1982
1480;1984
1473;1987
1452;1989
1455;1991
1462;1994
1459;1996
1445;1999
1443;2001
1456;2004
1440;2007
1423;2009
1427;2012
1435;2014
1465;2017
1495;2019
1502;2021
1483;2024
1466;2026
1505;2029
1536;2031
1554;2033
1546;2036
1522;2038
1497;2041
1516;2043
1547;2046
1543;2049
1499;2051
1472;2054
1462;2056
1459;2059
1459;2061
1455;2063
1461;2066
1467;2068
1462;2071
1467;2073
1469;2075
1452;2078
1446;2080
1460;2083
1476;2085
1482;2088
1488;2091
1490;2093
1485;2096
1508;2098
1544;2101
1569;2103
1543;2105
1506;2108
1484;2110
1468;2113
1469;2115
1492;2117
1502;2120
1497;2122
1477;2125
1463;2127
1457;2130
1444;2132
1443;2135
1449;2138
1451;2140
1449;2143
1473;2145
1488;2147
1491;2150
1505;2152
1499;2155
1471;2157
1457;2160
1476;2162
1513;2164
1523;2167
1499;2169
1492;2172
1511;2174
1534;2177
1549;2180
1528;2182
1492;2185
1471;2187
1460;2189
1466;2192
1464;2194
1446;2197
1424;2199
1417;2202
1428;2204
1457;2206
1469;2209
1452;2211
1436;2214
1438;2216
1434;2219
1451;2222
1483;2224
1497;2227
1509;2229
1542;2231
1571;2234
1565;2236
1514;2239
1485;2241
1495;2244
1505;2246
1482;2248
1467;2251
1482;2253
1504;2256
1502;2258
1488;2260
1475;2264
1464;2266
1454;2269
1437;2271
1424;2273
1420;2276
1407;2278
1419;2281
1433;2283
1445;2286
1457;2288
1483;2290
1493;2293
1528;2295
1574;2298
1577;2300
1524;2302
1504;2306
1513;2308
1518;2311
1520;2313
1524;2315
1552;2318
1536;2320
1507;2323
1480;2325
1450;2328
1447;2330
1459;2332
1470;2335
1463;2337
1498;2340
1560;2342
1581;2344
1524;2348
1495;2350
1490;2353
1483;2355
1482;2358
1484;2360
1473;2362
1477;2365
1516;2367
1560;2370
1559;2372
1521;2374
1482;2377
1463;2379
1468;2382
1464;2384
1464;2386
1448;2390
1432;2392
1445;2395
1454;2397
1453;2400
1461;2402
1493;2404
1498;2407
1470;2409
1442;2412
1415;2414
1430;2416
1486;2419
1549;2421
1557;2424
1524;2426
1473;2428
1430;2432
1423;2434
1440;2437
1471;2439
1518;2442
1523;2444
1485;2446
1439;2449
1436;2451
1451;2454
1458;2456
1461;2458
1486;2461
1511;2463
1541;2466
1521;2468
1480;2470
1433;2473
1431;2476
1433;2479
1422;2481
1414;2484
1419;2486
1418;2488
1399;2491
1383;2493
1381;2496
1407;2498
1463;2500
1504;2503
1488;2505
1444;2508
1441;2510
1460;2512
1506;2515
1517;2518
1475;2521
1435;2523
1428;2526
1456;2528
1483;2530
1469;2533
1460;2535
1455;2538
1446;2540
1412;2542
1386;2545
1388;2547
1416;2550
1431;2552
1424;2554
1396;2557
1381;2560
1395;2563
1423;2565
1441;2568
1436;2570
1430;2572
1436;2575
1462;2577
1470;2580
1432;2582
1405;2584
1412;2587
1466;2589
1500;2592
1467;2594
1427;2597
1403;2599
1415;2601
1451;2605
1454;2607
1448;2610
1452;2612
1459;2614
1479;2617
1479;2619
1455;2622
1440;2624
1428;2626
1416;2629
1386;2631
1382;2634
1404;2636
1428;2639
1466;2641
1496;2643
1524;2647
1536;2649
1523;2652
1485;2654
1462;2656
1467;2659
1474;2661
1471;2664
1460;2666
1459;2668
1462;2671
1497;2673
1540;2676
1537;2678
1504;2681
1466;2683
1487;2685
1522;2689
1532;2691
1490;2694
1444;2696
1429;2698
1418;2701
1431;2703
1460;2706
1503;2708
1527;2710
1517;2713
1479;2715
1492;2718
1535;2720
1544;2723
1506;2725
1483;2727
1480;2731
1493;2733
1499;2736
1492;2738
1482;2740
1485;2743
1487;2745
1475;2748
1490;2750
1506;2752
1501;2755
1473;2757
1483;2760
1508;2762
1526;2765
1510;2767
1498;2769
1522;2772
1547;2775
1515;2778
1475;2780
1487;2782
1521;2785
1537;2787
1532;2790
1522;2792
1508;2794
1475;2797
1453;2799
1458;2802
1472;2804
1488;2807
1508;2809
1520;2811
1503;2814
1445;2817
1423;2820
1434;2822
1465;2824
1467;2827
1460;2829
1474;2832
1503;2834
1514;2836
1499;2839
1468;2841
1464;2844
1466;2846
1477;2849
1489;2851
1514;2853
1526;2856
1508;2859
1493;2862
1491;2864
1523;2866
1539;2869
1523;2871
1483;2874
1445;2876
1427;2879
1429;2881
1440;2883
1448;2886
1458;2888
1473;2891
1485;2893
1458;2895
1436;2898
1425;2900
1465;2904
1529;2906
1542;2908
1510;2911
1479;2913
1462;2916
1480;2918
1488;2921
1463;2923
1433;2925
1476;2928
1529;2930
1550;2933
1535;2935
1511;2937
1472;2940
1445;2942
1439;2946
1440;2948
1432;2950
1418;2953
1393;2955
1363;2958
1355;2960
1368;2963
1400;2965
1438;2967
1463;2970
1455;2972
1424;2975
1417;2977
1415;2979
1413;2982
1396;2984
1396;2988
1425;2990
1478;2992
1527;2995
1510;2997
1452;3000
1408;3002
1399;3005
1397;3007
1406;3009
1414;3012
1426;3014
1444;3017
1457;3019
1481;3021
1511;3024
1521;3026
1492;3030
1429;3032
1390;3034
1374;3037
1376;3039
1396;3042
1426;3044
1438;3047
1445;3049
1446;3051
1452;3054
1443;3056
1460;3059
1522;3061
1614;3063
1625;3066
1551;3068
1481;3072
1453;3074
1430;3076
1424;3079
1428;3081
1434;3084
1429;3086
1420;3089
1406;3091
1392;3093
1436;3096
1494;3098
1515;3101
1489;3103
1509;3105
1549;3108
1558;3110
1525;3113
1484;3116
1474;3119
1464;3121
1436;3123
1433;3126
1472;3128
1526;3131
1559;3133
1549;3135
1532;3138
1542;3140
1552;3143
1529;3145
1475;3147
1443;3150
1439;3152
1419;3155
1406;3158
1423;3161
1435;3163
1443;3165
1457;3168
1479;3170
1492;3173
1506;3175
1534;3177
1549;3180
1533;3182
1518;3185
1530;3187
1546;3189
1534;3192
1492;3194
1451;3197
1467;3200
1523;3203
1565;3205
1557;3207
1511;3210
1478;3212
1443;3215
1429;3217
1425;3219
1418;3222
1426;3224
1427;3227
1431;3229
1438;3231
1449;3234
1462;3236
1477;3239
1499;3241
1517;3245
1525;3247
1517;3249
1486;3252
1460;3254
1462;3257
1465;3259
1470;3261
1502;3264
1540;3266
1536;3269
1481;3271
1443;3274
1472;3276
1482;3278
1473;3281
1462;3283
1460;3287
1448;3289
1426;3291
1431;3294
1464;3296
1491;3299
1483;3301
1465;3303
1464;3306
1490;3308
1500;3311
1505;3313
1501;3316
1524;3318
1550;3320
1545;3323
1521;3325
1510;3329
1488;3331
1464;3333
1445;3336
1426;3338
1420;3341
1425;3343
1425;3345
1430;3348
1439;3350
1437;3353
1433;3355
1435;3358
1483;3360
1543;3362
1557;3365
1542;3367
1501;3371
1488;3373
1474;3375
1478;3378
1495;3380
1503;3383
1518;3385
1526;3387
1513;3390
1482;3392
1481;3395
1507;3397
1506;3400
1457;3402
1406;3404
1374;3407
1362;3409
1355;3412
1365;3415
1390;3417
1406;3420
1424;3422
1443;3425
1459;3427
1449;3429
1436;3432
1431;3434
1473;3437
1518;3439
1559;3442
1554;3444
1520;3446
1503;3449
1496;3451
1477;3454
1453;3457
1444;3459
1446;3462
1439;3464
1416;3467
1389;3469
1368;3471
1360;3474
1394;3476
1440;3479
1465;3481
1455;3484
1435;3486
1414;3488
1430;3491
1504;3493
1548;3496
1529;3499
1495;3501
1474;3504
1478;3506
1498;3509
1504;3511
1493;3514
1461;3516
1450;3518
1447;3521
1473;3523
1484;3526
1471;3528
1435;3530
1419;3533
1417;3535
1410;3538
1401;3540
1385;3543
1359;3546
1365;3548
1410;3551
1436;3553
1445;3556
1462;3558
1478;3560
1489;3563
1491;3565
1500;3568
1500;3570
1485;3572
1451;3575
1423;3577
1429;3580
1453;3582
1462;3585
1438;3588
1410;3590
1402;3593
1405;3595
1399;3598
1406;3600
1428;3602
1443;3605
1430;3607
1430;3610
1438;3612
1444;3614
1455;3617
1462;3619
1464;3622
1442;3624
1432;3627
1462;3630
1511;3632
1535;3635
1511;3637
1479;3640
1466;3642
1441;3644
1422;3647
1464;3649
1510;3652
1512;3654
1463;3656
1431;3659
1431;3661
1431;3664
1435;3666
1424;3668
1430;3672
1459;3674
1481;3677
1471;3679
1444;3682
1449;3684
1461;3686
1481;3689
1525;3691
1551;3694
1548;3696
1533;3698
1546;3701
1542;3703
1532;3706
1532;3708
1539;3710
1521;3714
1477;3716
1444;3719
1436;3721
1434;3724
1423;3726
1418;3728
1422;3731
1424;3733
1422;3736
1410;3738
1412;3740
1435;3743
1459;3745
1507;3748
1535;3750
1523;3753
1501;3756
1482;3758
1486;3761
1495;3763
1502;3766
1505;3768
1510;3770
1505;3773
1497;3775
1502;3778
1504;3780
1525;3782
1524;3785
1494;3787
1464;3790
1432;3792
1412;3795
1423;3798
1444;3800
1457;3803
1445;3805
1437;3808
1438;3810
1459;3812
1504;3815
1549;3817
1541;3820
1500;3822
1493;3824
1496;3827
1500;3829
1506;3832
1504;3834
1499;3837
1488;3840
1473;3842
1466;3845
1464;3847
1474;3850
1491;3852
1498;3854
1500;3857
1482;3859
1468;3862
1478;3864
1477;3866
1468;3869
1492;3871
1523;3874
1558;3876
1577;3879
1585;3881
1556;3884
1527;3887
1521;3889
1521;3892
1508;3894
1462;3896
1423;3899
1404;3901
1391;3904
1380;3906
1372;3908
1394;3911
1437;3913
1462;3916
1466;3918
1444;3921
1461;3923
1488;3926
1516;3929
1526;3931
1524;3934
1500;3936
1473;3938
1461;3941
1460;3943
1463;3946
1459;3948
1476;3951
1484;3953
1470;3955
1452;3958
1494;3960
1538;3963
1536;3965
1482;3968
1426;3971
1396;3973
1380;3976
1377;3978
1389;3980
1440;3983
1493;3985
1494;3988
1459;3990
1409;3993
1392;3995
1392;3997
1417;4000
1424;4002
1440;4005
1468;4007
1475;4009
1470;4013
1481;4015
1489;4018
1476;4020
1450;4022
1453;4025
1463;4027
1440;4030
1422;4032
1403;4035
1376;4037
1366;4039
1374;4042
1402;4044
1420;4047
1406;4049
1377;4051
1372;4055
1401;4057
1435;4060
1446;4062
1448;4064
1449;4067
1452;4069
1440;4072
1444;4074
1456;4077
1445;4079
1419;4081
1424;4084
1448;4086
1467;4089
1476;4091
1444;4093
1401;4097
1366;4099
1354;4102
1356;4104
1368;4106
1375;4109
1374;4111
1379;4114
1378;4116
1369;4119
1381;4121
1415;4123
1457;4126
1490;4128
1481;4131
1487;4133
1504;4135
1479;4139
1441;4141
1405;4144
1414;4146
1424;4148
1427;4151
1398;4153
1384;4156
1378;4158
1376;4161
1392;4163
1436;4165
1493;4168
1513;4170
1485;4173
1429;4175
1402;4177
1385;4180
1372;4183
1382;4186
1416;4188
1436;4191
1454;4193
1451;4195
1454;4198
1503;4200
1544;4203
1540;4205
1479;4207
1405;4210
1365;4212
1345;4215
1332;4217
1353;4219
1391;4222
1405;4225
1395;4228
1395;4230
1431;4233
1511;4235
1548;4237
1521;4240
1473;4242
1431;4245
1431;4247
1441;4249
1442;4252
1460;4254
1486;4257
1502;4259
1501;4261
1511;4264
1525;4267
1531;4270
1520;4272
1502;4275
1502;4277
1506;4279
1508;4282
1497;4284
1488;4287
1485;4289
1500;4291
1540;4294
1591;4296
1615;4299
1594;4301
1558;4303
1530;4306
1536;4308
1582;4312
1611;4314
1605;4317
1576;4319
1534;4321
1522;4324
1532;4326
1558;4329
1571;4331
1562;4333
1531;4336
1521;4338
1535;4341
1558;4343
1594;4345
1638;4348
1635;4350
1610;4354
1585;4356
1569;4359
1564;4361
1560;4363
1566;4366
1598;4368
1619;4371
1606;4373
1572;4375
1571;4378
1586;4380
1598;4383
1600;4385
1604;4388
1634;4390
1649;4392
1637;4396
1623;4398
1616;4401
1627;4403
1628;4405
1609;4408
1584;4410
1572;4413
1574;4415
1587;4417
1602;4420
1608;4422
1609;4425
1604;4427
1604;4430
1594;4432
1568;4434
1553;4438
1549;4440
1561;4443
1574;4445
1576;4447
1562;4450
1535;4452
1528;4455
1568;4457
1599;4459
1612;4462
1608;4464
1602;4467
1599;4469
1596;4472
1598;4474
1607;4476
1596;4480
1565;4482
1526;4485
1509;4487
1491;4489
1480;4492
1473;4494
1465;4497
1459;4499
1474;4501
1502;4504
1515;4506
1505;4509
1505;4511
1495;4514
1489;4516
1506;4518
1551;4521
1603;4524
1634;4527
1614;4529
1577;4531
1547;4534
1546;4536
1567;4539
1570;4541
1547;4543
1507;4546
1471;4548
1467;4551
1484;4553
1498;4556
1487;4558
1474;4560
1477;4563
1498;4566
1517;4569
1529;4571
1521;4573
1478;4576
1453;4578
1455;4581
1461;4583
1458;4586
1452;4588
1460;4590
1473;4593
1489;4595
1504;4598
1525;4600
1544;4602
1584;4605
1643;4608
1649;4611
1607;4613
1556;4615
1543;4618
1534;4620
1525;4623
1510;4625
1498;4628
1475;4630
1452;4632
1424;4635
1413;4637
1421;4640
1423;4642
1428;4644
1433;4647
1446;4649
1442;4653
1418;4655
1415;4657
1448;4660
1503;4662
1533;4665
1517;4667
1489;4670
1466;4672
1453;4674
1438;4677
1432;4679
1454;4682
1506;4684
1537;4686
1521;4689
1495;4691
1475;4695
1469;4697
1467;4699
1466;4702
1448;4704
1433;4707
1422;4709
1411;4712
1398;4714
1385;4716
1379;4719
1373;4721
1374;4724
1367;4726
1374;4728
1399;4731
1445;4733
1501;4737
1517;4739
1508;4741
1490;4744
1500;4746
1514;4749
1505;4751
1536;4754
1584;4756
1601;4758
1569;4761
1549;4763
1546;4766
1533;4768
1500;4770
1500;4773
1512;4775
1503;4779
1459;4781
1422;4784
1397;4786
1379;4788
1376;4791
1378;4793
1382;4796
1397;4798
1423;4800
1442;4803
1457;4805
1492;4808
1519;4810
1518;4812
1523;4815
1551;4817
1576;4820
1560;4823
1540;4826
1528;4828
1570;4830
1593;4833
1563;4835
1506;4838
1479;4840
1480;4842
1472;4845
1454;4847
1474;4850
1533;4852
1562;4854
1534;4857
1508;4859
1509;4862
1514;4865
1512;4868
1504;4870
1510;4872
1515;4875
1521;4877
1541;4880
1549;4882
1537;4884
1522;4887
1523;4889
1531;4892
1545;4894
1547;4896
1535;4899
1569;4901
1638;4904
1651;4907
1592;4910
1519;4912
1506;4914
1524;4917
1529;4919
1518;4922
1486;4924
1468;4926
1485;4929
1510;4931
1508;4934
1483;4936
1450;4938
1436;4941
1452;4943
1470;4946
1470;4948
1458;4952
1465;4954
1476;4956
1468;4959
1469;4961
1483;4964
1479;4966
1457;4968
1434;4971
1450;4973
1478;4976
1485;4978
1467;4981
1437;4983
1443;4985
1486;4988
1508;4990
1501;4994
1475;4996
1463;4998
1460;5001
1451;5003
1437;5006
1438;5008
1451;5010
1454;5013
1444;5015
1431;5018
1425;5020
1440;5023
1456;5025
1465;5027
1484;5030
1491;5032
1496;5036
1505;5038
1520;5040
1537;5043
1541;5045
1522;5048
1521;5050
1524;5052
1505;5055
1486;5057
1501;5060
1510;5062
1502;5065
1519;5067
1550;5069
1573;5072
1552;5074
1512;5078
1490;5080
1479;5082
1505;5085
1549;5087
1577;5090
1571;5092
1567;5094
1588;5097
1594;5099
1583;5102
1555;5104
1535;5107
1532;5109
1533;5111
1520;5114
1502;5116
1492;5120
1493;5122
1511;5124
1537;5127
1569;5129
1596;5132
1573;5134
1541;5136
1517;5139
1501;5141
1508;5144
1537;5146
1591;5149
1629;5151
1646;5153
1628;5156
1596;5158
1568;5161
1551;5164
1560;5166
1577;5169
1595;5171
1587;5174
1569;5176
1563;5179
1550;5181
1530;5183
1524;5186
1537;5188
1557;5191
1566;5193
1567;5195
1563;5198
1550;5200
1534;5203
1517;5206
1523;5208
1540;5211
1585;5213
1634;5216
1640;5218
1625;5221
1637;5223
1666;5225
1678;5228
1630;5230
1599;5233
1581;5235
1568;5237
1571;5240
1598;5242
1618;5245
1626;5248
1610;5250
1568;5253
1518;5255
1492;5258
1495;5260
1512;5263
1552;5265
1581;5267
1592;5270
1594;5272
1594;5275
1590;5277
1578;5279
1582;5282
1630;5284
1644;5287
1621;5289
1588;5292
1574;5295
1573;5297
1572;5300
1573;5302
1566;5305
1553;5307
1525;5309
1494;5312
1481;5314
1482;5317
1494;5319
1524;5321
1535;5324
1547;5326
1554;5329
1545;5331
1512;5334
1490;5337
1478;5339
1469;5342
1480;5344
1508;5347
1536;5349
1547;5351
1537;5354
1542;5356
1554;5359
1557;5361
1556;5363
1574;5366
1588;5368
1576;5371
1534;5373
1505;5376
1487;5379
1481;5381
1479;5384
1477;5386
1492;5389
1495;5391
1478;5393
1472;5396
1480;5398
1474;5401
1463;5403
1464;5405
1482;5408
1497;5410
1515;5413
1547;5415
1573;5419
1582;5421
1566;5423
1560;5426
1553;5428
1539;5431
1544;5433
1550;5435
1545;5438
1523;5440
1505;5443
1490;5445
1467;5447
1460;5450
1466;5452
1461;5455
1449;5457
1451;5460
1485;5463
1518;5465
1523;5468
1509;5470
1485;5473
1477;5475
1487;5477
1495;5480
1500;5482
1483;5485
1491;5487
1554;5489
1606;5492
1604;5494
1548;5497
1495;5499
1470;5502
1469;5505
1490;5507
1518;5510
1546;5512
1588;5515
1601;5517
1573;5519
1511;5522
1481;5524
1470;5527
1468;5529
1489;5531
1516;5534
1519;5536
1490;5539
1472;5541
1458;5544
1449;5547
1440;5549
1444;5552
1466;5554
1490;5557
1500;5559
1515;5561
1553;5564
1582;5566
1573;5569
1551;5571
1542;5574
1561;5576
1602;5578
1614;5581
1594;5583
1579;5586
1570;5588
1573;5591
1571;5594
1571;5596
1577;5599
1562;5601
1540;5603
1523;5606
1517;5608
1507;5611
1506;5613
1505;5616
1518;5618
1522;5620
1529;5623
1557;5625
1566;5628
1560;5630
1556;5633
1573;5636
1604;5638
1619;5641
1594;5643
1569;5645
1573;5648
1598;5650
1611;5653
1600;5655
1588;5658
1562;5660
1522;5662
1492;5665
1461;5667
1454;5670
1482;5672
1527;5675
1550;5678
1524;5680
1511;5683
1517;5685
1505;5687
1479;5690
1464;5692
1472;5695
1482;5697
1489;5700
1496;5702
1534;5704
1553;5707
1533;5709
1523;5712
1538;5714
1551;5716
1529;5720
1509;5722
1479;5725
1486;5727
1492;5729
1474;5732
1446;5734
1442;5737
1455;5739
1454;5742
1436;5744
1424;5746
1439;5749
1474;5751
1483;5754
1459;5756
1441;5758
1445;5762
1465;5764
1489;5767
1518;5769
1511;5772
1487;5774
1458;5776
1436;5779
1435;5781
1460;5784
1475;5786
1477;5788
1480;5791
1495;5793
1506;5796
1506;5798
1483;5800
1465;5804
1470;5806
1488;5809
1492;5811
1474;5814
1450;5816
1440;5818
1444;5821
1448;5823
1451;5826
1454;5828
1452;5830
1452;5833
1495;5835
1566;5838
1601;5840
1600;5842
1558;5846
1515;5848
1498;5851
1512;5853
1523;5856
1515;5858
1501;5860
1507;5863
1526;5865
1538;5868
1529;5870
1527;5872
1503;5875
1489;5877
1475;5880
1467;5882
1459;5884
1447;5888
1444;5890
1473;5893
1529;5895
1555;5898
1567;5900
1553;5902
1517;5905
1490;5907
1471;5910
1467;5912
1494;5914
1539;5917
1566;5919
1569;5922
1566;5924
1566;5927
1562;5929
1535;5932
1514;5935
1509;5937
1510;5940
1510;5942
1515;5944
1510;5947
1504;5949
1494;5952
1489;5954
1494;5956
1492;5959
1493;5961
1498;5964
1510;5966
1513;5969
1496;5971
1492;5974
1507;5977
1523;5979
1531;5982
1524;5984
1532;5986
1547;5989
1558;5991
1558;5994
1551;5996
1546;5998
1537;6001
1511;6003
1486;6006
1482;6008
1524;6011
1570;6013
1594;6016
1553;6019
1502;6021
1487;6024
1458;6026
1449;6028
1476;6031
1543;6033
1601;6036
1602;6038
1572;6040
1572;6043
1587;6045
1569;6048
1509;6050
1468;6053
1481;6055
1503;6057
1506;6061
1502;6063
1533;6066
1623;6068
1671;6070
1673;6073
1602;6075
1524;6078
1471;6080
1447;6082
1456;6085
1498;6087
1530;6090
1548;6092
1533;6095
1518;6097
1480;6099
1460;6103
1505;6105
1579;6108
1587;6110
1523;6112
1445;6115
1448;6117
1478;6120
1486;6122
1458;6124
1429;6127
1447;6129
1468;6132
1454;6134
1415;6137
1407;6139
1427;6141
1457;6145
1470;6147
1446;6150
1407;6152
1400;6154
1431;6157
1467;6159
1471;6162
1446;6164
1437;6166
1457;6169
1480;6171
1489;6174
1461;6176
1434;6179
1459;6181
1513;6183
1529;6187
1497;6189
1460;6192
1445;6194
1446;6196
1454;6199
1492;6201
1510;6204
1515;6206
1508;6208
1480;6211
1453;6213
1459;6216
1527;6218
1596;6221
1595;6223
1525;6225
1448;6228
1399;6231
1380;6234
1375;6236
1372;6238
1384;6241
1410;6243
1425;6246
1427;6248
1430;6251
1448;6253
1486;6255
1512;6258
1528;6260
1528;6263
1502;6265
1470;6267
1457;6270
1452;6273
1443;6276
1466;6278
1505;6280
1523;6283
1518;6285
1545;6288
1580;6290
1573;6293
1505;6295
1462;6297
1436;6300
1424;6302
1410;6305
1408;6307
1424;6309
1441;6312
1442;6315
1417;6318
1404;6320
1412;6322
1461;6325
1520;6327
1561;6330
1578;6332
1561;6335
1555;6337
1562;6339
1604;6342
1612;6344
1600;6347
1554;6349
1495;6351
1465;6354
1443;6356
1446;6360
1444;6362
1459;6364
1477;6367
1518;6369
1574;6372
1622;6374
1612;6377
1575;6379
1538;6381
1496;6384
1456;6386
1486;6389
1564;6391
1624;6393
1603;6396
1564;6398
1493;6402
1466;6404
1482;6406
1508;6409
1519;6411
1557;6414
1606;6416
1639;6419
1605;6421
1554;6423
1488;6426
1430;6428
1400;6431
1383;6433
1397;6435
1432;6438
1470;6440
1474;6444
1446;6446
1418;6449
1374;6451
1357;6453
1375;6456
1435;6458
1513;6461
1538;6463
1502;6465
1456;6468
1422;6470
1417;6473
1438;6475
1475;6477
1508;6480
1503;6482
1471;6486
1470;6488
1508;6491
1541;6493
1535;6495
1500;6498
1461;6500
1488;6503
1524;6505
1528;6507
1534;6510
1525;6512
1490;6515
1439;6517
1413;6519
1406;6522
1412;6524
1450;6528
1481;6530
1501;6533
1511;6535
1503;6537
1485;6540
1453;6542
1436;6545
1435;6547
1453;6549
1458;6552
1448;6554
1441;6557
1463;6559
1497;6561
1487;6564
1506;6566
1563;6569
1600;6572
1573;6575
1486;6577
1423;6579
1401;6582
1409;6584
1419;6587
1422;6589
1422;6591
1416;6594
1415;6596
1426;6599
1437;6601
1468;6604
1508;6606
1533;6608
1523;6611
1510;6614
1509;6617
1521;6619
1509;6621
1489;6624
1471;6626
1467;6629
1470;6631
1484;6633
1507;6636
1519;6638
1500;6641
1472;6643
1458;6646
1477;6648
1490;6650
1487;6653
1459;6656
1414;6659
1388;6661
1385;6663
1423;6666
1484;6668
1523;6671
1534;6673
1524;6675
1504;6678
1507;6680
1531;6683
1555;6685
1559;6688
1560;6690
1554;6692
1525;6695
1487;6697
1474;6701
1466;6703
1461;6705
1451;6708
1432;6710
1431;6713
1416;6715
1378;6717
1379;6720
1404;6722
1417;6725
1434;6727
1452;6730
1472;6732
1484;6734
1497;6737
1499;6739
1503;6743
1523;6745
1506;6747
1477;6750
1440;6752
1415;6755
1436;6757
1466;6759
1479;6762
1475;6764
1500;6767
1528;6769
1502;6772
1464;6774
1425;6776
1437;6779
1460;6781
1464;6785
1437;6787
1404;6789
1407;6792
1431;6794
1445;6797
1472;6799
1492;6802
1516;6804
1491;6806
1464;6809
1473;6811
1479;6814
1489;6816
1461;6818
1448;6821
1457;6823
1490;6827
1520;6829
1524;6831
1501;6834
1471;6836
1433;6839
1412;6841
1433;6844
1456;6846
1449;6848
1446;6851
1452;6853
1445;6856
1439;6858
1429;6860
1424;6863
1417;6865
1404;6868
1429;6871
1467;6873
1495;6876
1514;6878
1520;6881
1545;6883
1559;6886
1536;6888
1485;6890
1429;6893
1402;6895
1396;6898
1400;6900
1430;6902
1456;6905
1484;6907
1515;6910
1526;6913
1513;6915
1470;6918
1424;6920
1406;6923
1397;6925
1396;6928
1428;6930
1480;6932
1490;6935
1459;6937
1428;6940
1416;6942
1425;6944
1459;6947
1494;6949
1555;6952
1578;6955
1546;6957
1488;6960
1458;6962
1450;6965
1446;6967
1450;6970
1504;6972
1558;6974
1585;6977
1570;6979
1524;6982
1482;6984
1447;6986
1458;6989
1473;6991
1493;6994
1482;6996
1459;7000
1446;7002
1417;7004
1389;7007
1383;7009
1399;7012
1426;7014
1449;7016
1480;7019
1513;7021
1524;7024
1539;7026
1573;7028
1593;7031
1569;7033
1529;7036
1550;7038
1602;7042
1626;7044
1607;7046
1550;7049
1526;7051
1530;7054
1532;7056
1510;7058
1479;7061
1446;7063
1429;7066
1413;7068
1407;7070
1408;7073
1404;7075
1418;7078
1442;7080
1477;7084
1513;7086
1507;7088
1486;7091
1479;7093
1480;7096
1459;7098
1434;7100
1421;7103
1441;7105
1513;7108
1581;7110
1581;7112
1523;7115
1485;7117
1479;7120
1485;7122
1489;7126
1492;7128
1513;7130
1532;7133
1536;7135
1505;7138
1471;7140
1453;7142
1438;7145
1425;7147
1411;7150
1415;7152
1452;7155
1497;7157
1508;7159
1475;7162
1452;7164
1442;7168
1448;7170
1471;7172
1505;7175
1507;7177
1487;7180
1451;7182
1427;7184
1407;7187
1406;7189
1426;7192
1495;7194
1539;7197
1530;7199
1496;7201
1463;7204
1456;7206
1471;7209
1471;7212
1468;7214
1478;7217
1488;7219
1473;7222
1443;7224
1454;7226
1497;7229
1529;7231
1513;7234
1479;7236
1434;7239
1396;7241
1381;7243
1369;7246
1374;7248
1377;7251
1376;7254
1401;7256
1470;7259
1543;7261
1579;7264
1568;7266
1543;7268
1549;7271
1545;7273
1534;7276
1512;7278
1468;7281
1439;7283
1423;7285
1427;7288
1453;7290
1508;7293
1550;7296
1553;7298
1505;7301
1465;7303
1426;7306
1416;7308
1417;7310
1396;7313
1378;7315
1382;7318
1395;7320
1417;7323
1432;7325
1437;7327
1433;7330
1428;7332
1435;7335
1457;7337
1514;7340
1581;7343
1588;7345
1562;7348
1533;7350
1522;7353
1512;7355
1501;7357
1484;7360
1468;7362
1449;7365
1443;7367
1457;7369
1501;7372
1530;7374
1539;7377
1541;7379
1518;7382
1472;7385
1427;7387
1399;7390
1389;7392
1381;7395
1382;7397
1430;7399
1467;7402
1495;7404
1464;7407
1417;7409
1424;7411
1459;7414
1492;7416
1498;7419
1521;7421
1545;7424
1529;7427
1487;7429
1438;7432
1395;7434
1407;7437
1450;7439
1492;7441
1484;7444
1463;7446
1465;7449
1482;7451
1497;7453
1515;7456
1511;7458
1487;7461
1459;7463
1425;7465
1401;7469
1405;7471
1461;7474
1512;7476
1523;7479
1478;7481
1451;7483
1484;7486
1543;7488
1587;7491
1569;7493
1517;7495
1469;7498
1443;7500
1441;7503
1445;7505
1448;7507
1447;7511
1462;7513
1480;7516
1482;7518
1468;7521
1448;7523
1423;7525
1413;7528
1420;7530
1441;7533
1466;7535
1486;7537
1475;7540
1449;7542
1458;7545
1512;7547
1549;7550
1548;7553
1532;7555
1505;7558
1514;7560
1537;7563
1531;7565
1482;7567
1437;7570
1436;7572
1452;7575
1461;7577
1460;7579
1458;7582
1442;7584
1432;7587
1440;7589
1461;7592
1482;7595
1477;7597
1466;7600
1460;7602
1476;7605
1510;7607
1541;7609
1530;7612
1501;7614
1519;7617
1618;7619
1684;7621
1650;7624
1544;7626
1470;7629
1427;7631
1419;7634
1444;7636
1469;7639
1475;7642
1472;7644
1473;7647
1473;7649
1460;7651
1457;7654
1469;7656
1481;7659
1480;7661
1472;7663
1486;7666
1501;7668
1508;7671
1511;7673
1515;7676
1515;7678
1509;7681
1477;7684
1475;7686
1505;7689
1518;7691
1495;7693
1459;7696
1432;7698
1423;7701
1413;7703
1419;7706
1439;7708
1453;7710
1460;7713
1456;7715
1450;7718
1437;7720
1419;7723
1483;7726
1584;7728
1618;7731
1578;7733
1492;7735
1439;7738
1405;7740
1394;7743
1425;7745
1461;7748
1474;7750
1455;7752
1429;7755
1406;7757
1388;7760
1396;7762
1420;7764
1440;7768
1432;7770
1411;7773
1413;7775
1434;7777
1457;7780
1480;7782
1493;7785
1505;7787
1530;7790
1542;7792
1514;7794
1472;7797
1444;7799
1486;7802
1525;7804
1549;7806
1527;7810
1496;7812
1489;7815
1494;7817
1501;7819
1502;7822
1504;7824
1506;7827
1498;7829
1480;7832
1473;7834
1476;7836
1475;7839
1473;7841
1503;7844
1536;7846
1549;7848
1545;7852
1536;7854
1530;7857
1550;7859
1625;7861
1694;7864
1701;7866
1652;7869
1625;7871
1641;7874
1699;7876
1732;7878
1729;7881
1698;7883
1694;7886
1707;7888
1712;7890
1689;7894
1667;7896
1683;7899
1704;7901
1717;7903
1710;7906
1675;7908
1645;7911
1630;7913
1622;7916
1620;7918
1629;7920
1670;7923
1713;7925
1713;7928
1676;7930
1650;7932
1660;7936
1679;7938
1695;7941
1711;7943
1708;7945
1700;7948
1698;7950
1706;7953
1696;7955
1657;7958
1632;7960
1641;7962
1659;7965
1635;7967
1587;7970
1560;7972
1556;7974
1541;7977
1528;7980
1512;7983
1488;7985
1463;7988
1445;7990
1419;7992
1399;7995
1425;7997
1492;8000
1543;8002
1561;8004
1534;8007
1485;8009
1424;8012
1385;8014
1394;8016
1424;8019
1434;8022
1405;8025
1382;8027
1375;8030
1376;8032
1384;8034
1382;8037
1368;8039
1358;8042
1386;8044
1423;8046
1429;8049
1380;8051
1359;8054
1355;8056
1350;8058
1335;8061
1337;8064
1364;8067
1368;8069
1344;8072
1308;8074
1293;8076
1310;8079
1337;8081
1362;8084
1360;8086
1329;8088
1321;8091
1341;8093
1349;8096
1331;8098
1294;8100
1271;8103
1249;8105
1259;8109
1284;8111
1298;8114
1283;8116
1291;8118
1310;8121
1319;8123
1319;8126
1319;8128
1341;8130
1387;8133
1416;8135
1392;8138
1371;8140
1368;8142
1363;8145
1342;8147
1321;8151
1308;8153
1296;8156
1291;8158
1306;8160
1322;8163
1322;8165
1326;8168
1327;8170
1342;8172
1349;8175
1350;8177
1342;8180
1322;8182
1310;8184
1309;8187
1332;8189
1351;8193
1367;8195
1412;8198
1459;8200
1478;8202
1479;8205
1474;8207
1467;8210
1447;8212
1422;8214
1424;8217
1435;8219
1416;8222
1384;8224
1360;8227
1348;8229
1339;8231
1338;8235
1341;8237
1345;8240
1357;8242
1379;8244
1414;8247
1445;8249
1456;8252
1489;8254
1510;8256
1523;8259
1495;8261
1443;8264
1442;8266
1485;8269
1518;8271
1505;8273
1474;8276
1464;8279
1459;8282
1454;8284
1443;8286
1449;8289
1466;8291
1483;8294
1490;8296
1472;8298
1436;8301
1423;8303
1436;8306
1453;8308
1443;8311
1419;8313
1412;8315
1419;8318
1433;8321
1465;8324
1531;8326
1587;8328
1595;8331
1546;8333
1473;8336
1457;8338
1499;8340
1522;8343
1507;8345
1500;8348
1497;8350
1506;8353
1517;8355
1526;8357
1510;8360
1463;8363
1447;8366
1451;8368
1453;8370
1457;8373
1452;8375
1451;8378
1459;8380
1465;8382
1461;8385
1450;8387
1461;8390
1512;8392
1586;8395
1632;8397
1618;8399
1565;8402
1516;8404
1503;8408
1505;8410
1518;8412
1523;8415
1529;8417
1545;8420
1545;8422
1528;8425
1499;8427
1489;8429
1492;8432
1495;8434
1505;8437
1521;8439
1550;8441
1568;8444
1564;8446
1565;8450
1563;8452
1551;8454
1547;8457
1553;8459
1581;8462
1608;8464
1604;8467
1587;8469
1577;8471
1569;8474
1556;8476
1586;8479
1636;8481
1690;8483
1691;8486
1647;8488
1595;8492
1557;8494
1543;8496
1558;8499
1575;8501
1584;8504
1583;8506
1575;8509
1558;8511
1539;8513
1531;8516
1565;8518
1628;8521
1670;8523
1653;8525
1601;8528
1574;8530
1560;8534
1569;8536
1576;8538
1553;8541
1538;8543
1540;8546
1558;8548
1567;8551
1561;8553
1546;8555
1552;8558
1573;8560
1596;8563
1580;8565
1559;8567
1588;8570
1623;8572
1630;8576
1587;8578
1544;8580
1493;8583
1456;8585
1440;8588
1450;8590
1471;8593
1537;8595
1573;8597
1550;8600
1497;8602
1458;8605
1425;8607
1401;8609
1387;8612
1394;8614
1420;8617
1455;8620
1494;8622
1486;8625
1439;8627
1402;8630
1363;8632
1351;8635
1350;8637
1363;8639
1396;8642
1433;8644
1439;8647
1414;8649
1377;8651
1350;8654
1340;8656
1336;8659
1355;8662
1400;8665
1442;8667
1458;8669
1434;8672
1391;8674
1343;8677
1326;8679
1332;8681
1363;8684
1420;8686
1459;8689
1450;8691
1400;8693
1371;8696
1352;8698
1334;8701
1341;8704
1343;8707
1338;8709
1331;8711
1338;8714
1389;8716
1408;8719
1385;8721
1355;8723
1343;8726
1313;8728
1296;8731
1292;8733
1309;8735
1324;8738
1332;8740
1314;8743
1281;8745
1262;8749
1259;8751
1259;8753
1284;8756
1330;8758
1369;8761
1359;8763
1337;8765
1340;8768
1396;8770
1428;8773
1408;8775
1368;8777
1354;8780
1370;8782
1389;8785
1400;8787
1416;8791
1420;8793
1428;8795
1430;8798
1419;8800
1399;8803
1379;8805
1361;8807
1339;8810
1327;8812
1322;8815
1330;8817
1344;8819
1417;8822
1479;8824
1487;8827
1454;8829
1399;8833
1383;8835
1391;8837
1406;8840
1405;8842
1410;8845
1412;8847
1436;8849
1506;8852
1567;8854
1612;8857
1596;8859
1526;8861
1457;8864
1405;8866
1382;8869
1385;8871
1390;8875
1407;8877
1426;8879
1423;8882
1409;8884
1409;8887
1421;8889
1421;8891
1412;8894
1408;8896
1421;8899
1435;8901
1450;8903
1455;8906
1483;8908
1541;8911
1578;8913
1567;8916
1525;8919
1503;8921
1502;8924
1539;8926
1576;8929
1597;8931
1592;8933
1561;8936
1548;8938
1560;8941
1568;8943
1541;8946
1512;8948
1498;8950
1494;8953
1490;8955
1485;8958
1496;8961
1509;8963
1518;8966
1512;8968
1495;8971
1474;8973
1463;8975
1482;8978
1509;8980
1531;8983
1538;8985
1532;8988
1524;8990
1514;8992
1496;8995
1480;8997
1459;9000
1450;9003
1458;9005
1469;9008
1490;9010
1506;9013
1518;9015
1529;9017
1550;9020
1555;9022
1550;9025
1565;9027
1580;9030
1581;9032
1545;9034
1492;9037
1448;9039
1429;9042
1424;9044
1429;9047
1442;9050
1464;9052
1484;9055
1501;9057
1536;9059
1550;9062
1545;9064
1525;9067
1497;9069
1487;9072
1499;9074
1503;9076
1514;9079
1542;9081
1585;9084
1607;9086
1589;9089
1554;9092
1542;9094
1552;9097
1547;9099
1532;9102
1522;9104
1536;9106
1577;9109
1590;9111
1559;9114
1517;9116
1489;9118
1474;9121
1464;9123
1471;9126
1522;9128
1592;9131
1624;9134
1612;9136
1579;9139
1567;9141
1561;9144
1557;9146
1558;9148
1567;9151
1566;9153
1538;9156
1518;9158
1486;9160
1480;9163
1481;9165
1484;9168
1496;9170
1518;9172
1555;9176
1607;9178
1645;9181
1646;9183
1593;9186
1541;9188
1546;9190
1563;9193
1555;9195
1525;9198
1509;9200
1539;9202
1616;9205
1654;9207
1635;9210
1569;9212
1520;9214
1516;9218
1522;9220
1517;9223
1502;9225
1488;9228
1480;9230
1467;9232
1469;9235
1492;9237
1515;9240
1530;9242
1525;9244
1533;9247
1579;9249
1615;9252
1628;9254
1611;9256
1597;9260
1585;9262
1557;9265
1548;9267
1552;9270
1551;9272
1546;9274
1558;9277
1585;9279
1609;9282
1637;9284
1684;9286
1695;9289
1657;9291
1601;9294
1558;9296
1529;9299
1522;9302
1530;9304
1545;9307
1551;9309
1563;9312
1586;9314
1595;9316
1602;9319
1597;9321
1596;9324
1602;9326
1644;9328
1701;9331
1716;9333
1699;9336
1680;9338
1673;9341
1659;9344
1625;9346
1604;9349
1620;9351
1659;9354
1690;9356
1690;9358
1660;9361
1661;9363
1672;9366
1664;9368
1618;9370
1566;9373
1546;9375
1542;9378
1542;9380
1539;9383
1516;9385
1503;9388
1515;9391
1548;9393
1601;9396
1624;9398
1622;9400
1616;9403
1611;9405
1606;9408
1591;9410
1582;9412
1572;9415
1582;9417
1623;9420
1648;9422
1624;9425
1555;9427
1512;9430
1505;9433
1512;9435
1523;9438
1523;9440
1505;9442
1476;9445
1447;9447
1425;9450
1413;9452
1434;9454
1473;9457
1534;9459
1555;9462
1569;9464
1559;9467
1511;9469
1455;9472
1432;9475
1424;9477
1437;9480
1467;9482
1495;9484
1525;9487
1519;9489
1499;9492
1477;9494
1456;9497
1452;9499
1482;9501
1526;9504
1544;9506
1519;9509
1467;9511
1444;9513
1478;9517
1502;9519
1485;9522
1437;9524
1396;9526
1371;9529
1355;9531
1352;9534
1358;9536
1370;9539
1390;9541
1431;9543
1476;9546
1509;9548
1514;9551
1510;9553
1489;9555
1450;9559
1400;9561
1373;9564
1372;9566
1377;9568
1389;9571
1411;9573
1433;9576
1453;9578
1450;9581
1444;9583
1438;9585
1422;9588
1416;9590
1417;9593
1421;9595
1408;9597
1409;9601
1431;9603
1439;9606
1436;9608
1456;9610
1489;9613
1498;9615
1484;9618
1470;9620
1474;9623
1481;9625
1486;9627
1503;9630
1525;9632
1553;9635
1572;9637
1551;9639
1503;9643
1455;9645
1427;9648
1443;9650
1479;9652
1488;9655
1467;9657
1445;9660
1424;9662
1415;9665
1408;9667
1411;9669
1441;9672
1476;9674
1502;9677
1532;9679
1570;9681
1600;9684
1596;9687
1546;9690
1507;9692
1469;9694
1444;9697
1449;9699
1514;9702
1592;9704
1602;9707
1558;9709
1483;9711
1445;9714
1464;9716
1492;9719
1497;9721
1467;9723
1417;9726
1391;9729
1380;9732
1380;9734
1400;9737
1415;9739
1422;9741
1431;9744
1445;9746
1481;9749
1512;9751
1539;9753
1544;9756
1538;9758
1524;9761
1544;9763
1566;9765
1589;9768
1578;9771
1554;9774
1533;9776
1553;9779
1575;9781
1585;9783
1576;9786
1549;9788
1513;9791
1481;9793
1463;9795
1456;9798
1450;9800
1454;9803
1456;9805
1467;9807
1466;9810
1444;9812
1429;9816
1447;9818
1484;9821
1535;9823
1589;9825
1628;9828
1626;9830
1590;9833
1557;9835
1540;9837
1527;9840
1511;9842
1505;9845
1536;9847
1571;9849
1564;9852
1510;9854
1479;9858
1515;9860
1581;9863
1611;9865
1558;9867
1487;9870
1448;9872
1431;9875
1418;9877
1424;9879
1440;9882
1445;9884
1449;9887
1471;9889
1497;9892
1515;9894
1523;9896
1504;9900
1487;9902
1480;9905
1511;9907
1547;9909
1568;9912
1568;9914
1552;9917
1548;9919
1550;9921
1518;9924
1490;9926
1479;9929
1483;9931
1467;9934
1454;9936
1485;9938
1505;9942
1489;9944
1432;9947
1397;9949
1404;9951
1427;9954
1438;9956
1418;9959
1408;9961
1413;9963
1423;9966
1421;9968
1424;9971
1480;9973
1532;9976
1528;9978
1485;9980
1447;9984
1436;9986
1436;9989
1437;9991
1418;9993
1393;9996
1369;9998
1354;10001
1332;10003
1349;10006
1411;10008
1476;10010
1480;10013
1432;10015
1414;10018
1410;10020
1396;10023
1378;10025
1338;10029
1328;10031
1335;10034
1383;10036
1480;10039
1526;10041
1491;10044
1415;10046
1360;10048
1342;10051
1339;10053
1355;10056
1369;10058
1347;10061
1315;10063
1304;10066
1311;10068
1321;10072
1303;10074
1279;10077
1280;10079
1310;10081
1355;10084
1395;10086
1402;10089
1385;10091
1370;10094
1368;10096
1377;10099
1408;10101
1433;10104
1451;10106
1444;10109
1416;10112
1391;10114
1388;10117
1398;10119
1432;10122
1451;10124
1436;10127
1398;10129
1342;10132
1303;10134
1289;10137
1304;10139
1338;10142
1369;10144
1390;10146
1404;10149
1413;10151
1410;10155
1396;10157
1390;10160
1386;10162
1383;10165
1393;10167
1420;10170
1456;10172
1466;10175
1466;10177
1457;10179
1440;10182
1408;10184
1356;10187
1334;10189
1341;10192
1388;10194
1434;10198
1457;10200
1470;10203
1496;10205
1503;10208
1491;10210
1481;10212
1492;10215
1488;10217
1428;10220
1361;10222
1332;10225
1369;10227
1410;10230
1415;10232
1398;10235
1403;10237
1441;10241
1468;10243
1459;10246
1422;10248
1408;10250
1411;10253
1400;10255
1393;10258
1399;10260
1415;10263
1426;10265
1428;10268
1423;10270
1441;10273
1473;10275
1491;10278
1497;10280
1498;10283
1487;10286
1462;10288
1429;10291
1412;10293
1400;10296
1411;10298
1425;10301
1417;10303
1406;10306
1405;10308
1433;10311
1486;10313
1537;10315
1565;10318
1541;10320
1496;10323
1474;10326
1448;10329
1437;10331
1432;10334
1427;10336
1415;10339
1405;10341
1400;10344
1404;10346
1412;10348
1418;10351
1445;10353
1472;10356
1474;10358
1471;10361
1492;10363
1517;10366
1506;10369
1476;10372
1467;10374
1492;10377
1541;10379
1591;10381
1590;10384
1539;10386
1468;10389
1413;10391
1385;10394
1377;10396
1378;10399
1383;10401
1386;10404
1397;10406
1422;10409
1470;10412
1496;10414
1495;10417
1475;10419
1465;10422
1470;10424
1490;10427
1506;10429
1512;10432
1511;10434
1510;10437
1519;10439
1523;10442
1532;10444
1537;10446
1537;10449
1518;10451
1517;10455
1542;10457
1549;10460
1539;10462
1510;10465
1482;10467
1459;10470
1409;10472
1389;10475
1403;10477
1435;10479
1479;10482
1514;10484
1527;10487
1500;10489
1467;10492
1467;10494
1495;10498
1528;10500
