1513;2
1490;4
1479;7
1474;9
1478;11
1485;13
1492;16
1491;18
1491;20
1489;23
1494;25
1510;27
1525;30
1533;32
1532;34
1529;37
1522;39
1511;41
1492;44
1480;47
1472;49
1471;51
1475;54
1472;56
1469;58
1465;61
1470;63
1481;65
1485;68
1482;70
1476;72
1473;75
1468;77
1472;79
1473;81
1472;84
1474;87
1485;89
1496;92
1494;94
1484;96
1472;99
1477;101
1479;103
1477;106
1465;108
1452;110
1453;113
1455;115
1454;117
1449;120
1430;122
1420;125
1416;128
1416;130
1412;133
1407;135
1409;137
1408;140
1402;142
1391;144
1384;147
1400;149
1435;152
1450;154
1437;156
1405;159
1382;161
1372;163
1356;166
1331;168
1317;171
1305;174
1300;176
1295;179
1299;181
1301;183
1293;186
1265;188
1227;190
1188;193
1165;195
1150;197
1132;200
1111;202
1092;205
1069;207
1053;209
1038;212
1034;215
1036;217
1022;220
988;222
967;224
949;227
935;229
919;231
912;234
903;236
904;238
909;240
917;243
936;245
953;247
953;250
926;252
879;254
844;258
823;260
795;262
775;265
769;267
764;269
751;272
734;274
723;276
712;278
705;281
698;283
692;285
691;288
697;290
708;292
714;295
717;297
735;300
755;303
764;305
763;307
756;310
754;312
758;314
778;316
802;319
812;321
815;323
813;326
817;328
825;330
838;333
854;335
873;337
887;340
907;343
925;345
939;347
951;350
969;352
990;354
1016;357
1035;359
1063;361
1104;364
1140;366
1164;369
1178;371
1192;373
1211;376
1233;378
1258;380
1283;384
1291;386
1303;388
1320;391
1336;393
1354;396
1375;398
1390;400
1408;403
1423;405
1446;407
1471;410
1489;412
1506;414
1521;417
1540;419
1566;422
1590;424
1602;427
1619;430
1632;432
1640;434
1649;437
1674;439
1700;441
1734;444
1748;446
1745;449
1742;451
1744;453
1755;456
1773;458
1792;460
1800;463
1811;465
1823;467
1841;471
1856;473
1857;476
1854;478
1853;480
1855;483
1862;485
1874;487
1891;490
1907;492
1914;494
1921;497
1920;499
1935;502
1949;504
1949;506
1942;509
1930;512
1922;514
1922;517
1928;519
1935;521
1936;524
1934;526
1937;529
1937;531
1932;533
1924;536
1918;538
1916;540
1918;543
1922;545
1921;547
1914;550
1905;552
1906;556
1916;558
1929;560
1940;563
1950;565
1952;567
1951;570
1949;572
1954;574
1956;577
1953;579
1945;582
1934;584
1927;586
1920;589
1915;591
1917;593
1919;596
1913;599
1906;601
1901;604
1892;606
1883;609
1880;611
1879;613
1882;616
1888;618
1897;620
1897;623
1887;625
1878;627
1876;630
1872;632
1864;635
1852;637
1838;640
1827;643
1821;645
1827;647
1840;650
1854;652
1859;654
1860;657
1853;659
1843;662
1824;664
1813;666
1810;669
1813;671
1818;673
1812;676
1797;678
1777;680
1767;684
1760;686
1753;689
1745;691
1736;693
1730;696
1727;698
1723;700
1721;703
1718;705
1715;707
1718;710
1721;712
1722;715
1725;717
1720;719
1713;722
1699;724
1696;727
1695;730
1689;732
1686;734
1687;737
1690;739
1693;742
1707;744
1712;746
1701;749
1676;751
1653;753
1636;756
1632;758
1628;760
1625;763
1613;765
1603;769
1586;771
1575;773
1567;776
1564;778
1568;780
1578;783
1595;785
1606;787
1595;790
1572;792
1563;795
1559;797
1550;799
1537;802
1532;804
1533;806
1536;809
1549;812
1563;814
1566;817
1552;819
1547;822
1548;824
1544;826
1537;829
1534;831
1541;833
1544;836
1539;838
1531;840
1520;843
1510;845
1504;848
1501;850
1501;852
1500;856
1487;858
1474;860
1470;863
1472;865
1478;867
1480;870
1479;872
1485;875
1487;877
1490;879
1489;882
1487;884
1493;886
1509;889
1525;891
1528;893
1524;897
1523;899
1530;902
1528;904
1517;906
1500;909
1487;911
1482;913
1484;916
1488;918
1493;920
1494;923
1497;925
1494;928
1487;930
1474;932
1460;935
1460;937
1464;940
1467;943
1475;945
1489;947
1499;950
1503;952
1502;955
1503;957
1510;959
1518;962
1519;964
1508;966
1493;969
1483;971
1475;973
1469;976
1476;978
1489;982
1488;984
1479;986
1459;989
1445;991
1433;993
1422;996
1421;998
1427;1000
1434;1003
1435;1005
1433;1008
1435;1010
1432;1013
1435;1015
1454;1017
1473;1020
1481;1022
1477;1026
1457;1028
1440;1030
1447;1033
1466;1035
1475;1038
1469;1040
1457;1042
1440;1045
1437;1047
1441;1050
1434;1052
1422;1055
1422;1057
1435;1059
1447;1062
1446;1064
1435;1068
1420;1070
1414;1072
1413;1075
1417;1077
1420;1080
1426;1082
1439;1084
1446;1087
1457;1089
1464;1092
1467;1094
1463;1097
1450;1099
1444;1101
1446;1104
1453;1106
1447;1110
1444;1112
1440;1114
1440;1117
1447;1119
1451;1122
1452;1124
1446;1126
1436;1129
1429;1131
1424;1134
1424;1136
1427;1139
1432;1141
1437;1143
1446;1146
1451;1148
1451;1152
1439;1154
1423;1156
1416;1159
1414;1161
1418;1164
1425;1166
1437;1168
1449;1171
1458;1173
1450;1176
1437;1178
1432;1181
1441;1183
1460;1185
1476;1188
1476;1190
1472;1193
1466;1196
1456;1198
1452;1201
1452;1203
1456;1206
1474;1208
1483;1210
1478;1213
1462;1215
1450;1218
1444;1220
1439;1223
1435;1225
1434;1227
1434;1230
1439;1232
1450;1235
1465;1238
1480;1240
1482;1243
1477;1245
1471;1248
1458;1250
1457;1253
1464;1255
1477;1257
1486;1260
1484;1262
1487;1265
1492;1267
1493;1269
1493;1272
1494;1274
1498;1277
1499;1280
1491;1282
1479;1285
1462;1287
1445;1290
1437;1292
1434;1295
1435;1297
1439;1299
1446;1302
1452;1304
1454;1307
1452;1309
1450;1311
1444;1314
1441;1316
1445;1319
1453;1321
1461;1324
1466;1327
1468;1329
1466;1332
1468;1334
1466;1337
1463;1339
1456;1341
1461;1344
1465;1346
1463;1349
1456;1351
1445;1353
1433;1356
1429;1358
1438;1361
1454;1363
1465;1366
1467;1369
1465;1371
1461;1374
1447;1376
1435;1379
1429;1381
1423;1383
1418;1386
1410;1388
1400;1391
1400;1393
1409;1395
1420;1398
1432;1400
1428;1403
1422;1405
1419;1408
1421;1411
1427;1413
1431;1416
1429;1418
1422;1421
1414;1423
1420;1425
1445;1428
1467;1430
1469;1433
1452;1435
1432;1437
1423;1440
1424;1442
1427;1445
1422;1447
1410;1449
1400;1453
1398;1455
1399;1458
1397;1460
1397;1463
1399;1465
1405;1467
1410;1470
1416;1472
1414;1475
1411;1477
1413;1479
1427;1482
1446;1484
1448;1487
1436;1489
1421;1492
1416;1495
1426;1497
1435;1500
1444;1502
1439;1505
1443;1507
1463;1509
1472;1512
1461;1514
1442;1517
1421;1519
1417;1521
1421;1524
1431;1526
1441;1529
1439;1531
1430;1534
1426;1537
1424;1539
1426;1542
1428;1544
1434;1547
1439;1549
1445;1551
1447;1554
1446;1556
1445;1559
1449;1561
1446;1563
1446;1566
1449;1568
1455;1571
1466;1573
1479;1576
1488;1579
1491;1581
1487;1584
1491;1586
1488;1589
1478;1591
1467;1593
1459;1596
1459;1598
1460;1601
1460;1603
1460;1605
1455;1608
1447;1610
1440;1613
1446;1615
1464;1618
1476;1620
1482;1623
1482;1626
1476;1628
1480;1631
1490;1633
1499;1635
1500;1638
1494;1640
1486;1643
1469;1645
1451;1647
1444;1650
1466;1652
1494;1655
1504;1657
1485;1660
1463;1662
1445;1665
1434;1668
1429;1670
1428;1673
1435;1675
1447;1677
1453;1680
1444;1682
1428;1685
1432;1687
1449;1689
1468;1692
1470;1694
1463;1697
1446;1699
1435;1702
1431;1704
1441;1707
1447;1710
1459;1712
1478;1715
1487;1717
1478;1719
1456;1722
1445;1724
1446;1727
1459;1729
1469;1732
1464;1734
1447;1736
1432;1739
1426;1741
1419;1744
1413;1746
1410;1748
1407;1752
1406;1754
1403;1757
1401;1759
1414;1761
1428;1764
1436;1766
1453;1769
1472;1771
1483;1774
1485;1776
1482;1778
1476;1781
1462;1783
1456;1786
1457;1788
1462;1790
1467;1794
1459;1796
1457;1799
1456;1801
1456;1803
1455;1806
1451;1808
1449;1811
1449;1813
1444;1816
1437;1818
1439;1820
1445;1823
1458;1825
1475;1828
1494;1830
1504;1832
1499;1836
1483;1838
1470;1841
1472;1843
1483;1845
1497;1848
1511;1850
1517;1853
1524;1855
1532;1858
1529;1860
1513;1862
1496;1865
1497;1867
1516;1870
1537;1872
1555;1874
1549;1878
1525;1880
1507;1883
1495;1885
1480;1887
1471;1890
1472;1892
1475;1895
1478;1897
1480;1900
1484;1902
1497;1904
1511;1907
1516;1909
1528;1912
1544;1914
1552;1916
1549;1920
1539;1922
1536;1925
1537;1927
1533;1930
1529;1932
1528;1934
1527;1937
1535;1939
1544;1942
1548;1944
1549;1946
1550;1949
1547;1951
1536;1954
1524;1956
1509;1958
1499;1961
1497;1964
1504;1967
1507;1969
1509;1972
1512;1974
1514;1976
1504;1979
1503;1981
1509;1984
1519;1986
1522;1988
1515;1991
1502;1993
1496;1996
1511;1998
1534;2000
1541;2003
1526;2006
1507;2009
1505;2011
1509;2014
1508;2016
1498;2018
1496;2021
1494;2023
1491;2026
1488;2028
1493;2030
1505;2033
1504;2035
1490;2038
1474;2040
1457;2042
1451;2045
1465;2048
1485;2051
1484;2053
1469;2056
1460;2058
1454;2060
1458;2063
1472;2065
1487;2068
1496;2070
1498;2072
1495;2075
1491;2077
1488;2080
1485;2082
1489;2084
1486;2087
1485;2089
1483;2093
1481;2095
1475;2098
1473;2100
1476;2102
1472;2105
1467;2107
1460;2110
1459;2112
1459;2114
1461;2117
1466;2119
1469;2122
1469;2124
1480;2126
1506;2129
1532;2131
1532;2135
1504;2137
1484;2140
1472;2142
1468;2144
1473;2147
1478;2149
1483;2152
1488;2154
1490;2156
1493;2159
1492;2161
1483;2164
1479;2166
1487;2169
1496;2171
1506;2173
1513;2177
1512;2179
1502;2182
1498;2184
1496;2186
1502;2189
1501;2191
1501;2194
1504;2196
1509;2198
1539;2201
1576;2203
1585;2206
1565;2208
1537;2211
1526;2213
1521;2215
1512;2219
1499;2221
1492;2224
1490;2226
1497;2228
1509;2231
1517;2233
1520;2236
1516;2238
1515;2240
1522;2243
1526;2245
1525;2248
1525;2250
1532;2253
1545;2255
1542;2257
1524;2260
1518;2263
1525;2266
1540;2268
1542;2270
1540;2273
1545;2275
1551;2278
1552;2280
1551;2282
1543;2285
1535;2287
1523;2290
1512;2292
1503;2295
1491;2297
1485;2299
1493;2302
1505;2305
1511;2308
1508;2310
1504;2312
1502;2315
1499;2317
1500;2320
1502;2322
1509;2324
1519;2327
1529;2329
1532;2332
1528;2334
1533;2337
1534;2339
1525;2341
1519;2344
1508;2347
1503;2350
1513;2352
1533;2354
1547;2357
1538;2359
1518;2362
1503;2364
1499;2366
1497;2369
1491;2371
1482;2374
1475;2376
1480;2379
1484;2381
1485;2383
1490;2386
1499;2388
1506;2392
1508;2394
1515;2396
1524;2399
1525;2401
1517;2404
1512;2406
1517;2408
1523;2411
1526;2413
1532;2416
1531;2418
1530;2421
1526;2423
1520;2425
1514;2428
1514;2430
1521;2434
1523;2436
1521;2438
1519;2441
1513;2443
1503;2446
1498;2448
1492;2450
1501;2453
1517;2455
1526;2458
1518;2460
1504;2463
1493;2465
1496;2467
1509;2470
1515;2472
1531;2476
1538;2478
1548;2480
1556;2483
1556;2485
1538;2488
1514;2490
1503;2492
1500;2495
1504;2497
1508;2500
1511;2502
1505;2505
1497;2507
1488;2509
1482;2512
1479;2514
1482;2518
1494;2520
1505;2522
1504;2525
1496;2527
1490;2530
1496;2532
1500;2535
1493;2537
1492;2539
1501;2542
1518;2544
1528;2547
1526;2549
1516;2551
1518;2554
1526;2556
1530;2560
1533;2562
1517;2564
1499;2567
1484;2569
1474;2572
1479;2574
1492;2577
1494;2579
1489;2581
1489;2584
1491;2586
1479;2589
1461;2591
1450;2593
1458;2596
1469;2598
1473;2601
1467;2604
1465;2606
1464;2609
1478;2611
1500;2614
1515;2616
1520;2619
1530;2621
1535;2623
1534;2626
1518;2628
1500;2631
1482;2633
1471;2635
1472;2638
1473;2640
1470;2643
1463;2646
1461;2648
1463;2651
1449;2653
1437;2656
1439;2658
1459;2661
1485;2663
1495;2665
1491;2668
1497;2670
1512;2673
1526;2675
1517;2677
1493;2680
1477;2682
1471;2685
1469;2688
1472;2690
1474;2693
1469;2695
1462;2698
1458;2700
1456;2703
1446;2705
1446;2707
1461;2710
1471;2712
1461;2715
1452;2717
1453;2719
1462;2722
1469;2724
1481;2727
1490;2729
1485;2732
1480;2735
1470;2737
1468;2740
1469;2742
1464;2745
1453;2747
1450;2749
1454;2752
1471;2754
1491;2757
1494;2759
1484;2761
1472;2764
1455;2766
1444;2769
1444;2771
1448;2775
1453;2777
1456;2779
1463;2782
1467;2784
1474;2787
1470;2789
1469;2791
1469;2794
1465;2796
1459;2799
1456;2801
1459;2803
1458;2806
1453;2808
1452;2811
1452;2813
1459;2817
1474;2819
1478;2821
1474;2824
1466;2826
1465;2829
1467;2831
1465;2833
1457;2836
1455;2838
1461;2841
1470;2843
1479;2845
1474;2848
1455;2850
1439;2853
1452;2855
1475;2859
1498;2861
1505;2863
1496;2866
1474;2868
1453;2871
1441;2873
1439;2875
1441;2878
1438;2880
1432;2883
1434;2885
1451;2887
1454;2890
1454;2892
1447;2895
1437;2897
1438;2900
1444;2903
1451;2905
1460;2908
1482;2910
1499;2913
1495;2915
1480;2917
1481;2920
1491;2922
1493;2925
1480;2927
1458;2929
1437;2932
1424;2934
1423;2937
1435;2939
1446;2942
1448;2945
1443;2947
1435;2950
1435;2952
1442;2955
1447;2957
1448;2959
1458;2962
1467;2964
1470;2967
1470;2969
1476;2971
1487;2974
1494;2976
1485;2979
1472;2981
1475;2984
1499;2987
1524;2989
1524;2992
1501;2994
1466;2997
1450;2999
1438;3001
1435;3004
1436;3006
1440;3009
1449;3011
1452;3013
1453;3016
1448;3018
1437;3021
1424;3023
1412;3026
1415;3028
1429;3031
1444;3034
1464;3036
1470;3039
1457;3041
1450;3043
1458;3046
1471;3048
1489;3051
1498;3053
1496;3055
1487;3058
1481;3060
1480;3063
1478;3065
1477;3068
1478;3070
1473;3073
1465;3076
1460;3078
1457;3081
1457;3083
1453;3085
1447;3088
1453;3090
1460;3093
1463;3095
1462;3098
1459;3100
1461;3102
1470;3105
1469;3107
1463;3110
1450;3112
1449;3115
1450;3118
1458;3120
1485;3123
1503;3125
1512;3127
1500;3130
1478;3132
1469;3135
1463;3137
1454;3140
1448;3142
1454;3144
1460;3147
1459;3149
1448;3152
1440;3154
1438;3156
1433;3160
1445;3162
1464;3165
1485;3167
1507;3169
1510;3172
1504;3174
1483;3177
1471;3179
1473;3182
1479;3184
1486;3186
1495;3189
1500;3191
1498;3194
1487;3196
1478;3198
1472;3202
1468;3204
1466;3207
1459;3209
1451;3211
1446;3214
1452;3216
1460;3219
1462;3221
1455;3224
1445;3226
1435;3228
1433;3231
1446;3233
1466;3236
1473;3238
1462;3240
1448;3244
1443;3246
1446;3249
1444;3251
1446;3254
1454;3256
1462;3258
1464;3261
1467;3263
1474;3266
1480;3268
1477;3270
1463;3273
1458;3275
1452;3278
1447;3280
1444;3282
1440;3286
1452;3288
1463;3291
1466;3293
1456;3296
1452;3298
1453;3300
1454;3303
1453;3305
1448;3308
1437;3310
1431;3312
1430;3315
1439;3317
1452;3320
1466;3322
1469;3324
1471;3328
1467;3330
1464;3333
1457;3335
1458;3338
1460;3340
1460;3342
1455;3345
1463;3347
1475;3350
1492;3352
1511;3354
1528;3357
1532;3359
1514;3362
1488;3364
1471;3366
1467;3369
1463;3372
1458;3375
1448;3377
1439;3380
1432;3382
1431;3384
1430;3387
1432;3389
1443;3392
1447;3394
1447;3396
1444;3399
1440;3401
1438;3404
1455;3406
1485;3408
1524;3411
1568;3414
1595;3417
1615;3419
1606;3422
1572;3424
1552;3426
1540;3429
1527;3431
1511;3434
1491;3436
1474;3438
1459;3441
1445;3443
1431;3446
1430;3448
1444;3451
1472;3453
1490;3456
1469;3459
1434;3461
1413;3464
1403;3466
1396;3468
1395;3471
1413;3473
1433;3476
1456;3478
1474;3480
1501;3483
1519;3485
1524;3488
1511;3490
1501;3493
1493;3495
1480;3497
1465;3501
1451;3503
1445;3506
1446;3508
1441;3510
1426;3513
1412;3515
1404;3518
1406;3520
1418;3522
1426;3525
1427;3527
1423;3530
1421;3532
1425;3535
1431;3537
1440;3539
1466;3543
1508;3545
1549;3548
1577;3550
1590;3552
1577;3555
1564;3557
1551;3560
1538;3562
1530;3564
1534;3567
1543;3569
1533;3572
1516;3574
1492;3577
1468;3579
1448;3581
1433;3585
1427;3587
1421;3590
1418;3592
1415;3594
1420;3597
1431;3599
1446;3602
1464;3604
1475;3606
1476;3609
1491;3611
1522;3614
1536;3616
1528;3619
1512;3621
1495;3623
1486;3627
1480;3629
1494;3632
1512;3634
1519;3636
1508;3639
1484;3641
1466;3644
1454;3646
1445;3648
1445;3651
1445;3653
1442;3656
1445;3658
1455;3661
1468;3663
1474;3665
1470;3668
1467;3671
1482;3674
1495;3676
1503;3678
1511;3681
1531;3683
1537;3686
1525;3688
1499;3691
1482;3693
1493;3695
1513;3698
1519;3700
1516;3703
1515;3705
1514;3707
1491;3710
1461;3713
1440;3716
1432;3718
1431;3720
1433;3723
1434;3725
1436;3728
1434;3730
1437;3733
1438;3735
1445;3737
1460;3740
1469;3742
1479;3745
1482;3747
1491;3749
1501;3752
1507;3755
1498;3758
1473;3760
1453;3762
1461;3765
1472;3767
1481;3770
1475;3772
1460;3775
1451;3777
1443;3779
1442;3782
1449;3784
1448;3787
1439;3789
1419;3791
1401;3794
1399;3796
1418;3800
1432;3802
1442;3804
1432;3807
1427;3809
1432;3812
1436;3814
1445;3817
1453;3819
1471;3821
1487;3824
1491;3826
1481;3829
1454;3831
1448;3833
1470;3836
1489;3838
1485;3842
1466;3844
1449;3846
1441;3849
1440;3851
1441;3854
1443;3856
1453;3859
1464;3861
1468;3863
1466;3866
1477;3868
1501;3871
1511;3873
1502;3875
1490;3878
1480;3880
1476;3884
1478;3886
1480;3889
1488;3891
1482;3893
1468;3896
1456;3898
1449;3901
1451;3903
1457;3905
1457;3908
1455;3910
1452;3913
1454;3915
1459;3917
1474;3920
1493;3922
1504;3926
1506;3928
1497;3931
1494;3933
1506;3935
1529;3938
1536;3940
1516;3943
1485;3945
1466;3947
1463;3950
1462;3952
1463;3955
1457;3957
1466;3959
1496;3962
1523;3964
1522;3968
1499;3970
1479;3973
1478;3975
1480;3977
1491;3980
1498;3982
1498;3985
1496;3987
1483;3989
1476;3992
1471;3994
1469;3997
1466;3999
1460;4001
1460;4004
1463;4006
1475;4009
1481;4012
1480;4015
1472;4017
1463;4019
1451;4022
1458;4024
1476;4027
1494;4029
1491;4031
1489;4034
1519;4036
1558;4039
1562;4041
1533;4043
1503;4046
1487;4048
1475;4051
1470;4054
1467;4057
1465;4059
1462;4061
1455;4064
1447;4066
1441;4069
1448;4071
1454;4073
1453;4076
1451;4078
1448;4081
1453;4083
1457;4086
1464;4088
1484;4090
1528;4093
1576;4096
1589;4099
1567;4101
1537;4103
1510;4106
1495;4108
1487;4111
1478;4113
1474;4115
1475;4118
1480;4120
1476;4123
1467;4125
1463;4128
1458;4130
1455;4132
1453;4135
1445;4137
1442;4141
1442;4143
1450;4145
1452;4148
1459;4150
1465;4153
1473;4155
1484;4157
1501;4160
1523;4162
1535;4165
1525;4167
1511;4170
1508;4172
1513;4174
1510;4177
1498;4179
1491;4183
1495;4185
1502;4187
1508;4190
1504;4192
1490;4195
1486;4197
1489;4199
1488;4202
1490;4204
1491;4207
1493;4209
1490;4212
1485;4214
1479;4216
1487;4219
1498;4221
1497;4225
1494;4227
1502;4229
1511;4232
1519;4234
1519;4237
1513;4239
1499;4241
1486;4244
1476;4246
1482;4249
1486;4251
1486;4254
1486;4256
1476;4258
1471;4261
1466;4263
1463;4267
1473;4269
1490;4271
1511;4274
1524;4276
1518;4279
1494;4281
1478;4283
1480;4286
1494;4288
1495;4291
1475;4293
1462;4296
1452;4298
1454;4300
1462;4303
1476;4305
1486;4308
1493;4311
1500;4313
1500;4316
1494;4318
1486;4321
1482;4323
1481;4326
1484;4328
1490;4330
1494;4333
1492;4335
1489;4338
1480;4340
1475;4342
1476;4345
1475;4347
1470;4350
1461;4353
1454;4355
1462;4358
1478;4360
1489;4363
1487;4365
1482;4368
1491;4370
1501;4372
1502;4375
1496;4377
1480;4380
1475;4382
1484;4384
1492;4387
1489;4389
1477;4392
1466;4395
1474;4397
1491;4400
1503;4402
1515;4405
1518;4407
1510;4410
1488;4412
1471;4414
1461;4417
1452;4419
1449;4422
1453;4424
1460;4426
1467;4429
1471;4431
1471;4434
1466;4436
1458;4439
1460;4442
1477;4444
1492;4447
1496;4449
1487;4452
1475;4454
1466;4456
1469;4459
1475;4461
1484;4464
1499;4466
1510;4468
1511;4471
1502;4473
1490;4476
1484;4478
1478;4481
1475;4484
1471;4486
1469;4489
1471;4491
1479;4494
1481;4496
1475;4498
1462;4501
1454;4503
1454;4506
1447;4508
1439;4510
1434;4513
1447;4515
1470;4518
1493;4520
1501;4524
1491;4526
1484;4528
1477;4531
1476;4533
1473;4536
1466;4538
1472;4540
1493;4543
1511;4545
1510;4548
1488;4550
1463;4552
1458;4555
1458;4557
1460;4560
1462;4562
1452;4566
1448;4568
1460;4570
1489;4573
1508;4575
1503;4578
1485;4580
1457;4582
1439;4585
1428;4587
1429;4590
1440;4592
1454;4594
1476;4597
1487;4599
1482;4602
1478;4604
1475;4608
1479;4610
1485;4612
1486;4615
1477;4617
1472;4620
1477;4622
1483;4624
1481;4627
1471;4629
1464;4632
1467;4634
1465;4636
1454;4639
1447;4641
1453;4644
1454;4646
1452;4649
1454;4652
1464;4654
1477;4657
1484;4659
1474;4662
1466;4664
1478;4666
1498;4669
1502;4671
1489;4674
1469;4676
1459;4678
1455;4681
1458;4683
1462;4686
1471;4688
1478;4691
1478;4694
1475;4696
1473;4699
1469;4701
1467;4704
1455;4706
1454;4708
1467;4711
1488;4713
1514;4716
1523;4718
1512;4721
1486;4723
1462;4725
1464;4728
1474;4730
1490;4733
1497;4736
1492;4738
1475;4741
1462;4743
1451;4746
1443;4748
1437;4750
1442;4753
1447;4755
1450;4758
1451;4760
1457;4763
1460;4765
1457;4767
1466;4770
1478;4772
1486;4775
1477;4777
1465;4780
1458;4783
1459;4785
1471;4788
1484;4790
1489;4792
1486;4795
1477;4797
1477;4800
1479;4802
1480;4805
1479;4807
1471;4809
1461;4812
1453;4814
1448;4817
1446;4819
1451;4822
1460;4825
1470;4827
1478;4830
1482;4832
1474;4834
1466;4837
1468;4839
1470;4842
1479;4844
1491;4847
1488;4849
1478;4851
1477;4854
1475;4856
1475;4859
1477;4861
1478;4864
1486;4867
1498;4869
1510;4872
1514;4874
1508;4876
1499;4879
1492;4881
1489;4884
1484;4886
1478;4889
1466;4891
1451;4893
1448;4896
1456;4898
1467;4901
1475;4903
1485;4905
1503;4909
1520;4911
1522;4914
1515;4916
1509;4918
1505;4921
1493;4923
1485;4926
1484;4928
1495;4931
1509;4933
1508;4935
1497;4938
1478;4940
1462;4943
1456;4945
1454;4947
1454;4951
1457;4953
1457;4956
1456;4958
1454;4960
1453;4963
1454;4965
1475;4968
1502;4970
1515;4973
1515;4975
1507;4977
1514;4980
1521;4982
1526;4985
1530;4987
1527;4989
1521;4993
1508;4995
1488;4998
1475;5000
1475;5003
1485;5005
1498;5007
1505;5010
1493;5012
1478;5015
1469;5017
1466;5019
1470;5022
1467;5024
1458;5027
1453;5029
1451;5031
1455;5035
1465;5037
1489;5040
1506;5042
1509;5045
1497;5047
1488;5049
1510;5052
1535;5054
1549;5057
1539;5059
1510;5061
1489;5064
1479;5066
1470;5069
1464;5071
1462;5073
1468;5076
1479;5079
1492;5082
1493;5084
1479;5087
1464;5089
1455;5091
1445;5094
1437;5096
1436;5099
1443;5101
1448;5103
1462;5106
1489;5108
1517;5111
1530;5113
1517;5115
1489;5118
1479;5121
1476;5124
1479;5126
1487;5129
1494;5131
1505;5133
1515;5136
1517;5138
1508;5141
1495;5143
1498;5145
1513;5148
1520;5150
1503;5153
1484;5155
1457;5157
1441;5160
1433;5163
1434;5166
1438;5168
1441;5171
1455;5173
1478;5175
1497;5178
1498;5180
1485;5183
1477;5185
1472;5187
1462;5190
1453;5192
1456;5195
1464;5197
1475;5200
1488;5202
1498;5204
1511;5208
1520;5210
1516;5213
1503;5215
1484;5217
1472;5220
1472;5222
1469;5225
1460;5227
1459;5229
1457;5232
1453;5234
1453;5237
1458;5239
1460;5242
1459;5244
1457;5246
1449;5250
1447;5252
1451;5255
1455;5257
1460;5259
1462;5262
1464;5264
1465;5267
1466;5269
1469;5271
1488;5274
1524;5276
1540;5279
1534;5281
1517;5284
1503;5286
1494;5288
1492;5292
1492;5294
1488;5297
1480;5299
1462;5301
1446;5304
1435;5306
1430;5309
1435;5311
1441;5313
1436;5316
1430;5318
1430;5321
1439;5323
1455;5326
1473;5328
1480;5330
1474;5334
1463;5336
1458;5339
1468;5341
1504;5343
1533;5346
1532;5348
1507;5351
1490;5353
1485;5355
1482;5358
1473;5360
1461;5363
1466;5365
1479;5368
1490;5370
1483;5372
1468;5376
1457;5378
1449;5381
1447;5383
1453;5385
1463;5388
1479;5390
1490;5393
1492;5395
1487;5397
1479;5400
1475;5402
1469;5405
1460;5407
1454;5410
1462;5412
1469;5414
1458;5417
1442;5420
1434;5423
1434;5425
1443;5427
1451;5430
1456;5432
1459;5435
1460;5437
1467;5439
1470;5442
1469;5444
1462;5447
1462;5449
1474;5452
1484;5454
1490;5456
1488;5459
1485;5462
1504;5465
1525;5467
1529;5469
1509;5472
1488;5474
1470;5477
1454;5479
1444;5482
1437;5484
1447;5486
1469;5489
1488;5491
1490;5494
1481;5496
1464;5498
1451;5501
1447;5504
1447;5507
1449;5509
1447;5511
1444;5514
1441;5516
1446;5519
1460;5521
1474;5524
1482;5526
1484;5528
1483;5531
1486;5533
1489;5536
1493;5538
1496;5540
1497;5543
1492;5545
1482;5549
1467;5551
1454;5553
1450;5556
1454;5558
1468;5561
1481;5563
1484;5566
1480;5568
1476;5570
1469;5573
1457;5575
1449;5578
1450;5580
1459;5582
1469;5585
1475;5587
1473;5591
1465;5593
1459;5595
1454;5598
1453;5600
1458;5603
1464;5605
1478;5608
1494;5610
1498;5612
1485;5615
1474;5617
1473;5620
1476;5622
1481;5624
1490;5627
1496;5629
1502;5633
1495;5635
1484;5637
1470;5640
1458;5642
1448;5645
1450;5647
1458;5650
1463;5652
1462;5654
1459;5657
1453;5659
1450;5662
1461;5664
1478;5666
1488;5669
1485;5671
1484;5675
1487;5677
1492;5679
1488;5682
1486;5684
1495;5687
1513;5689
1527;5692
1524;5694
1509;5696
1489;5699
1471;5701
1461;5704
1459;5706
1459;5708
1463;5711
1469;5713
1471;5716
1471;5719
1467;5722
1471;5724
1476;5726
1476;5729
1476;5731
1476;5734
1492;5736
1531;5738
1552;5741
1541;5743
1515;5746
1495;5748
1489;5750
1485;5753
1480;5755
1474;5758
1468;5761
1466;5764
1473;5766
1489;5768
1499;5771
1510;5773
1519;5776
1520;5778
1515;5780
1494;5783
1473;5785
1463;5788
1459;5790
1461;5792
1467;5795
1486;5797
1506;5800
1511;5803
1505;5806
1489;5808
1480;5810
1478;5813
1480;5815
1480;5818
1483;5820
1487;5822
1490;5825
1489;5827
1493;5830
1507;5832
1521;5834
1517;5837
1506;5839
1495;5842
1487;5844
1490;5848
1499;5850
1506;5852
1501;5855
1493;5857
1479;5860
1473;5862
1464;5864
1455;5867
1452;5869
1455;5872
1460;5874
1459;5876
1459;5879
1465;5881
1473;5884
1476;5886
1479;5890
1493;5892
1503;5894
1509;5897
1508;5899
1492;5902
1484;5904
1484;5906
1492;5909
1506;5911
1507;5914
1499;5916
1495;5919
1485;5921
1471;5923
1471;5926
1489;5928
1500;5932
1500;5934
1493;5936
1490;5939
1493;5941
1491;5944
1483;5946
1471;5948
1463;5951
1463;5953
1465;5956
1468;5958
1472;5961
1481;5963
1486;5965
1473;5968
1464;5970
1463;5974
1462;5976
1465;5978
1477;5981
1487;5983
1498;5986
1500;5988
1500;5990
1504;5993
1505;5995
1502;5998
1494;6000
1484;6003
1477;6005
1473;6007
1472;6010
1475;6012
1485;6016
1489;6018
1481;6020
1473;6023
1469;6025
1468;6028
1464;6030
1457;6032
1458;6035
1466;6037
1478;6040
1484;6042
1478;6045
1478;6047
1497;6049
1515;6052
1515;6054
1507;6057
1496;6060
1492;6062
1483;6065
1480;6067
1489;6070
1491;6072
1485;6074
1473;6077
1461;6079
1459;6082
1462;6084
1476;6087
1497;6089
1502;6091
1493;6094
1491;6096
1497;6099
1511;6102
1519;6104
1519;6107
1513;6109
1518;6112
1532;6114
1527;6116
1507;6119
1486;6121
1477;6124
1477;6126
1480;6129
1478;6131
1476;6133
1470;6136
1469;6138
1468;6141
1470;6144
1481;6146
1490;6149
1498;6151
1508;6154
1510;6156
1524;6159
1560;6161
1589;6163
1596;6166
1573;6168
1535;6171
1509;6173
1497;6175
1501;6178
1511;6180
1515;6183
1531;6185
1552;6188
1553;6191
1539;6193
1514;6196
1492;6198
1477;6201
1467;6203
1456;6205
1451;6208
1446;6210
1444;6213
1443;6215
1444;6217
1445;6220
1446;6222
1447;6225
1463;6227
1491;6230
1511;6233
1521;6235
1524;6238
1522;6240
1513;6243
1513;6245
1519;6247
1513;6250
1491;6252
1482;6255
1493;6257
1510;6259
1507;6262
1489;6264
1466;6267
1446;6269
1437;6272
1441;6275
1448;6277
1460;6280
1468;6282
1468;6285
1459;6287
1454;6289
1461;6292
1472;6294
1476;6297
1474;6299
1468;6301
1471;6304
1480;6306
1491;6309
1494;6311
1491;6313
1478;6317
1467;6319
1465;6322
1462;6324
1458;6327
1467;6329
1485;6331
1506;6334
1512;6336
1497;6339
1474;6341
1471;6343
1472;6346
1470;6348
1473;6351
1478;6353
1474;6356
1463;6359
1453;6361
1465;6364
1475;6366
1473;6369
1468;6371
1477;6373
1494;6376
1511;6378
1517;6381
1512;6383
1503;6385
1494;6388
1491;6390
1489;6393
1486;6395
1476;6398
1461;6401
1448;6403
1437;6406
1433;6408
1430;6411
1431;6413
1446;6415
1470;6418
1483;6420
1480;6423
1465;6425
1456;6427
1457;6430
1466;6432
1477;6435
1478;6437
1479;6440
1484;6443
1486;6445
1483;6448
1488;6450
1501;6453
1507;6455
1505;6457
1496;6460
1491;6462
1492;6465
1503;6467
1509;6469
1503;6472
1490;6474
1474;6477
1473;6479
1476;6482
1479;6484
1474;6487
1464;6490
1449;6492
1435;6495
1427;6497
1431;6499
1441;6502
1442;6504
1443;6507
1449;6509
1467;6511
1485;6514
1495;6516
1488;6519
1476;6521
1477;6524
1489;6526
1493;6529
1504;6532
1516;6534
1523;6537
1508;6539
1485;6541
1469;6544
1466;6546
1470;6549
1473;6551
1480;6553
1490;6556
1492;6558
1485;6561
1470;6563
1463;6566
1464;6568
1466;6571
1464;6574
1464;6576
1470;6579
1483;6581
1490;6583
1493;6586
1489;6588
1494;6591
1504;6593
1508;6595
1505;6598
1495;6600
1481;6603
1467;6605
1460;6608
1457;6610
1456;6612
1462;6616
1470;6618
1475;6621
1474;6623
1470;6625
1462;6628
1456;6630
1457;6633
1474;6635
1499;6638
1525;6640
1528;6642
1512;6645
1492;6647
1478;6650
1470;6652
1468;6654
1463;6658
1459;6660
1459;6663
1458;6665
1467;6667
1480;6670
1486;6672
1477;6675
1465;6677
1456;6680
1458;6682
1471;6684
1503;6687
1544;6689
1553;6692
1516;6694
1490;6696
1482;6700
1482;6702
1486;6705
1480;6707
1483;6709
1488;6712
1493;6714
1491;6717
1492;6719
1493;6722
1490;6724
1489;6726
1484;6729
1476;6731
1471;6734
1464;6736
1457;6738
1451;6742
1447;6744
1440;6747
1435;6749
1432;6751
1437;6754
1449;6756
1460;6759
1474;6761
1481;6764
1484;6766
1501;6768
1524;6771
1529;6773
1519;6776
1513;6778
1515;6780
1509;6784
1496;6786
1487;6789
1482;6791
1480;6793
1485;6796
1488;6798
1483;6801
1467;6803
1452;6806
1447;6808
1447;6810
1456;6813
1469;6815
1482;6818
1498;6820
1504;6822
1497;6825
1482;6828
1473;6831
1472;6833
1474;6835
1475;6838
1485;6840
1498;6843
1502;6845
1494;6848
1479;6850
1468;6852
1468;6855
1473;6857
1477;6860
1476;6862
1469;6864
1458;6867
1453;6870
1453;6873
1458;6875
1468;6878
1480;6880
1498;6882
1510;6885
1525;6887
1523;6890
1506;6892
1495;6894
1498;6897
1506;6899
1502;6902
1508;6904
1521;6906
1530;6909
1538;6912
1537;6915
1522;6917
1504;6920
1493;6922
1483;6924
1474;6927
1466;6929
1461;6932
1458;6934
1452;6936
1446;6939
1441;6941
1442;6944
1449;6946
1453;6948
1446;6951
1441;6953
1456;6957
1481;6959
1514;6962
1520;6964
1526;6966
1523;6969
1519;6971
1527;6974
1526;6976
1522;6978
1503;6981
1486;6983
1470;6986
1467;6988
1466;6990
1461;6993
1455;6995
1449;6999
1449;7001
1453;7004
1462;7006
1470;7008
1475;7011
1470;7013
1464;7016
1466;7018
1484;7020
1505;7023
1505;7025
1491;7028
1479;7030
1471;7032
1469;7035
1466;7037
1463;7041
1465;7043
1478;7046
1484;7048
1477;7050
1463;7053
1450;7055
1445;7058
1445;7060
1449;7062
1460;7065
1477;7067
1493;7070
1497;7072
1485;7075
1469;7077
1468;7079
1482;7083
1495;7085
1508;7088
1509;7090
1497;7092
1485;7095
1477;7097
1474;7100
1475;7102
1469;7104
1464;7107
1468;7109
1480;7112
1485;7114
1479;7117
1471;7119
1469;7121
1481;7124
1494;7127
1495;7130
1492;7132
1496;7134
1507;7137
1512;7139
1509;7142
1502;7144
1495;7146
1486;7149
1479;7151
1480;7154
1481;7156
1479;7159
1472;7161
1465;7163
1458;7166
1458;7169
1463;7172
1472;7174
1478;7176
1492;7179
1506;7181
1510;7184
1506;7186
1505;7188
1506;7191
1500;7193
1489;7196
1479;7198
1472;7201
1468;7203
1469;7205
1479;7208
1481;7211
1475;7214
1466;7216
1462;7218
1464;7221
1464;7223
1462;7226
1465;7228
1464;7230
1468;7233
1473;7235
1485;7238
1490;7240
1483;7243
1477;7245
1478;7247
1480;7250
1473;7252
1462;7256
1458;7258
1469;7260
1484;7263
1496;7265
1496;7268
1483;7270
1466;7273
1459;7275
1465;7277
1484;7280
1496;7282
1497;7285
1489;7287
1487;7289
1491;7292
1495;7294
1501;7298
1509;7300
1507;7302
1493;7305
1471;7307
1459;7310
1451;7312
1450;7315
1450;7317
1456;7319
1462;7322
1468;7324
1481;7327
1498;7329
1504;7331
1498;7334
1479;7336
1470;7340
1471;7342
1478;7344
1484;7347
1488;7349
1490;7352
1496;7354
1506;7357
1510;7359
1507;7361
1488;7364
1466;7366
1456;7369
1460;7371
1468;7373
1474;7376
1468;7378
1463;7382
1457;7384
1453;7386
1452;7389
1458;7391
1466;7394
1471;7396
1480;7399
1500;7401
1511;7403
1508;7406
1497;7408
1494;7411
1501;7413
1504;7415
1506;7418
1511;7420
1519;7424
1517;7426
1510;7428
1495;7431
1488;7433
1485;7436
1485;7438
1481;7441
1473;7443
1463;7445
1453;7448
1448;7450
1448;7453
1448;7455
1446;7457
1444;7460
1444;7462
1447;7465
1447;7468
1454;7470
1461;7473
1475;7475
1485;7478
1498;7480
1522;7483
1535;7485
1533;7487
1511;7490
1490;7492
1479;7495
1476;7497
1485;7499
1490;7502
1487;7504
1479;7507
1468;7510
1458;7513
1453;7515
1453;7517
1454;7520
1453;7522
1449;7525
1445;7527
1438;7529
1424;7532
1403;7534
1392;7537
1392;7539
1402;7541
1430;7544
1479;7546
1517;7549
1535;7552
1528;7555
1513;7557
1499;7559
1492;7562
1488;7564
1483;7567
1475;7569
1473;7571
1475;7574
1476;7576
1471;7579
1461;7581
1455;7583
1454;7586
1453;7588
1450;7591
1447;7593
1447;7597
1448;7599
1452;7601
1457;7604
1463;7606
1480;7609
1496;7611
1513;7613
1522;7616
1529;7618
1536;7621
1532;7623
1511;7625
1490;7628
1481;7630
1471;7633
1464;7635
1458;7639
1454;7641
1452;7643
1452;7646
1455;7648
1460;7651
1465;7653
1471;7655
1481;7658
1480;7660
1473;7663
1463;7665
1463;7667
1470;7670
1482;7672
1501;7675
1526;7677
1557;7681
1592;7683
1593;7685
1565;7688
1529;7690
1502;7693
1486;7695
1483;7697
1484;7700
1481;7702
1475;7705
1465;7707
1460;7710
1458;7712
1456;7714
1458;7717
1462;7719
1464;7723
1461;7725
1457;7727
1450;7730
1451;7732
1467;7735
1480;7737
1488;7739
1486;7742
1480;7744
1489;7747
1496;7749
1520;7752
1543;7754
1540;7756
1512;7759
1494;7761
1489;7764
1492;7767
1489;7769
1480;7772
1479;7774
1488;7777
1490;7779
1479;7781
1462;7784
1452;7786
1450;7789
1454;7791
1458;7794
1461;7796
1464;7798
1470;7801
1474;7803
1470;7806
1467;7809
1471;7811
1482;7814
1493;7816
1499;7819
1500;7821
1499;7823
1501;7826
1513;7828
1529;7831
1541;7833
1544;7836
1541;7838
1543;7840
1539;7843
1532;7845
1532;7848
1533;7851
1533;7853
1532;7856
1533;7858
1536;7861
1539;7863
1538;7865
1541;7868
1547;7870
1551;7873
1555;7875
1560;7878
1567;7880
1574;7882
1584;7885
1597;7887
1601;7890
1593;7892
1587;7895
1589;7898
1597;7900
1596;7903
1580;7905
1559;7908
1551;7910
1547;7912
1540;7915
1533;7917
1534;7920
1540;7922
1537;7924
1529;7927
1523;7929
1517;7932
1508;7934
1503;7937
1501;7940
1510;7942
1533;7945
1552;7947
1558;7950
1544;7952
1527;7954
1532;7957
1544;7959
1546;7962
1532;7964
1509;7966
1498;7969
1499;7971
1497;7974
1491;7976
1479;7979
1477;7982
1480;7984
1483;7987
1481;7989
1475;7992
1486;7994
1502;7996
1516;7999
1508;8001
1486;8004
1474;8006
1490;8008
1522;8011
1568;8013
1584;8016
1565;8018
1528;8020
1500;8024
1472;8026
1448;8029
1429;8031
1419;8034
1413;8036
1409;8038
1405;8041
1406;8043
1412;8046
1415;8048
1415;8050
1421;8053
1426;8055
1426;8058
1423;8060
1428;8062
1451;8066
1468;8068
1465;8071
1444;8073
1431;8076
1455;8078
1473;8080
1464;8083
1443;8085
1427;8088
1418;8090
1424;8092
1437;8095
1445;8097
1436;8100
1437;8102
1437;8105
1434;8108
1427;8110
1419;8113
1411;8115
1407;8118
1414;8120
1419;8122
1435;8125
1452;8127
1450;8130
1427;8132
1413;8134
1412;8137
1415;8139
1421;8142
1429;8144
1434;8147
1437;8150
1441;8152
1447;8155
1451;8157
1455;8160
1453;8162
1443;8164
1431;8167
1422;8169
1416;8172
1413;8174
1413;8176
1420;8179
1432;8181
1448;8184
1456;8186
1457;8189
1453;8192
1452;8194
1456;8197
1453;8199
1448;8202
1450;8204
1452;8206
1466;8209
1487;8211
1501;8214
1501;8216
1474;8218
1442;8221
1430;8223
1423;8226
1420;8228
1423;8231
1438;8233
1448;8236
1450;8239
1450;8241
1447;8244
1450;8246
1459;8248
1468;8251
1472;8253
1476;8256
1481;8258
1486;8261
1499;8263
1522;8265
1527;8268
1510;8270
1481;8273
1460;8275
1458;8278
1460;8281
1462;8283
1463;8286
1463;8288
1458;8290
1453;8293
1444;8295
1436;8298
1438;8300
1451;8303
1465;8305
1473;8307
1477;8310
1478;8312
1479;8315
1479;8317
1477;8320
1480;8323
1483;8325
1491;8328
1496;8330
1493;8332
1484;8335
1494;8337
1504;8340
1511;8342
1511;8345
1507;8347
1496;8349
1486;8352
1486;8354
1490;8357
1490;8359
1489;8361
1486;8365
1482;8367
1477;8370
1473;8372
1464;8374
1458;8377
1459;8379
1466;8382
1472;8384
1473;8387
1473;8389
1475;8391
1467;8394
1454;8396
1448;8399
1460;8401
1468;8403
1479;8407
1485;8409
1490;8412
1500;8414
1519;8416
1535;8419
1541;8421
1531;8424
1514;8426
1497;8429
1482;8431
1473;8433
1464;8436
1457;8438
1453;8441
1450;8443
1449;8445
1447;8449
1448;8451
1451;8454
1453;8456
1457;8458
1459;8461
1461;8463
1467;8466
1476;8468
1483;8471
1492;8473
1506;8475
1511;8478
1521;8480
1536;8483
1543;8485
1540;8487
1523;8491
1505;8493
1502;8496
1498;8498
1488;8500
1475;8503
1470;8505
1468;8508
1465;8510
1468;8513
1470;8515
1470;8517
1476;8520
1484;8522
1485;8525
1474;8527
1462;8529
1461;8532
1466;8535
1473;8538
1478;8540
1486;8543
1492;8545
1503;8547
1514;8550
1519;8552
1521;8555
1527;8557
1529;8559
1528;8562
1523;8564
1512;8567
1499;8569
1494;8571
1491;8574
1485;8577
1470;8580
1460;8582
1459;8585
1460;8587
1458;8589
1463;8592
1475;8594
1484;8597
1486;8599
1484;8601
1483;8604
1490;8606
1506;8609
1520;8611
1528;8613
1526;8616
1512;8619
1497;8622
1492;8624
1504;8627
1516;8629
1516;8631
1503;8634
1490;8636
1482;8639
1473;8641
1464;8643
1460;8646
1462;8648
1470;8651
1474;8653
1475;8655
1468;8658
1459;8660
1451;8664
1443;8666
1450;8669
1466;8671
1470;8673
1464;8676
1454;8678
1451;8681
1473;8683
1492;8685
1502;8688
1511;8690
1521;8693
1514;8695
1508;8697
1500;8700
1496;8702
1495;8706
1507;8708
1516;8711
1512;8713
1502;8715
1485;8718
1480;8720
1484;8723
1487;8725
1485;8727
1473;8730
1461;8732
1454;8735
1448;8737
1449;8740
1453;8742
1454;8744
1454;8748
1459;8750
1467;8753
1466;8755
1465;8757
1479;8760
1502;8762
1513;8765
1508;8767
1495;8769
1493;8772
1494;8774
1492;8777
1499;8779
1519;8782
1535;8784
1536;8786
1521;8790
1493;8792
1475;8795
1466;8797
1469;8799
1477;8802
1486;8804
1489;8807
1484;8809
1476;8811
1470;8814
1463;8816
1456;8819
1451;8821
1452;8824
1457;8826
1467;8828
1476;8832
1483;8834
1484;8837
1488;8839
1501;8841
1513;8844
1517;8846
1517;8849
1510;8851
1501;8853
1488;8856
1477;8858
1480;8861
1496;8863
1506;8866
1510;8868
1505;8870
1493;8873
1481;8876
1474;8879
1466;8881
1459;8883
1454;8886
1458;8888
1464;8891
1465;8893
1460;8895
1456;8898
1459;8900
1468;8903
1484;8905
1495;8908
1503;8910
1505;8912
1502;8915
1506;8918
1510;8921
1508;8923
1506;8925
1507;8928
1505;8930
1500;8933
1488;8935
1484;8938
1489;8940
1499;8942
1503;8945
1504;8947
1503;8950
1496;8952
1488;8954
1480;8957
1463;8960
1451;8963
1448;8965
1461;8967
1475;8970
1487;8972
1493;8975
1488;8977
1482;8980
1473;8982
1470;8984
1474;8987
1479;8989
1481;8992
1491;8994
1509;8996
1518;8999
1511;9001
1487;9005
1467;9007
1469;9009
1477;9012
1480;9014
1480;9017
1487;9019
1496;9022
1505;9024
1507;9026
1496;9029
1485;9031
1477;9034
1475;9036
1473;9038
1472;9041
1469;9043
1467;9047
1465;9049
1463;9051
1465;9054
1469;9056
1477;9059
1490;9061
1501;9064
1508;9066
1525;9068
1535;9071
1528;9073
1508;9076
1484;9078
1470;9080
1461;9083
1457;9085
1460;9089
1467;9091
1473;9093
1489;9096
1503;9098
1516;9101
1519;9103
1512;9106
1500;9108
1490;9110
1484;9113
1482;9115
1486;9118
1492;9120
1492;9122
1482;9125
1470;9127
1459;9131
1456;9133
1459;9136
1464;9138
1469;9140
1470;9143
1470;9145
1479;9148
1492;9150
1509;9152
1520;9155
1522;9157
1512;9160
1490;9162
1482;9164
1487;9167
1503;9169
1512;9172
1506;9175
1493;9178
1483;9180
1482;9182
1485;9185
1490;9187
1491;9190
1491;9192
1489;9194
1486;9197
1491;9199
1487;9202
1477;9204
1464;9206
1458;9209
1459;9211
1461;9214
1463;9217
1466;9220
1466;9222
1466;9224
1471;9227
1485;9229
1493;9232
1488;9234
1480;9236
1473;9239
1472;9241
1475;9244
1484;9246
1493;9248
1501;9251
1503;9253
1499;9256
1495;9259
1495;9262
1496;9264
1497;9266
1493;9269
1489;9271
1488;9274
1482;9276
1475;9278
1464;9281
1466;9283
1476;9286
1486;9288
1491;9291
1489;9293
1487;9295
1485;9298
1480;9300
1469;9304
1463;9306
1464;9308
1471;9311
1480;9313
1485;9316
1492;9318
1512;9320
1524;9323
1523;9325
1511;9328
1498;9330
1494;9333
1492;9335
1499;9337
1505;9340
1505;9342
1504;9346
1496;9348
1491;9350
1484;9353
1487;9355
1488;9358
1483;9360
1473;9362
1470;9365
1475;9367
1485;9370
1488;9372
1489;9375
1484;9377
1477;9379
1475;9382
1483;9384
1492;9388
1497;9390
1494;9392
1481;9395
1470;9397
1471;9400
1488;9402
1494;9404
1498;9407
1515;9409
1545;9412
1556;9414
1546;9417
1521;9419
1491;9421
1474;9424
1472;9426
1476;9430
1485;9432
1504;9434
1516;9437
1509;9439
1491;9442
1482;9444
1478;9447
1478;9449
1479;9451
1477;9454
1475;9456
1474;9459
1472;9461
1466;9463
1459;9466
1453;9468
1444;9472
1439;9474
1442;9476
1455;9479
1481;9481
1504;9484
1511;9486
1506;9489
1509;9491
1511;9493
1515;9496
1516;9498
1514;9501
1521;9503
1523;9505
1517;9508
1503;9510
1478;9513
1466;9516
1460;9518
1453;9521
1448;9523
1447;9526
1454;9528
1460;9531
1456;9533
1455;9535
1456;9538
1455;9540
1453;9543
1461;9545
1471;9547
1476;9550
1480;9552
1499;9555
1521;9558
1534;9560
1529;9563
1510;9565
1498;9568
1487;9570
1477;9573
1471;9575
1460;9577
1453;9580
1457;9582
1462;9585
1461;9587
1465;9589
1486;9592
1505;9594
1515;9597
1500;9600
1481;9602
1485;9605
1498;9607
1513;9610
1511;9612
1495;9615
1486;9617
1487;9619
1499;9622
1509;9624
1510;9627
1499;9629
1478;9631
1459;9634
1449;9636
1452;9639
1465;9641
1472;9645
1473;9647
1467;9649
1454;9652
1454;9654
1462;9657
1474;9659
1484;9661
1499;9664
1516;9666
1521;9669
1506;9671
1481;9673
1473;9676
1488;9678
1493;9681
1482;9683
1463;9687
1451;9689
1449;9691
1459;9694
1467;9696
1471;9699
1470;9701
1467;9703
1465;9706
1467;9708
1467;9711
1468;9713
1468;9715
1473;9718
1480;9720
1486;9723
1485;9725
1478;9729
1478;9731
1485;9733
1489;9736
1481;9738
1471;9741
1461;9743
1456;9745
1461;9748
1475;9750
1486;9753
1490;9755
1496;9757
1501;9760
1506;9762
1506;9765
1495;9767
1487;9771
1478;9773
1473;9775
1469;9778
1461;9780
1450;9783
1446;9785
1451;9787
1460;9790
1476;9792
1490;9795
1507;9797
1513;9799
1506;9802
1499;9804
1495;9807
1488;9809
1483;9812
1481;9815
1490;9817
1510;9820
1534;9822
1534;9825
1513;9827
1480;9829
1461;9832
1452;9834
1448;9837
1448;9839
1446;9841
1447;9844
1453;9846
1457;9849
1465;9851
1472;9854
1476;9857
1477;9859
1473;9862
1473;9864
1482;9867
1487;9869
1484;9871
1491;9874
1509;9876
1521;9879
1516;9881
1504;9883
1506;9886
1505;9888
1499;9891
1491;9893
1478;9896
1467;9899
1462;9901
1461;9904
1463;9906
1465;9909
1468;9911
1469;9913
1469;9916
1468;9918
1464;9921
1455;9923
1446;9926
1450;9928
1460;9930
1461;9933
1455;9935
1452;9938
1460;9940
1479;9943
1491;9946
1499;9948
1504;9951
1501;9953
1494;9955
1492;9958
1509;9960
1536;9963
1548;9965
1532;9968
1512;9970
1488;9972
1471;9975
1464;9977
1463;9980
1463;9982
1458;9985
1450;9988
1448;9990
1455;9993
1460;9995
1464;9997
1468;10000
1461;10002
1466;10005
1483;10007
1501;10010
1507;10012
1504;10015
1500;10017
1496;10020
1494;10022
1490;10025
1491;10028
1504;10030
1512;10033
1505;10035
1493;10038
1492;10040
1485;10043
1475;10045
1469;10048
1479;10050
1490;10053
1493;10055
1484;10058
1476;10060
1476;10062
1479;10065
1475;10067
1466;10071
1462;10073
1474;10076
1486;10078
1489;10081
1483;10083
1469;10086
1466;10088
1474;10091
1485;10093
1488;10095
1485;10098
1488;10100
1499;10103
1507;10105
1512;10108
1511;10110
1509;10114
1506;10116
1495;10119
1478;10121
1463;10124
1457;10126
1456;10128
1459;10131
1461;10133
1468;10136
1474;10138
1475;10141
1469;10143
1462;10146
1466;10148
1474;10151
1487;10153
1506;10157
1525;10159
1524;10161
1501;10164
1487;10166
1485;10169
1484;10171
1486;10174
1486;10176
1490;10179
1498;10181
1507;10184
1513;10186
1507;10189
1498;10191
1494;10194
1490;10196
1490;10199
1498;10202
1509;10204
1506;10207
1491;10209
1478;10212
1464;10214
1450;10217
1441;10219
1441;10222
1448;10224
1458;10227
1478;10229
1502;10231
1514;10234
1510;10236
1509;10240
1513;10242
1520;10245
1521;10247
1515;10250
1508;10252
1502;10255
1488;10257
1479;10260
1474;10262
1471;10264
1474;10267
1483;10269
1488;10272
1484;10274
1471;10277
1460;10279
1457;10283
1462;10285
1467;10288
1466;10290
1462;10293
1464;10295
1466;10298
1468;10300
1461;10302
1451;10305
1461;10307
1491;10310
1521;10312
1529;10315
1517;10317
1503;10320
1494;10322
1491;10326
1493;10328
1501;10331
1510;10333
1510;10335
1504;10338
1505;10340
1505;10343
1494;10345
1480;10348
1469;10350
1460;10353
1451;10355
1446;10358
1444;10360
1448;10363
1445;10365
1447;10368
1459;10371
1461;10373
1458;10376
1460;10378
1467;10381
1476;10383
1487;10386
1501;10388
