1476;2
1476;4
1475;7
1476;9
1477;11
1481;13
1482;16
1483;18
1485;20
1488;23
1490;25
1492;27
1494;30
1492;32
1488;34
1485;37
1485;39
1482;41
1477;44
1473;47
1471;49
1470;51
1470;54
1469;56
1468;58
1469;61
1471;63
1473;65
1472;68
1471;70
1471;72
1469;74
1469;77
1470;79
1470;81
1471;84
1472;87
1473;89
1473;92
1474;94
1475;96
1478;99
1483;101
1493;103
1498;106
1502;108
1506;110
1497;113
1488;115
1481;117
1476;120
1472;122
1470;125
1472;128
1473;130
1471;133
1469;135
1469;137
1469;140
1470;142
1470;144
1470;147
1470;149
1470;152
1472;154
1478;156
1482;159
1479;161
1478;163
1478;166
1481;168
1479;171
1479;174
1480;176
1483;179
1488;181
1489;183
1490;186
1491;188
1489;190
1488;193
1490;195
1489;197
1487;200
1484;202
1477;205
1475;207
1476;209
1476;212
1476;215
1473;217
1470;220
1471;222
1471;224
1473;227
1474;229
1473;232
1473;234
1474;236
1474;239
1472;241
1471;243
1470;246
1470;248
1473;250
1477;253
1479;256
1483;258
1488;261
1495;263
1494;266
1494;268
1494;270
1493;273
1494;275
1494;277
1489;280
1484;282
1482;284
1479;287
1478;289
1478;292
1476;294
1474;296
1471;300
1470;302
1471;304
1474;307
1475;309
1477;311
1481;314
1483;316
1486;319
1489;321
1490;323
1486;326
1481;328
1479;330
1480;333
1481;335
1484;337
1486;340
1483;343
1483;346
1480;348
1480;350
1481;353
1484;355
1486;357
1488;360
1491;362
1496;364
1497;367
1495;369
1486;372
1482;374
1482;376
1481;379
1478;381
1478;384
1479;387
1477;389
1478;391
1479;394
1480;396
1480;399
1479;401
1479;403
1480;406
1484;408
1489;410
1493;413
1496;415
1500;417
1509;420
1517;422
1516;425
1512;428
1503;430
1499;433
1496;435
1493;437
1491;440
1488;442
1483;444
1482;447
1483;449
1483;452
1481;454
1478;456
1475;459
1474;461
1474;463
1472;466
1471;468
1471;471
1472;474
1475;476
1478;479
1479;481
1480;483
1481;486
1480;488
1479;490
1478;493
1477;495
1478;497
1483;500
1489;502
1494;505
1496;507
1501;509
1498;513
1497;515
1499;517
1501;520
1501;522
1503;524
1508;527
1504;529
1495;532
1492;534
1490;536
1488;539
1483;541
1483;543
1483;546
1481;548
1484;550
1486;553
1483;556
1480;559
1479;561
1477;563
1475;566
1474;568
1476;570
1476;573
1475;575
1474;577
1476;580
1478;582
1481;585
1484;587
1486;589
1487;592
1486;594
1485;596
1483;600
1482;602
1480;604
1480;607
1480;609
1482;612
1483;614
1481;616
1477;619
1475;621
1476;623
1480;626
1485;628
1492;630
1492;633
1480;635
1476;638
1476;641
1473;643
1471;646
1467;648
1464;650
1463;653
1463;655
1466;657
1470;660
1472;662
1472;665
1470;667
1469;669
1467;672
1466;674
1466;676
1467;679
1468;681
1473;684
1477;687
1480;689
1482;692
1482;694
1477;696
1474;699
1473;701
1472;703
1475;706
1476;708
1479;710
1481;713
1482;715
1485;718
1482;720
1478;722
1475;726
1473;728
1474;730
1475;733
1477;735
1480;737
1485;740
1492;742
1497;745
1500;747
1499;749
1490;752
1484;754
1481;756
1480;759
1480;761
1480;763
1481;766
1483;769
1486;772
1488;774
1487;776
1485;779
1484;781
1487;783
1490;786
1489;788
1485;790
1482;793
1483;795
1486;798
1487;800
1485;802
1485;805
1484;807
1480;809
1479;813
1480;815
1484;817
1488;820
1492;822
1487;825
1482;827
1481;829
1480;832
1482;834
1486;836
1489;839
1491;841
1488;843
1486;846
1486;848
1486;851
1484;854
1482;856
1483;859
1482;861
1481;863
1483;866
1485;868
1484;870
1480;873
1479;875
1480;878
1481;880
1482;882
1484;885
1484;887
1482;889
1487;892
1493;894
1497;897
1500;900
1494;902
1487;905
1485;907
1485;909
1484;912
1485;914
1487;916
1489;919
1488;921
1487;923
1484;926
1480;928
1478;931
1480;933
1485;935
1492;939
1495;941
1489;943
1481;946
1477;948
1476;950
1477;953
1481;955
1482;958
1480;960
1478;962
1476;965
1473;967
1472;969
1472;972
1474;974
1475;976
1477;979
1476;982
1478;985
1480;987
1483;989
1485;992
1487;994
1490;996
1488;999
1484;1001
1477;1003
1475;1006
1477;1008
1479;1011
1478;1013
1475;1016
1473;1018
1472;1020
1470;1024
1471;1026
1473;1029
1476;1031
1479;1033
1483;1036
1486;1038
1488;1041
1488;1043
1486;1045
1485;1048
1485;1050
1485;1053
1485;1055
1480;1058
1479;1060
1482;1062
1485;1065
1486;1068
1489;1071
1488;1073
1484;1075
1480;1078
1478;1080
1478;1083
1478;1085
1478;1087
1476;1090
1476;1092
1476;1095
1475;1097
1476;1100
1480;1102
1481;1104
1479;1107
1480;1110
1480;1113
1481;1115
1483;1117
1485;1120
1481;1122
1478;1125
1478;1127
1482;1129
1486;1132
1490;1134
1489;1137
1487;1139
1485;1142
1482;1144
1480;1146
1478;1149
1477;1152
1479;1155
1481;1157
1484;1159
1489;1162
1495;1164
1501;1167
1505;1169
1502;1171
1496;1174
1489;1176
1480;1179
1476;1181
1473;1184
1469;1186
1467;1188
1466;1191
1467;1193
1469;1197
1470;1199
1470;1201
1469;1204
1470;1206
1468;1209
1468;1211
1467;1214
1468;1216
1470;1218
1471;1221
1474;1223
1475;1226
1478;1228
1482;1230
1487;1233
1492;1235
1489;1239
1480;1241
1477;1243
1477;1246
1478;1248
1478;1251
1480;1253
1483;1256
1486;1258
1488;1260
1483;1263
1478;1265
1476;1268
1476;1270
1478;1272
1477;1275
1478;1277
1474;1281
1471;1283
1470;1285
1468;1288
1467;1290
1469;1293
1473;1295
1477;1298
1478;1300
1480;1302
1479;1305
1477;1307
1478;1310
1477;1312
1476;1314
1477;1317
1477;1319
1477;1323
1477;1325
1474;1327
1473;1330
1474;1332
1477;1335
1481;1337
1485;1340
1488;1342
1487;1344
1484;1347
1482;1349
1481;1352
1479;1354
1481;1356
1486;1359
1493;1361
1496;1364
1492;1367
1482;1369
1480;1372
1482;1374
1485;1377
1488;1379
1491;1382
1491;1384
1487;1386
1481;1389
1473;1391
1470;1394
1468;1396
1469;1398
1469;1401
1469;1403
1467;1406
1467;1409
1468;1411
1469;1414
1470;1416
1472;1419
1477;1421
1479;1424
1479;1426
1475;1428
1474;1431
1475;1433
1479;1436
1482;1438
1482;1440
1479;1443
1480;1445
1484;1448
1489;1451
1496;1453
1506;1456
1509;1458
1505;1461
1490;1463
1483;1466
1483;1468
1487;1470
1492;1473
1490;1475
1485;1478
1483;1480
1482;1482
1479;1485
1476;1487
1473;1490
1472;1492
1471;1496
1471;1498
1472;1500
1474;1503
1476;1505
1475;1508
1474;1510
1473;1512
1474;1515
1477;1517
1478;1520
1479;1522
1481;1524
1483;1527
1484;1529
1485;1532
1486;1534
1490;1538
1491;1540
1490;1542
1486;1545
1480;1547
1477;1550
1476;1552
1477;1554
1479;1557
1482;1559
1485;1562
1489;1564
1491;1566
1489;1569
1487;1571
1485;1574
1478;1576
1478;1580
1480;1582
1480;1584
1477;1587
1476;1589
1474;1592
1474;1594
1473;1596
1473;1599
1474;1601
1474;1604
1475;1606
1480;1608
1485;1611
1492;1613
1495;1616
1488;1618
1484;1622
1483;1624
1486;1626
1492;1629
1494;1631
1492;1634
1490;1636
1488;1638
1486;1641
1484;1643
1482;1646
1483;1648
1488;1650
1492;1653
1495;1655
1497;1658
1491;1660
1485;1664
1483;1666
1480;1668
1482;1671
1484;1673
1485;1676
1488;1678
1487;1680
1482;1683
1480;1685
1479;1688
1479;1690
1482;1692
1486;1695
1493;1697
1497;1700
1496;1702
1491;1705
1483;1708
1478;1710
1476;1713
1477;1715
1478;1718
1480;1720
1481;1722
1481;1725
1482;1727
1485;1730
1487;1732
1485;1734
1482;1737
1478;1739
1477;1742
1479;1744
1483;1747
1489;1750
1491;1752
1488;1755
1481;1757
1475;1760
1473;1762
1473;1764
1473;1767
1472;1769
1472;1772
1472;1774
1472;1777
1470;1779
1469;1781
1470;1784
1471;1786
1473;1789
1477;1792
1479;1794
1480;1797
1480;1799
1482;1802
1481;1804
1482;1806
1484;1809
1483;1811
1479;1814
1478;1816
1478;1819
1481;1821
1482;1823
1480;1826
1477;1828
1479;1831
1486;1833
1491;1836
1491;1839
1488;1841
1487;1844
1487;1846
1487;1848
1486;1851
1486;1853
1484;1856
1483;1858
1478;1861
1476;1863
1476;1865
1478;1868
1479;1870
1477;1873
1475;1875
1475;1878
1479;1881
1486;1883
1492;1886
1497;1888
1494;1890
1491;1893
1487;1895
1487;1898
1488;1900
1492;1903
1502;1905
1515;1907
1523;1910
1529;1912
1520;1915
1506;1917
1495;1920
1486;1923
1484;1925
1485;1928
1482;1930
1479;1932
1479;1935
1477;1937
1478;1940
1479;1942
1479;1945
1478;1947
1476;1949
1472;1952
1471;1954
1469;1957
1469;1959
1470;1961
1472;1965
1473;1967
1475;1970
1477;1972
1480;1974
1480;1977
1479;1979
1478;1982
1481;1984
1488;1987
1495;1989
1496;1991
1498;1994
1498;1996
1497;1999
1496;2001
1489;2003
1480;2007
1475;2009
1475;2012
1480;2014
1483;2016
1484;2019
1482;2021
1481;2024
1477;2026
1475;2029
1472;2031
1470;2033
1468;2036
1467;2038
1465;2041
1463;2043
1464;2045
1465;2049
1467;2051
1471;2054
1473;2056
1474;2058
1472;2061
1471;2063
1470;2066
1471;2068
1477;2071
1485;2073
1492;2075
1496;2078
1497;2080
1492;2083
1485;2085
1482;2087
1480;2091
1480;2093
1480;2096
1480;2098
1475;2101
1470;2103
1469;2105
1468;2108
1467;2110
1467;2113
1468;2115
1471;2117
1474;2120
1475;2122
1470;2125
1469;2127
1467;2129
1465;2132
1464;2135
1465;2138
1466;2140
1470;2143
1474;2145
1472;2147
1470;2150
1469;2152
1465;2155
1466;2157
1470;2159
1475;2162
1482;2164
1492;2167
1497;2169
1498;2171
1498;2174
1500;2177
1502;2180
1496;2182
1495;2185
1496;2187
1492;2189
1484;2192
1479;2194
1476;2197
1476;2199
1478;2201
1480;2204
1480;2206
1479;2209
1476;2211
1478;2213
1481;2216
1483;2219
1485;2222
1485;2224
1481;2227
1481;2229
1482;2231
1483;2234
1483;2236
1482;2239
1483;2241
1488;2243
1494;2246
1499;2248
1502;2251
1505;2253
1507;2255
1502;2258
1493;2260
1487;2264
1481;2266
1479;2269
1478;2271
1477;2273
1478;2276
1478;2278
1480;2281
1480;2283
1479;2285
1477;2288
1476;2290
1477;2293
1477;2295
1475;2297
1475;2300
1480;2302
1483;2306
1486;2308
1489;2311
1486;2313
1479;2315
1474;2318
1471;2320
1470;2323
1469;2325
1471;2327
1475;2330
1483;2332
1491;2335
1493;2337
1488;2340
1484;2342
1484;2344
1483;2348
1482;2350
1479;2353
1479;2355
1480;2357
1483;2360
1486;2362
1490;2365
1489;2367
1484;2369
1483;2372
1488;2374
1494;2377
1497;2379
1497;2382
1494;2384
1488;2386
1482;2390
1478;2392
1476;2395
1476;2397
1475;2399
1476;2402
1479;2404
1484;2407
1491;2409
1495;2411
1495;2414
1488;2416
1481;2419
1477;2421
1472;2424
1472;2426
1470;2428
1468;2432
1467;2434
1466;2437
1467;2439
1468;2441
1469;2444
1471;2446
1473;2449
1473;2451
1476;2453
1483;2456
1495;2458
1506;2461
1508;2463
1501;2466
1495;2468
1492;2470
1493;2473
1496;2476
1504;2479
1507;2481
1502;2483
1494;2486
1488;2488
1485;2491
1485;2493
1486;2495
1484;2498
1481;2500
1478;2503
1474;2505
1471;2508
1471;2510
1473;2512
1475;2515
1476;2518
1475;2521
1472;2523
1471;2525
1472;2528
1477;2530
1485;2533
1494;2535
1505;2537
1513;2540
1525;2542
1526;2545
1520;2547
1513;2550
1506;2552
1501;2554
1502;2557
1505;2560
1511;2563
1508;2565
1501;2567
1502;2570
1506;2572
1508;2575
1504;2577
1493;2580
1494;2582
1501;2584
1516;2587
1523;2589
1525;2592
1519;2594
1511;2596
1511;2599
1514;2601
1505;2605
1507;2607
1513;2609
1514;2612
1506;2614
1509;2617
1516;2619
1534;2622
1556;2624
1585;2626
1604;2629
1607;2631
1614;2634
1608;2636
1587;2638
1579;2641
1580;2643
1578;2647
1565;2649
1550;2651
1552;2654
1557;2656
1563;2659
1558;2661
1548;2664
1536;2666
1546;2668
1545;2671
1558;2673
1566;2676
1545;2678
1525;2680
1515;2683
1509;2685
1508;2689
1522;2691
1529;2693
1525;2696
1501;2698
1481;2701
1471;2703
1472;2706
1483;2708
1497;2710
1513;2713
1525;2715
1534;2718
1526;2720
1491;2722
1460;2725
1446;2727
1439;2731
1439;2733
1429;2735
1414;2738
1414;2740
1429;2743
1435;2745
1432;2748
1425;2750
1417;2752
1415;2755
1428;2757
1442;2760
1468;2762
1494;2764
1539;2767
1574;2769
1590;2772
1571;2775
1549;2778
1517;2780
1475;2782
1448;2785
1443;2787
1441;2790
1442;2792
1439;2794
1438;2797
1437;2799
1435;2802
1432;2804
1438;2806
1459;2809
1476;2811
1482;2814
1473;2817
1463;2820
1464;2822
1463;2824
1453;2827
1443;2829
1441;2832
1456;2834
1481;2836
1489;2839
1475;2841
1474;2844
1472;2846
1474;2848
1455;2851
1433;2853
1421;2856
1436;2859
1457;2862
1494;2864
1505;2866
1483;2869
1455;2871
1439;2874
1429;2876
1423;2878
1429;2881
1445;2883
1465;2886
1510;2888
1523;2890
1536;2893
1532;2895
1517;2898
1515;2900
1527;2904
1540;2906
1543;2908
1533;2911
1514;2913
1511;2916
1525;2918
1535;2920
1542;2923
1525;2925
1513;2928
1507;2930
1507;2932
1516;2935
1533;2937
1539;2940
1539;2942
1531;2946
1499;2948
1484;2950
1486;2953
1494;2955
1512;2958
1529;2960
1541;2962
1569;2965
1601;2967
1626;2970
1630;2972
1602;2974
1578;2977
1565;2979
1551;2982
1536;2984
1548;2988
1542;2990
1516;2992
1491;2995
1463;2997
1462;3000
1481;3002
1508;3004
1519;3007
1535;3009
1524;3012
1483;3014
1452;3016
1458;3019
1475;3021
1464;3024
1454;3026
1462;3030
1484;3032
1510;3034
1515;3037
1528;3039
1529;3042
1535;3044
1513;3046
1505;3049
1503;3051
1493;3054
1469;3056
1441;3059
1424;3061
1418;3063
1420;3066
1425;3068
1421;3072
1419;3074
1423;3076
1430;3079
1443;3081
1441;3084
1433;3086
1438;3088
1468;3091
1489;3093
1450;3096
1402;3098
1385;3101
1389;3103
1413;3105
1437;3108
1450;3110
1456;3113
1476;3116
1492;3118
1474;3121
1460;3123
1456;3126
1451;3128
1455;3130
1461;3133
1449;3135
1437;3138
1433;3140
1401;3143
1381;3145
1395;3147
1419;3150
1444;3152
1442;3155
1418;3158
1416;3160
1416;3163
1425;3165
1453;3168
1491;3170
1501;3172
1460;3175
1426;3177
1425;3180
1430;3182
1439;3185
1425;3187
1431;3189
1466;3192
1470;3194
1454;3197
1454;3200
1446;3202
1437;3205
1449;3207
1479;3210
1477;3212
1425;3214
1388;3217
1386;3219
1395;3222
1404;3224
1420;3227
1430;3229
1440;3231
1449;3234
1437;3236
1435;3239
1437;3241
1429;3244
1425;3247
1437;3249
1460;3252
1475;3254
1478;3256
1479;3259
1481;3261
1475;3264
1454;3266
1434;3269
1416;3271
1401;3273
1391;3276
1395;3278
1415;3281
1433;3283
1442;3286
1446;3289
1444;3291
1453;3294
1448;3296
1430;3298
1410;3301
1423;3303
1463;3306
1512;3308
1531;3311
1519;3313
1504;3315
1502;3318
1498;3320
1494;3323
1464;3325
1454;3328
1463;3331
1470;3333
1455;3336
1459;3338
1475;3341
1490;3343
1514;3345
1541;3348
1518;3350
1479;3353
1450;3355
1431;3357
1424;3360
1433;3362
1449;3365
1477;3367
1514;3369
1574;3373
1606;3375
1564;3378
1509;3380
1485;3383
1480;3385
1492;3387
1494;3390
1475;3392
1456;3395
1474;3397
1504;3399
1496;3402
1475;3404
1457;3407
1453;3409
1472;3411
1503;3415
1508;3417
1487;3420
1447;3422
1441;3425
1466;3427
1510;3429
1538;3432
1502;3434
1462;3437
1458;3439
1453;3441
1471;3444
1532;3446
1591;3449
1617;3451
1590;3453
1531;3457
1497;3459
1470;3462
1481;3464
1511;3467
1529;3469
1514;3471
1483;3474
1475;3476
1482;3479
1503;3481
1527;3483
1531;3486
1525;3488
1502;3491
1483;3493
1476;3495
1490;3499
1513;3501
1527;3504
1525;3506
1517;3509
1507;3511
1509;3513
1496;3516
1476;3518
1461;3521
1447;3523
1464;3525
1490;3528
1515;3530
1510;3533
1511;3535
1524;3537
1518;3540
1504;3543
1513;3546
1551;3548
1595;3551
1596;3553
1527;3555
1510;3558
1510;3560
1510;3563
1510;3565
1512;3567
1526;3570
1545;3572
1546;3575
1573;3577
1584;3580
1574;3582
1563;3585
1544;3588
1521;3590
1488;3593
1465;3595
1458;3597
1459;3600
1460;3602
1466;3605
1470;3607
1470;3609
1451;3612
1426;3614
1425;3617
1422;3619
1426;3622
1438;3624
1451;3627
1458;3630
1463;3632
1455;3635
1479;3637
1497;3639
1520;3642
1549;3644
1570;3647
1566;3649
1542;3651
1498;3654
1483;3656
1485;3659
1499;3661
1472;3664
1442;3666
1441;3668
1459;3672
1467;3674
1473;3677
1472;3679
1491;3681
1488;3684
1467;3686
1451;3689
1444;3691
1455;3693
1463;3696
1446;3698
1425;3701
1425;3703
1440;3706
1456;3708
1474;3710
1469;3714
1479;3716
1501;3719
1515;3721
1519;3723
1527;3726
1528;3728
1547;3731
1558;3733
1582;3736
1539;3738
1523;3740
1541;3743
1538;3745
1532;3748
1486;3750
1459;3752
1471;3756
1488;3758
1523;3761
1537;3763
1499;3765
1485;3768
1499;3770
1513;3773
1511;3775
1490;3778
1483;3780
1472;3782
1473;3785
1480;3787
1497;3790
1529;3792
1561;3794
1608;3798
1647;3800
1650;3803
1647;3805
1629;3807
1608;3810
1566;3812
1563;3815
1573;3817
1585;3820
1563;3822
1545;3824
1540;3827
1528;3829
1517;3832
1517;3834
1529;3836
1533;3840
1549;3842
1577;3845
1598;3847
1598;3849
1566;3852
1543;3854
1528;3857
1505;3859
1490;3862
1504;3864
1520;3866
1522;3869
1529;3871
1542;3874
1543;3876
1520;3878
1511;3881
1522;3884
1515;3887
1522;3889
1540;3891
1539;3894
1548;3896
1568;3899
1590;3901
1617;3904
1580;3906
1539;3908
1530;3911
1516;3913
1490;3916
1482;3918
1494;3920
1512;3923
1538;3926
1574;3929
1582;3931
1563;3934
1551;3936
1545;3938
1529;3941
1506;3943
1500;3946
1517;3948
1540;3950
1549;3953
1545;3955
1542;3958
1548;3960
1559;3962
1587;3965
1622;3968
1613;3971
1585;3973
1561;3976
1527;3978
1487;3980
1468;3983
1461;3985
1461;3988
1481;3990
1519;3992
1528;3995
1543;3997
1529;4000
1497;4002
1472;4004
1461;4007
1474;4009
1475;4013
1460;4015
1475;4018
1499;4020
1501;4022
1501;4025
1499;4027
1474;4030
1426;4032
1413;4034
1408;4037
1408;4039
1407;4042
1401;4044
1411;4046
1426;4049
1447;4051
1446;4055
1443;4057
1439;4060
1441;4062
1420;4064
1378;4067
1371;4069
1382;4072
1398;4074
1409;4076
1426;4079
1442;4081
1434;4084
1426;4086
1417;4088
1413;4091
1410;4093
1411;4097
1436;4099
1450;4102
1456;4104
1442;4106
1399;4109
1370;4111
1378;4114
1387;4116
1379;4118
1345;4121
1328;4123
1306;4126
1310;4128
1324;4130
1329;4133
1320;4135
1311;4139
1324;4141
1337;4144
1355;4146
1374;4148
1411;4151
1422;4153
1421;4156
1418;4158
1438;4160
1433;4163
1426;4165
1421;4168
1409;4170
1377;4172
1374;4175
1388;4177
1413;4180
1425;4183
1438;4186
1451;4188
1442;4190
1410;4193
1383;4195
1368;4198
1352;4200
1339;4202
1335;4205
1346;4207
1358;4210
1360;4212
1383;4215
1402;4217
1430;4219
1436;4222
1435;4225
1448;4228
1476;4230
1460;4232
1420;4235
1417;4237
1423;4240
1431;4242
1424;4244
1406;4247
1397;4249
1391;4252
1401;4254
1419;4257
1456;4259
1470;4261
1462;4264
1430;4267
1393;4270
1367;4272
1361;4274
1364;4277
1368;4279
1360;4282
1367;4284
1396;4286
1416;4289
1444;4291
1449;4294
1432;4296
1423;4299
1417;4301
1412;4303
1405;4306
1405;4308
1404;4312
1417;4314
1435;4316
1442;4319
1455;4321
1474;4324
1467;4326
1469;4328
1436;4331
1399;4333
1381;4336
1383;4338
1389;4341
1392;4343
1398;4345
1412;4348
1414;4350
1409;4354
1408;4356
1415;4358
1421;4361
1440;4363
1448;4366
1449;4368
1456;4370
1456;4373
1462;4375
1452;4378
1450;4380
1487;4383
1519;4385
1505;4387
1463;4390
1435;4392
1432;4396
1449;4398
1470;4400
1465;4403
1444;4405
1441;4408
1445;4410
1458;4413
1469;4415
1478;4417
1484;4420
1473;4422
1461;4425
1447;4427
1444;4429
1449;4432
1465;4434
1475;4438
1468;4440
1480;4442
1504;4445
1519;4447
1515;4450
1496;4452
1503;4455
1527;4457
1547;4459
1559;4462
1560;4464
1548;4467
1542;4469
1553;4471
1582;4474
1595;4476
1543;4480
1491;4482
1465;4484
1452;4487
1440;4489
1448;4492
1473;4494
1498;4497
1492;4499
1503;4501
1515;4504
1516;4506
1521;4509
1507;4511
1487;4513
1465;4516
1464;4518
1473;4521
1481;4524
1500;4526
1507;4529
1501;4531
1503;4534
1502;4536
1492;4539
1500;4541
1538;4543
1584;4546
1588;4548
1554;4551
1493;4553
1488;4555
1496;4558
1510;4560
1511;4563
1513;4566
1521;4569
1502;4571
1487;4573
1477;4576
1446;4578
1430;4581
1429;4583
1437;4585
1447;4588
1458;4590
1474;4593
1498;4595
1506;4597
1483;4600
1439;4602
1417;4605
1413;4608
1429;4611
1465;4613
1488;4615
1506;4618
1498;4620
1477;4623
1488;4625
1511;4627
1549;4630
1556;4632
1539;4635
1500;4637
1452;4639
1444;4642
1455;4644
1481;4647
1495;4649
1479;4653
1454;4655
1441;4657
1414;4660
1404;4662
1400;4665
1393;4667
1392;4669
1391;4672
1392;4674
1400;4677
1423;4679
1437;4681
1424;4684
1416;4686
1427;4689
1453;4691
1474;4695
1461;4697
1453;4699
1466;4702
1510;4704
1543;4707
1558;4709
1530;4711
1486;4714
1478;4716
1483;4719
1480;4721
1484;4723
1479;4726
1462;4728
1467;4731
1480;4733
1503;4737
1489;4739
1485;4741
1482;4744
1465;4746
1449;4749
1428;4751
1416;4753
1415;4756
1412;4758
1422;4761
1437;4763
1451;4765
1460;4768
1459;4770
1447;4773
1431;4775
1439;4779
1471;4781
1511;4783
1529;4786
1502;4788
1477;4791
1475;4793
1476;4795
1479;4798
1475;4800
1463;4803
1448;4805
1456;4807
1467;4810
1463;4812
1444;4815
1427;4817
1432;4820
1447;4823
1454;4825
1446;4828
1442;4830
1439;4833
1437;4835
1451;4837
1476;4840
1509;4842
1539;4845
1578;4847
1591;4850
1596;4852
1576;4854
1562;4857
1563;4859
1565;4862
1579;4865
1564;4867
1546;4870
1523;4872
1506;4875
1495;4877
1492;4879
1508;4882
1526;4884
1534;4887
1515;4889
1488;4892
1490;4894
1489;4896
1492;4899
1497;4901
1502;4904
1493;4907
1460;4909
1452;4912
1457;4914
1457;4917
1456;4919
1457;4921
1467;4924
1492;4926
1523;4929
1544;4931
1563;4934
1570;4936
1571;4938
1563;4941
1530;4943
1512;4946
1517;4948
1526;4951
1532;4954
1513;4956
1483;4959
1478;4961
1484;4963
1496;4966
1493;4968
1483;4971
1477;4973
1480;4976
1491;4978
1502;4980
1522;4983
1536;4985
1515;4988
1493;4990
1474;4993
1462;4996
1479;4998
1502;5001
1522;5003
1517;5005
1510;5008
1551;5010
1580;5013
1573;5015
1535;5018
1486;5020
1476;5022
1485;5025
1508;5027
1505;5030
1466;5032
1436;5035
1433;5038
1438;5040
1447;5043
1456;5045
1463;5048
1477;5050
1500;5052
1522;5055
1515;5057
1501;5060
1489;5062
1489;5064
1513;5067
1555;5069
1564;5072
1565;5074
1559;5076
1552;5080
1549;5082
1554;5085
1562;5087
1545;5090
1503;5092
1484;5094
1492;5097
1498;5099
1497;5102
1463;5104
1427;5106
1417;5109
1427;5111
1431;5114
1432;5116
1456;5118
1481;5122
1509;5124
1528;5127
1524;5129
1525;5132
1495;5134
1480;5136
1476;5139
1485;5141
1492;5144
1515;5146
1530;5148
1521;5151
1514;5153
1507;5156
1507;5158
1499;5160
1470;5164
1458;5166
1462;5169
1472;5171
1478;5174
1472;5176
1455;5178
1460;5181
1472;5183
1478;5186
1476;5188
1453;5190
1433;5193
1429;5195
1428;5198
1438;5200
1476;5202
1533;5206
1572;5208
1567;5211
1500;5213
1457;5216
1440;5218
1431;5220
1427;5223
1418;5225
1418;5228
1424;5230
1441;5232
1483;5235
1533;5237
1585;5240
1576;5242
1511;5244
1458;5248
1423;5250
1401;5253
1395;5255
1396;5258
1400;5260
1407;5262
1406;5265
1409;5267
1409;5270
1403;5272
1407;5274
1409;5277
1416;5279
1441;5282
1464;5284
1475;5287
1477;5289
1471;5292
1483;5295
1506;5297
1506;5300
1500;5302
1498;5304
1475;5307
1453;5309
1449;5312
1447;5314
1438;5316
1438;5319
1445;5321
1476;5324
1507;5326
1519;5329
1527;5331
1486;5334
1437;5337
1424;5339
1431;5342
1446;5344
1432;5346
1407;5349
1410;5351
1425;5354
1450;5356
1468;5358
1456;5361
1444;5363
1443;5366
1443;5368
1454;5371
1451;5373
1463;5376
1469;5379
1475;5381
1473;5384
1479;5386
1506;5388
1522;5391
1511;5393
1472;5396
1449;5398
1443;5400
1437;5403
1447;5405
1451;5408
1447;5410
1478;5413
1528;5415
1556;5417
1526;5421
1530;5423
1544;5426
1562;5428
1558;5430
1532;5433
1491;5435
1461;5438
1450;5440
1456;5442
1477;5445
1492;5447
1510;5450
1492;5452
1457;5455
1446;5457
1444;5459
1442;5463
1452;5465
1459;5468
1460;5470
1449;5472
1441;5475
1447;5477
1449;5480
1465;5482
1476;5485
1485;5487
1499;5489
1503;5492
1527;5494
1549;5497
1548;5499
1548;5501
1511;5505
1480;5507
1449;5510
1450;5512
1461;5514
1458;5517
1434;5519
1428;5522
1428;5524
1439;5527
1430;5529
1414;5531
1392;5534
1400;5536
1424;5539
1461;5541
1475;5543
1485;5547
1472;5549
1451;5552
1441;5554
1441;5556
1450;5559
1457;5561
1443;5564
1432;5566
1424;5569
1426;5571
1425;5573
1416;5576
1402;5578
1402;5581
1421;5583
1462;5585
1505;5588
1509;5591
1480;5594
1469;5596
1453;5598
1468;5601
1482;5603
1477;5606
1462;5608
1435;5611
1416;5613
1402;5615
1395;5618
1395;5620
1402;5623
1418;5625
1425;5627
1431;5630
1436;5633
1452;5636
1463;5638
1479;5640
1476;5643
1487;5645
1492;5648
1495;5650
1521;5653
1535;5655
1532;5657
1500;5660
1456;5662
1455;5665
1466;5667
1485;5669
1473;5672
1448;5675
1435;5678
1436;5680
1450;5683
1471;5685
1497;5687
1517;5690
1542;5692
1551;5695
1507;5697
1477;5699
1464;5702
1467;5704
1485;5707
1483;5709
1468;5711
1471;5714
1470;5716
1473;5720
1469;5722
1467;5725
1463;5727
1465;5729
1478;5732
1495;5734
1496;5737
1498;5739
1513;5741
1509;5744
1484;5746
1455;5749
1444;5751
1441;5753
1449;5756
1471;5758
1488;5762
1491;5764
1487;5767
1465;5769
1437;5771
1428;5774
1420;5776
1410;5779
1415;5781
1431;5783
1451;5786
1470;5788
1493;5791
1495;5793
1492;5795
1496;5798
1500;5800
1499;5804
1486;5806
1468;5809
1461;5811
1461;5813
1470;5816
1485;5818
1507;5821
1518;5823
1516;5825
1508;5828
1513;5830
1502;5833
1498;5835
1492;5837
1496;5840
1506;5842
1514;5846
1514;5848
1514;5851
1521;5853
1548;5855
1559;5858
1541;5860
1530;5863
1548;5865
1577;5867
1607;5870
1602;5872
1574;5875
1526;5877
1498;5879
1489;5882
1484;5884
1486;5888
1492;5890
1492;5893
1482;5895
1468;5897
1459;5900
1463;5902
1462;5905
1465;5907
1462;5909
1466;5912
1495;5914
1531;5917
1580;5919
1588;5922
1572;5924
1546;5926
1525;5929
1536;5932
1557;5935
1571;5937
1565;5939
1556;5942
1570;5944
1599;5947
1593;5949
1536;5951
1498;5954
1500;5956
1508;5959
1535;5961
1565;5964
1545;5966
1507;5968
1476;5971
1460;5974
1440;5977
1423;5979
1424;5981
1434;5984
1447;5986
1471;5989
1504;5991
1511;5993
1514;5996
1521;5998
1528;6001
1531;6003
1537;6006
1565;6008
1600;6010
1613;6013
1579;6016
1551;6019
1541;6021
1519;6023
1493;6026
1497;6028
1510;6031
1534;6033
1542;6035
1524;6038
1500;6040
1485;6043
1465;6045
1463;6048
1457;6050
1461;6052
1464;6055
1457;6057
1446;6061
1446;6063
1456;6065
1464;6068
1494;6070
1525;6073
1537;6075
1526;6077
1531;6080
1532;6082
1505;6085
1511;6087
1500;6090
1481;6092
1477;6094
1498;6097
1527;6099
1526;6103
1516;6105
1500;6107
1495;6110
1492;6112
1496;6115
1494;6117
1491;6120
1489;6122
1503;6124
1494;6127
1474;6129
1461;6132
1456;6134
1447;6136
1441;6139
1444;6141
1447;6145
1457;6147
1457;6149
1449;6152
1455;6154
1472;6157
1502;6159
1522;6162
1544;6164
1556;6166
1553;6169
1501;6171
1462;6174
1453;6176
1456;6178
1470;6181
1476;6183
1475;6187
1460;6189
1447;6191
1440;6194
1441;6196
1444;6199
1448;6201
1446;6204
1453;6206
1471;6208
1485;6211
1495;6213
1487;6216
1468;6218
1462;6220
1463;6223
1475;6225
1486;6228
1477;6231
1444;6233
1434;6236
1447;6238
1462;6241
1471;6243
1477;6246
1481;6248
1490;6250
1491;6253
1494;6255
1521;6258
1536;6260
1540;6262
1533;6265
1513;6267
1502;6270
1504;6273
1498;6275
1488;6278
1482;6280
1477;6283
1485;6285
1496;6288
1514;6290
1512;6292
1503;6295
1505;6297
1518;6300
1525;6302
1529;6304
1543;6307
1530;6309
1503;6312
1504;6315
1504;6318
1492;6320
1478;6322
1448;6325
1436;6327
1427;6330
1437;6332
1458;6334
1473;6337
1466;6339
1442;6342
1440;6344
1452;6346
1470;6349
1482;6351
1467;6354
1459;6356
1466;6360
1489;6362
1512;6364
1513;6367
1512;6369
1516;6372
1500;6374
1479;6376
1465;6379
1466;6381
1480;6384
1497;6386
1507;6388
1511;6391
1512;6393
1485;6396
1456;6398
1432;6402
1421;6404
1418;6406
1417;6409
1426;6411
1422;6414
1416;6416
1420;6418
1434;6421
1451;6423
1467;6426
1472;6428
1467;6430
1469;6433
1468;6435
1487;6438
1513;6440
1530;6444
1537;6446
1527;6448
1493;6451
1491;6453
1501;6456
1501;6458
1498;6460
1501;6463
1528;6465
1550;6468
1587;6470
1577;6472
1538;6475
1519;6477
1511;6480
1500;6482
1506;6486
1501;6488
1493;6490
1497;6493
1501;6495
1526;6498
1552;6500
1568;6502
1596;6505
1590;6507
1583;6510
1598;6512
1629;6515
1711;6517
1754;6519
1765;6522
1738;6524
1700;6528
1695;6530
1695;6532
1660;6535
1618;6537
1584;6540
1558;6542
1546;6544
1549;6547
1562;6549
1538;6552
1541;6554
1535;6557
1492;6559
1439;6561
1425;6564
1428;6566
1442;6569
1464;6572
1473;6574
1461;6577
1435;6579
1429;6582
1423;6584
1443;6586
1469;6589
1506;6591
1486;6594
1442;6596
1422;6599
1406;6601
1402;6603
1423;6606
1439;6608
1442;6611
1438;6614
1435;6616
1447;6619
1458;6621
1451;6624
1438;6626
1419;6628
1409;6631
1406;6633
1406;6636
1418;6638
1458;6641
1502;6643
1507;6645
1448;6648
1399;6650
1378;6653
1377;6656
1393;6658
1399;6661
1405;6663
1389;6666
1374;6668
1388;6670
1411;6673
1439;6675
1455;6678
1473;6680
1516;6683
1509;6685
1457;6687
1422;6690
1405;6692
1393;6695
1396;6697
1397;6700
1414;6703
1445;6705
1432;6708
1401;6710
1391;6712
1408;6715
1440;6717
1476;6720
1481;6722
1435;6725
1411;6727
1397;6729
1388;6732
1392;6734
1405;6737
1424;6739
1448;6742
1474;6745
1492;6747
1490;6750
1486;6752
1502;6754
1522;6757
1539;6759
1551;6762
1586;6764
1631;6767
1642;6769
1589;6771
1532;6774
1512;6776
1516;6779
1524;6781
1521;6784
1504;6787
1482;6789
1466;6792
1461;6794
1459;6797
1465;6799
1467;6801
1471;6804
1469;6806
1478;6809
1486;6811
1481;6813
1473;6816
1466;6818
1454;6821
1451;6823
1435;6825
1423;6829
1406;6831
1394;6834
1394;6836
1385;6839
1387;6841
1380;6843
1384;6846
1401;6848
1415;6851
1406;6853
1389;6855
1384;6858
1387;6860
1388;6863
1392;6865
1422;6867
1448;6871
1475;6873
1469;6876
1445;6878
1419;6881
1412;6883
1406;6885
1396;6888
1387;6890
1390;6893
1392;6895
1388;6897
1384;6900
1396;6902
1433;6905
1474;6907
1484;6909
1435;6913
1409;6915
1399;6918
1400;6920
1409;6923
1417;6925
1434;6927
1466;6930
1474;6932
1465;6935
1430;6937
1415;6939
1431;6942
1477;6944
1503;6947
1524;6949
1548;6951
1556;6955
1577;6957
1604;6960
1649;6962
1671;6965
1633;6967
1582;6969
1541;6972
1535;6974
1528;6977
1532;6979
1532;6981
1521;6984
1519;6986
1485;6989
1459;6991
1456;6994
1453;6996
1451;6999
1456;7002
1463;7004
1452;7007
1437;7009
1449;7011
1474;7014
1472;7016
1470;7019
1486;7021
1517;7023
1555;7026
1501;7028
1455;7031
1454;7033
1463;7036
1482;7038
1480;7041
1485;7044
1528;7046
1556;7049
1572;7051
1574;7053
1575;7056
1601;7058
1595;7061
1515;7063
1466;7065
1453;7068
1468;7070
1509;7073
1527;7075
1508;7078
1472;7080
1434;7083
1428;7086
1432;7088
1434;7091
1424;7093
1418;7095
1425;7098
1426;7100
1424;7103
1412;7105
1414;7107
1428;7110
1450;7112
1463;7115
1445;7117
1423;7120
1433;7122
1462;7124
1488;7128
1484;7130
1440;7133
1428;7135
1440;7137
1442;7140
1443;7142
1436;7145
1419;7147
1412;7149
1418;7152
1418;7154
1403;7157
1406;7159
1405;7162
1396;7164
1398;7166
1407;7170
1431;7172
1447;7175
1457;7177
1469;7179
1475;7182
1458;7184
1440;7187
1443;7189
1447;7192
1440;7194
1423;7196
1430;7199
1439;7201
1450;7204
1460;7206
1435;7208
1423;7212
1410;7214
1405;7217
1410;7219
1442;7221
1469;7224
1491;7226
1473;7229
1445;7231
1456;7234
1469;7236
1454;7238
1437;7241
1417;7243
1415;7246
1428;7248
1446;7250
1485;7254
1494;7256
1470;7259
1456;7261
1441;7263
1447;7266
1446;7268
1424;7271
1408;7273
1396;7276
1405;7278
1423;7280
1444;7283
1445;7285
1432;7288
1436;7290
1454;7292
1488;7296
1507;7298
1465;7301
1427;7303
1419;7305
1412;7308
1407;7310
1402;7313
1411;7315
1445;7318
1494;7320
1530;7322
1547;7325
1531;7327
1498;7330
1455;7332
1440;7334
1448;7337
1453;7340
1469;7343
1493;7345
1543;7347
1594;7350
1602;7352
1554;7355
1499;7357
1447;7360
1427;7362
1413;7364
1412;7367
1417;7369
1424;7372
1432;7374
1447;7376
1454;7379
1453;7382
1449;7385
1434;7387
1440;7389
1470;7392
1506;7394
1550;7397
1589;7399
1547;7402
1521;7404
1527;7406
1545;7409
1546;7411
1523;7414
1500;7416
1486;7418
1500;7421
1523;7424
1532;7427
1533;7429
1503;7432
1481;7434
1475;7436
1469;7439
1477;7441
1507;7444
1513;7446
1496;7448
1476;7451
1473;7453
1492;7456
1503;7458
1500;7460
1484;7463
1465;7465
1469;7469
1493;7471
1504;7474
1505;7476
1542;7478
1573;7481
1585;7483
1608;7486
1598;7488
1578;7490
1536;7493
1516;7495
1506;7498
1513;7500
1529;7502
1558;7505
1569;7507
1561;7511
1531;7513
1518;7516
1539;7518
1566;7520
1559;7523
1554;7525
1537;7528
1525;7530
1525;7532
1536;7535
1536;7537
1543;7540
1556;7542
1544;7545
1530;7547
1517;7549
1496;7553
1482;7555
1490;7558
1514;7560
1543;7562
1548;7565
1524;7567
1511;7570
1516;7572
1525;7574
1527;7577
1508;7579
1497;7582
1488;7584
1492;7587
1485;7589
1480;7591
1480;7595
1488;7597
1512;7600
1534;7602
1565;7604
1585;7607
1586;7609
1590;7612
1566;7614
1560;7616
1559;7619
1542;7621
1525;7624
1510;7626
1502;7629
1501;7631
1499;7633
1496;7636
1496;7639
1518;7642
1521;7644
1511;7646
1509;7649
1495;7651
1486;7654
1483;7656
1483;7658
1481;7661
1472;7663
1450;7666
1424;7668
1430;7671
1466;7673
1492;7675
1500;7678
1498;7681
1512;7684
1508;7686
1494;7688
1483;7691
1505;7693
1523;7696
1549;7698
1565;7701
1568;7703
1585;7705
1541;7708
1509;7710
1514;7713
1504;7715
1504;7717
1488;7720
1459;7723
1443;7726
1434;7728
1420;7730
1427;7733
1449;7735
1448;7738
1442;7740
1434;7743
1438;7745
1449;7747
1477;7750
1501;7752
1519;7755
1528;7757
1524;7759
1478;7762
1450;7764
1445;7768
1455;7770
1479;7772
1505;7775
1490;7777
1462;7780
1449;7782
1462;7785
1490;7787
1524;7789
1530;7792
1506;7794
1473;7797
1461;7799
1439;7801
1422;7804
1424;7806
1445;7810
1461;7812
1440;7814
1431;7817
1444;7819
1482;7822
1494;7824
1476;7827
1458;7829
1440;7831
1452;7834
1475;7836
1502;7839
1507;7841
1498;7843
1490;7846
1483;7848
1483;7852
1489;7854
1488;7856
1476;7859
1503;7861
1540;7864
1531;7866
1487;7869
1460;7871
1442;7873
1430;7876
1438;7878
1440;7881
1435;7883
1434;7885
1436;7888
1454;7890
1471;7894
1497;7896
1511;7898
1515;7901
1528;7903
1514;7906
1497;7908
1508;7911
1516;7913
1520;7915
1518;7918
1525;7920
1538;7923
1521;7925
1522;7927
1509;7930
1524;7932
1521;7936
1508;7938
1493;7941
1467;7943
1452;7945
1446;7948
1435;7950
1429;7953
1431;7955
1446;7957
1431;7960
1425;7962
1441;7965
1452;7967
1467;7969
1466;7972
1457;7974
1471;7977
1505;7980
1536;7983
1558;7985
1573;7987
1608;7990
1639;7992
1614;7995
1533;7997
1492;7999
1476;8002
1480;8004
1496;8007
1521;8009
1535;8011
1544;8014
1528;8016
1499;8019
1467;8022
1431;8025
1417;8027
1415;8029
1415;8032
1419;8034
1417;8037
1425;8039
1436;8041
1450;8044
1458;8046
1458;8049
1450;8051
1442;8053
1447;8056
1470;8058
1514;8061
1543;8064
1573;8067
1595;8069
1596;8071
1580;8074
1567;8076
1546;8079
1538;8081
1532;8083
1516;8086
1505;8088
1482;8091
1481;8093
1523;8095
1574;8098
1584;8100
1532;8103
1488;8105
1478;8109
1487;8111
1489;8113
1475;8116
1465;8118
1471;8121
1463;8123
1457;8125
1448;8128
1440;8130
1452;8133
1470;8135
1492;8137
1510;8140
1514;8142
1509;8145
1488;8147
1485;8151
1520;8153
1556;8155
1541;8158
1484;8160
1464;8163
1460;8165
1467;8167
1508;8170
1540;8172
1564;8175
1540;8177
1499;8180
1495;8182
1498;8184
1500;8187
1505;8189
1497;8193
1491;8195
1493;8197
1515;8200
1502;8202
1480;8205
1470;8207
1473;8209
1476;8212
1467;8214
1466;8217
1469;8219
1484;8222
1506;8224
1522;8226
1532;8229
1561;8231
1575;8235
1556;8237
1517;8239
1486;8242
1491;8244
1497;8247
1486;8249
1485;8251
1481;8254
1478;8256
1482;8259
1513;8261
1551;8264
1557;8266
1512;8268
1495;8271
1508;8273
1546;8276
1576;8279
1584;8281
1559;8284
1531;8286
1542;8289
1555;8291
1541;8293
1517;8296
1502;8298
1504;8301
1513;8303
1523;8306
1527;8308
1526;8310
1517;8313
1519;8315
1522;8318
1508;8321
1490;8323
1498;8326
1529;8328
1539;8331
1536;8333
1508;8336
1484;8338
1465;8340
1471;8343
1504;8345
1527;8348
1529;8350
1485;8352
1460;8355
1449;8357
1476;8360
1512;8363
1545;8365
1551;8368
1552;8370
1522;8373
1478;8375
1456;8378
1457;8380
1459;8382
1466;8385
1483;8387
1475;8390
1464;8392
1455;8394
1441;8397
1456;8399
1455;8402
1439;8404
1424;8407
1429;8410
1439;8412
1451;8415
1457;8417
1446;8420
1439;8422
1436;8424
1432;8427
1431;8429
1433;8432
1465;8434
1517;8436
1533;8439
1468;8441
1414;8444
1387;8446
1398;8449
1418;8452
1438;8454
1444;8457
1434;8459
1422;8462
1425;8464
1428;8466
1418;8469
1404;8471
1397;8474
1405;8476
1420;8478
1433;8481
1448;8483
1446;8486
1435;8488
1428;8491
1422;8494
1439;8496
1460;8499
1478;8501
1506;8504
1531;8506
1517;8508
1490;8511
1453;8513
1432;8516
1427;8518
1446;8520
1491;8523
1543;8525
1550;8528
1509;8530
1455;8532
1419;8536
1405;8538
1409;8541
1417;8543
1429;8546
1439;8548
1457;8550
1462;8553
1456;8555
1455;8558
1474;8560
1510;8562
1523;8565
1514;8567
1509;8570
1490;8572
1468;8574
1477;8578
1492;8580
1483;8583
1454;8585
1437;8588
1430;8590
1422;8592
1425;8595
1440;8597
1464;8600
1483;8602
1501;8604
1500;8607
1473;8609
1467;8612
1469;8614
1464;8617
1450;8620
1443;8622
1436;8625
1427;8627
1431;8630
1440;8632
1443;8634
1443;8637
1457;8639
1478;8642
1498;8644
1503;8646
1489;8649
1464;8651
1446;8654
1444;8656
1444;8659
1457;8662
1482;8664
1485;8667
1478;8669
1487;8672
1503;8674
1521;8676
1519;8679
1522;8681
1520;8684
1495;8686
1477;8688
1484;8691
1493;8693
1503;8696
1485;8698
1470;8701
1448;8704
1437;8706
1430;8709
1419;8711
1409;8714
1408;8716
1405;8718
1400;8721
1408;8723
1423;8726
1441;8728
1456;8730
1461;8733
1476;8735
1504;8738
1533;8740
1542;8743
1537;8745
1520;8748
1508;8751
1500;8753
1489;8756
1467;8758
1445;8760
1434;8763
1432;8765
1437;8768
1431;8770
1410;8773
1410;8775
1424;8777
1450;8780
1477;8782
1498;8785
1518;8787
1504;8790
1493;8793
1471;8795
1453;8798
1434;8800
1396;8802
1386;8805
1391;8807
1390;8810
1388;8812
1391;8815
1398;8817
1403;8819
1409;8822
1435;8824
1459;8827
1469;8829
1463;8832
1477;8835
1506;8837
1513;8840
1506;8842
1502;8844
1493;8847
1501;8849
1515;8852
1515;8854
1500;8857
1510;8859
1502;8861
1498;8864
1483;8866
1463;8869
1441;8871
1435;8873
1441;8877
1458;8879
1469;8882
1469;8884
1458;8886
1451;8889
1451;8891
1451;8894
1455;8896
1474;8899
1495;8901
1489;8903
1461;8906
1463;8908
1473;8911
1499;8913
1524;8915
1529;8919
1529;8921
1510;8924
1502;8926
1510;8928
1507;8931
1488;8933
1475;8936
1481;8938
1499;8941
1516;8943
1497;8945
1478;8948
1464;8950
1451;8953
1458;8955
1468;8957
1470;8961
1471;8963
1478;8966
1480;8968
1489;8970
1484;8973
1471;8975
1462;8978
1454;8980
1463;8983
1476;8985
1512;8987
1555;8990
1559;8992
1506;8995
1490;8997
1485;8999
1460;9003
1468;9005
1485;9008
1504;9010
1514;9013
1492;9015
1472;9017
1457;9020
1444;9022
1446;9025
1459;9027
1495;9029
1514;9032
1527;9034
1532;9037
1521;9039
1527;9041
1519;9044
1485;9047
1462;9050
1454;9052
1464;9055
1471;9057
1470;9059
1457;9062
1453;9064
1461;9067
1473;9069
1471;9071
1462;9074
1460;9076
1470;9079
1492;9081
1515;9083
1533;9086
1523;9089
1518;9092
1507;9094
1481;9097
1457;9099
1444;9101
1435;9104
1436;9106
1453;9109
1471;9111
1479;9113
1491;9116
1502;9118
1513;9121
1510;9123
1506;9125
1493;9128
1463;9131
1440;9134
1429;9136
1434;9139
1455;9141
1476;9143
1475;9146
1474;9148
1470;9151
1462;9153
1466;9155
1491;9158
1521;9160
1522;9163
1503;9165
1499;9167
1498;9170
1477;9172
1449;9176
1438;9178
1440;9181
1456;9183
1475;9185
1492;9188
1492;9190
1470;9193
1458;9195
1432;9197
1420;9200
1423;9202
1434;9205
1462;9207
1508;9210
1539;9212
1543;9214
1514;9218
1495;9220
1486;9223
1497;9225
1509;9227
1503;9230
1500;9232
1489;9235
1479;9237
1466;9239
1458;9242
1458;9244
1469;9247
1477;9249
1477;9252
1483;9254
1496;9256
1484;9260
1473;9262
1454;9265
1451;9267
1453;9269
1458;9272
1469;9274
1483;9277
1512;9279
1541;9281
1548;9284
1548;9286
1562;9289
1556;9291
1550;9294
1535;9296
1529;9298
1534;9302
1529;9304
1525;9307
1507;9309
1500;9311
1521;9314
1541;9316
1551;9319
1538;9321
1539;9323
1549;9326
1536;9328
1518;9331
1499;9333
1476;9336
1480;9338
1502;9340
1502;9344
1489;9346
1479;9349
1457;9351
1457;9353
1479;9356
1538;9358
1602;9361
1627;9363
1605;9366
1558;9368
1520;9370
1522;9373
1563;9375
1592;9378
1584;9380
1548;9382
1497;9385
1472;9388
1464;9391
1467;9393
1475;9395
1489;9398
1491;9400
1470;9403
1468;9405
1471;9408
1481;9410
1486;9412
1488;9415
1472;9417
1454;9420
1451;9422
1460;9424
1475;9427
1478;9430
1490;9433
1481;9435
1483;9437
1494;9440
1516;9442
1535;9445
1541;9447
1534;9450
1513;9452
1485;9454
1449;9457
1433;9459
1425;9462
1436;9464
1441;9466
1430;9469
1429;9472
1444;9475
1462;9477
1472;9479
1472;9482
1456;9484
1440;9487
1432;9489
1437;9492
1456;9494
1487;9496
1509;9499
1509;9501
1492;9504
1488;9506
1492;9508
1479;9511
1456;9513
1455;9517
1482;9519
1514;9521
1513;9524
1505;9526
1529;9529
1534;9531
1497;9534
1450;9536
1438;9538
1440;9541
1457;9543
1468;9546
1475;9548
1469;9550
1445;9553
1421;9555
1415;9559
1417;9561
1422;9564
1424;9566
1437;9568
1472;9571
1508;9573
1519;9576
1486;9578
1466;9580
1470;9583
1473;9585
1463;9588
1456;9590
1453;9592
1476;9595
1491;9597
1478;9601
1459;9603
1438;9606
1433;9608
1423;9610
1411;9613
1413;9615
1432;9618
1478;9620
1527;9622
1528;9625
1512;9627
1505;9630
1507;9632
1471;9634
1463;9637
1477;9639
1485;9643
1490;9645
1494;9648
1492;9650
1501;9652
1513;9655
1526;9657
1538;9660
1534;9662
1512;9664
1497;9667
1488;9669
1505;9672
1506;9674
1473;9676
1440;9679
1424;9681
1417;9684
1416;9687
1417;9690
1422;9692
1433;9694
1455;9697
1482;9699
1508;9702
1507;9704
1484;9706
1486;9709
1497;9711
1514;9714
1531;9716
1534;9718
1522;9721
1497;9723
1471;9726
1492;9729
1525;9732
1558;9734
1574;9736
1577;9739
1554;9741
1523;9744
1528;9746
1549;9748
1584;9751
1565;9753
1537;9756
1505;9758
1481;9760
1458;9763
1439;9765
1427;9768
1428;9771
1429;9774
1427;9776
1431;9778
1454;9781
1478;9783
1482;9786
1482;9788
1504;9790
1504;9793
1484;9795
1469;9798
1482;9800
1509;9803
1531;9805
1524;9807
1497;9810
1487;9812
1508;9816
1539;9818
1557;9820
1535;9823
1489;9825
1460;9828
1447;9830
1445;9832
1443;9835
1439;9837
1433;9840
1449;9842
1474;9845
1468;9847
1443;9849
1437;9852
1444;9854
1466;9858
1490;9860
1505;9862
1514;9865
1515;9867
1515;9870
1535;9872
1507;9874
1479;9877
1482;9879
1501;9882
1506;9884
1510;9887
1508;9889
1538;9891
1559;9894
1563;9896
1531;9900
1490;9902
1473;9904
1451;9907
1431;9909
1438;9912
1455;9914
1471;9916
1478;9919
1482;9921
1497;9924
1496;9926
1480;9929
1470;9931
1478;9933
1494;9936
1510;9938
1487;9942
1467;9944
1467;9946
1478;9949
1508;9951
1524;9954
1542;9956
1566;9958
1540;9961
1502;9963
1476;9966
1457;9968
1452;9971
1461;9973
1467;9975
1467;9978
1468;9980
1466;9984
1447;9986
1441;9988
1465;9991
1494;9993
1494;9996
1477;9998
1456;10001
1461;10003
1487;10005
1507;10008
1502;10010
1473;10013
1462;10015
1474;10018
1475;10020
1452;10023
1441;10025
1439;10029
1435;10031
1437;10034
1442;10036
1456;10038
1472;10041
1465;10043
1444;10046
1436;10048
1409;10051
1383;10053
1375;10056
1379;10058
1387;10061
1390;10063
1385;10066
1390;10068
1402;10071
1413;10074
1423;10076
1431;10079
1440;10081
1445;10084
1452;10086
1459;10089
1458;10091
1487;10094
1519;10096
1505;10099
1496;10101
1514;10103
1534;10106
1513;10108
1456;10112
1424;10114
1412;10117
1408;10119
1433;10122
1462;10124
1484;10127
1486;10129
1472;10132
1461;10134
1461;10136
1455;10139
1450;10141
1455;10144
1441;10146
1411;10149
1400;10151
1395;10155
1407;10157
1419;10160
1435;10162
1449;10165
1454;10167
1460;10170
1457;10172
1443;10174
1449;10177
1479;10179
1512;10182
1535;10184
1519;10187
1495;10189
1491;10192
1488;10194
1498;10198
1516;10200
1501;10203
1477;10205
1490;10207
1502;10210
1497;10212
1467;10215
1444;10217
1453;10220
1460;10222
1466;10225
1474;10227
1491;10230
1508;10232
1493;10235
1473;10237
1460;10240
1457;10243
1457;10245
1462;10248
1466;10250
1465;10253
1471;10255
1474;10258
1458;10260
1444;10263
1452;10265
1492;10268
1525;10270
1531;10273
1494;10275
1451;10277
1438;10280
1425;10283
1415;10286
1422;10288
1423;10291
1420;10293
1434;10296
1461;10298
1486;10301
1489;10303
1469;10306
1463;10308
1482;10310
1480;10313
1466;10315
1458;10318
1479;10320
1511;10323
1527;10326
1507;10329
1481;10331
1466;10334
1460;10336
1472;10339
1470;10341
1473;10343
1484;10346
1508;10348
1508;10351
1480;10353
1475;10356
1473;10358
1470;10361
1458;10363
1447;10366
1445;10369
1458;10372
1479;10374
1512;10376
1527;10379
1524;10381
1499;10384
1484;10386
1494;10389
1510;10391
1518;10394
1497;10396
1475;10399
1466;10401
1481;10404
1513;10406
1518;10408
1515;10412
1535;10414
1536;10417
1518;10419
1510;10422
1499;10424
1492;10427
1482;10429
1489;10432
1511;10434
1517;10437
1497;10439
1486;10441
1471;10444
1472;10446
1489;10449
1507;10451
1505;10455
1487;10457
1484;10460
1488;10462
1475;10465
1473;10467
1485;10470
1492;10472
1489;10474
1488;10477
1489;10479
1480;10482
1469;10484
1458;10487
1454;10489
1459;10492
1486;10494
1506;10498
1512;10500
1487;10503
1469;10505
1473;10507
1476;10510
1481;10512
1482;10515
1488;10517
1469;10520
1457;10522
1461;10525
1461;10527
1466;10530
1461;10532
1462;10535
1470;10537
1500;10540
1543;10543
1570;10545
1535;10548
1528;10550
1541;10553
1536;10555
1511;10558
1477;10560
1451;10563
1440;10565
1450;10568
1463;10570
1495;10572
1510;10575
1508;10577
1497;10580
1483;10583
1479;10586
1477;10588
1476;10591
1487;10593
1514;10596
1541;10598
1528;10601
1521;10603
1546;10605
1563;10608
1589;10610
1618;10613
1663;10615
1695;10618
1680;10620
1616;10624
1571;10626
1559;10629
1535;10631
1508;10634
1483;10636
1470;10638
1475;10641
1464;10643
1441;10646
1414;10648
1400;10651
1406;10653
1423;10656
1448;10658
1478;10661
1489;10663
1498;10667
1546;10669
1586;10671
1601;10674
1608;10676
1604;10679
1563;10681
1511;10684
1482;10686
1485;10689
1507;10691
1532;10694
1572;10696
1571;10699
1525;10701
1496;10704
1483;10706
1473;10708
1466;10712
1468;10714
1462;10717
1450;10719
1419;10722
1408;10724
1412;10727
1418;10729
1430;10732
1425;10734
1406;10737
1398;10739
1402;10741
1409;10744
1423;10746
1456;10749
1509;10752
1558;10755
1556;10757
1551;10760
1538;10762
1495;10765
1482;10767
1464;10770
1456;10772
1458;10774
1455;10777
1441;10779
1435;10782
1444;10784
1433;10787
1419;10789
1414;10792
1425;10795
1424;10798
1406;10800
1407;10803
1428;10805
1453;10807
1486;10810
1488;10812
1499;10815
1505;10817
1487;10820
1477;10822
1467;10825
1473;10827
1476;10830
1468;10832
1445;10835
1439;10838
1460;10840
1496;10843
1510;10845
1494;10848
1475;10850
1447;10853
1430;10855
1416;10858
1436;10860
1475;10863
1497;10865
1480;10868
1448;10870
1418;10872
1401;10875
1392;10877
1392;10881
1407;10883
1432;10886
1451;10888
1452;10891
1483;10893
1511;10896
1511;10898
1479;10901
1459;10903
1458;10905
1461;10908
1474;10910
1497;10913
1518;10915
1508;10918
1484;10920
1482;10924
1488;10926
1485;10929
1467;10931
1472;10934
1470;10936
1464;10938
1468;10941
1474;10943
1453;10946
1431;10948
1439;10951
1446;10953
1449;10956
1456;10958
1477;10961
1510;10963
1502;10967
1484;10969
1477;10971
1492;10974
1513;10976
1516;10979
1507;10981
1498;10984
1498;10986
1486;10989
1474;10991
1473;10994
1486;10996
1507;10999
1525;11001
1524;11003
1502;11006
1473;11009
1473;11012
1468;11014
1467;11017
1474;11019
1470;11022
1469;11024
1470;11027
1495;11029
1527;11032
1569;11034
1589;11036
1573;11039
1539;11041
1493;11044
1485;11046
1492;11049
1493;11052
1502;11055
1514;11057
1526;11060
1523;11062
1507;11065
1500;11067
1486;11070
1502;11072
1528;11074
1515;11077
1483;11079
1481;11082
1473;11084
1460;11087
1454;11089
1444;11092
1454;11095
1483;11098
1497;11100
1497;11103
1476;11105
1468;11107
1459;11110
1480;11112
1505;11115
1548;11117
1573;11120
1548;11122
1527;11125
1482;11127
1467;11130
1497;11132
1534;11136
1548;11138
1501;11140
1447;11143
1426;11145
1426;11148
1447;11150
1480;11153
1506;11155
1521;11158
1508;11160
1484;11163
1450;11165
1435;11168
1430;11170
1431;11172
1420;11175
1432;11177
1459;11181
1485;11183
1486;11186
1470;11188
1477;11191
1479;11193
1514;11196
1527;11198
1523;11201
1547;11203
1561;11206
1553;11208
1514;11210
1455;11213
1432;11215
1445;11218
1468;11220
1497;11224
1510;11226
1514;11229
1483;11231
1443;11234
1419;11236
1419;11239
1426;11241
1437;11243
1432;11246
1442;11248
1484;11251
1515;11253
1555;11256
1521;11258
1503;11261
1498;11264
1476;11267
1474;11269
1505;11272
1533;11274
1544;11276
1534;11279
1505;11281
1480;11284
1485;11286
1510;11289
1530;11291
1515;11294
1462;11296
1437;11299
1428;11301
1430;11304
1430;11307
1436;11309
1423;11312
1424;11314
1443;11317
1463;11319
1487;11322
1520;11324
1562;11327
1613;11329
1624;11332
1563;11334
1519;11337
1467;11339
1448;11341
1438;11344
1448;11346
1468;11350
1517;11352
1593;11355
1562;11357
1502;11360
1467;11362
1449;11365
1442;11367
1450;11370
1432;11372
1425;11375
1423;11377
1417;11379
1407;11382
1400;11384
1397;11387
1426;11389
1466;11393
1499;11395
1527;11398
1534;11400
1567;11403
1613;11405
1604;11408
1542;11410
1476;11412
1429;11415
1423;11417
1448;11420
1474;11422
1473;11425
1484;11427
1508;11430
1529;11432
1532;11436
1481;11438
1475;11441
1485;11443
1494;11445
1461;11448
1414;11450
1400;11453
1408;11455
1416;11458
1415;11460
1429;11463
1448;11465
1476;11468
1489;11470
1517;11473
1526;11475
1538;11478
1562;11481
1551;11483
1538;11486
1526;11488
1520;11491
1510;11493
1513;11496
1500;11498
1495;11501
1492;11503
1493;11506
1507;11508
1498;11510
1464;11513
1441;11515
1438;11518
1467;11521
1476;11524
1469;11526
1433;11529
1422;11531
1435;11534
1467;11536
1506;11539
1559;11541
1584;11544
1572;11546
1523;11548
1489;11551
1472;11553
1467;11556
1456;11558
1446;11561
1456;11564
1493;11567
1538;11569
1533;11572
1544;11574
1526;11577
1501;11579
1481;11581
1440;11584
1432;11586
1450;11589
1490;11591
1552;11594
1551;11596
1493;11599
1464;11601
1493;11604
1519;11607
1508;11610
1470;11612
1456;11614
1470;11617
1499;11619
1512;11622
1504;11624
1514;11627
1511;11629
1538;11632
1499;11634
1471;11637
1454;11639
1443;11642
1451;11644
1474;11646
1487;11650
1485;11652
1458;11655
1440;11657
1412;11660
1391;11662
1389;11665
1425;11667
1474;11670
1484;11672
1431;11675
1392;11677
1387;11679
1395;11682
1417;11684
1444;11687
1459;11689
1486;11693
1500;11695
1478;11698
1445;11700
1425;11703
1406;11705
1420;11708
1455;11710
1474;11712
1473;11715
1440;11717
1424;11720
1415;11722
1396;11725
1389;11727
1399;11730
1425;11732
1481;11736
1527;11738
1540;11741
1495;11743
1455;11746
1433;11748
1439;11750
1467;11753
1494;11755
1515;11758
1506;11760
1509;11763
1512;11765
1518;11768
1487;11770
1470;11773
1493;11776
1509;11779
1496;11781
1464;11783
1439;11786
1446;11788
1455;11791
1450;11793
1428;11796
1414;11798
1435;11801
1443;11803
1455;11806
1470;11808
1478;11811
1483;11813
1459;11815
1440;11819
1441;11821
1444;11824
1453;11826
1474;11829
1494;11831
1514;11834
1520;11836
1539;11839
1523;11841
1532;11844
1533;11846
1516;11849
1477;11851
1455;11853
1435;11856
1410;11858
1403;11862
1408;11864
1418;11867
1431;11869
1432;11872
1444;11874
1460;11877
1446;11879
1432;11882
1413;11884
1408;11886
1420;11889
1480;11891
1547;11894
1619;11896
1604;11899
1561;11901
1519;11905
1499;11907
1493;11910
1489;11912
1494;11915
1476;11917
1479;11919
1504;11922
1541;11924
1550;11927
1516;11929
1499;11932
1459;11934
1434;11937
1424;11939
1418;11942
1407;11944
1399;11948
1409;11950
1436;11952
1461;11955
1497;11957
1527;11960
1548;11962
1540;11965
1516;11967
1499;11970
1482;11972
1462;11975
1450;11977
1451;11980
1482;11982
1527;11985
1596;11987
1636;11990
1571;11993
1513;11995
1471;11998
1454;12000
1446;12003
1460;12005
1482;12008
1499;12010
1492;12013
1473;12015
1465;12018
1473;12020
1473;12022
1444;12025
1437;12027
1441;12030
1473;12033
1487;12036
1493;12038
1472;12041
1421;12043
1394;12046
1386;12048
1385;12051
1396;12053
1409;12055
1416;12058
1415;12060
1422;12063
1441;12065
1489;12068
1524;12070
1515;12073
1478;12076
1444;12079
1451;12081
1467;12084
1484;12086
1477;12088
1456;12091
1467;12093
1463;12096
1452;12098
1441;12101
1443;12103
1492;12106
1522;12108
1513;12111
1480;12113
1464;12116
1446;12119
1435;12121
1427;12124
1415;12126
1406;12129
1415;12131
1431;12134
1443;12136
1440;12139
1435;12141
1450;12144
1480;12146
1505;12149
1523;12151
1535;12153
1540;12156
1527;12158
1509;12162
1541;12164
1554;12167
1520;12169
1530;12172
1557;12174
1574;12177
1540;12179
1490;12182
1486;12184
1501;12187
1501;12189
1495;12191
1487;12194
1482;12196
1484;12199
1489;12201
1462;12205
1448;12207
1473;12210
1521;12212
1561;12215
1563;12217
1544;12220
1516;12222
1505;12224
1517;12227
1543;12229
1572;12232
1593;12234
1572;12237
1526;12239
1510;12242
1524;12244
1538;12248
1530;12250
1547;12253
1547;12255
1512;12257
1493;12260
1495;12262
1496;12265
1511;12267
1531;12270
1572;12272
1608;12275
1615;12277
1623;12280
1583;12282
1522;12285
1486;12288
1472;12290
1471;12293
1474;12295
1475;12298
1488;12300
1495;12303
1495;12305
1521;12308
1550;12310
1583;12313
1616;12315
1599;12318
1584;12320
1562;12323
1534;12325
1513;12327
1488;12331
1482;12333
1510;12336
1551;12338
1607;12341
1584;12343
1532;12346
1525;12348
1534;12351
1553;12353
1552;12356
1523;12358
1494;12360
1498;12363
1507;12365
1520;12368
1528;12370
1516;12374
1512;12376
1536;12379
1567;12381
1641;12384
1662;12386
1619;12389
1603;12391
1581;12393
1580;12396
1565;12398
1524;12401
1528;12403
1568;12406
1566;12408
1513;12411
1454;12413
1419;12417
1400;12419
1383;12422
1361;12424
1348;12426
1352;12429
1361;12431
1370;12434
1367;12436
1366;12439
1381;12441
1418;12444
1448;12446
1467;12449
1472;12451
1485;12454
1477;12456
1464;12459
1448;12462
1453;12464
1467;12467
1454;12469
1456;12472
1491;12474
1515;12477
1513;12479
1486;12482
1461;12484
1464;12487
1465;12489
1451;12492
1431;12494
1421;12496
1418;12499
1425;12502
1432;12505
1416;12507
1397;12510
1399;12512
1398;12515
1400;12517
1417;12520
1441;12522
1461;12525
1468;12527
1504;12529
1578;12532
1617;12534
1614;12537
1578;12539
1506;12542
1483;12545
1484;12548
1486;12550
1492;12553
1520;12555
1569;12558
1593;12560
1598;12562
1575;12565
1557;12567
1520;12570
1476;12572
1455;12575
1475;12577
1517;12580
1568;12582
1562;12585
1508;12588
1463;12591
1455;12593
1467;12595
1466;12598
1470;12600
1479;12603
1507;12605
1513;12608
1490;12610
1466;12613
1464;12615
1501;12618
1506;12620
1473;12623
1429;12625
1407;12628
1406;12631
1417;12633
1429;12636
1460;12638
1492;12641
1536;12643
1559;12646
1512;12648
1471;12651
1415;12653
1411;12656
1423;12658
1427;12661
1403;12663
1387;12665
1397;12668
1418;12670
1432;12674
1426;12676
1414;12679
1416;12681
1432;12684
1462;12686
1504;12689
1523;12691
1501;12694
1484;12696
1455;12698
1431;12701
1436;12703
1457;12706
1477;12708
1480;12711
1465;12713
1458;12717
1463;12719
1478;12722
1492;12724
1505;12727
1484;12729
1474;12732
1474;12734
1478;12736
1492;12739
1510;12741
1513;12744
1484;12746
1476;12749
1481;12751
1492;12754
1525;12756
1531;12760
1503;12762
1461;12765
1447;12767
1467;12770
1528;12772
1571;12774
1549;12777
1509;12779
1492;12782
1525;12784
1543;12787
1497;12789
1460;12792
1436;12794
1437;12797
1450;12800
1463;12803
1472;12805
1503;12807
1529;12810
1538;12812
1513;12815
1482;12817
1491;12820
1512;12822
1523;12825
1517;12827
1513;12830
1514;12832
1511;12835
1511;12837
1515;12839
1522;12843
1534;12845
1536;12848
1538;12850
1522;12853
1499;12855
1494;12858
1500;12860
1500;12863
1495;12865
1487;12868
1511;12870
1562;12872
1596;12875
1572;12877
1541;12880
1550;12882
1576;12886
1603;12888
1596;12891
1555;12893
1524;12896
1511;12898
1507;12901
1523;12903
1530;12905
1520;12908
1523;12910
1515;12913
1525;12915
1537;12918
1539;12920
1521;12923
1523;12925
1540;12929
1553;12931
1557;12934
1576;12936
1583;12938
1609;12941
1549;12943
1490;12946
1465;12948
1449;12951
1424;12953
1436;12956
1470;12958
1521;12961
1557;12963
1528;12966
1470;12968
1452;12971
1458;12974
1470;12976
1494;12979
1529;12981
1570;12984
1552;12986
1511;12989
1491;12991
1504;12994
1526;12996
1542;12999
1535;13001
1523;13003
1528;13006
1531;13008
1533;13011
1532;13014
1534;13017
1530;13019
1518;13022
1519;13024
1517;13027
1515;13029
1502;13032
1511;13034
1540;13036
1581;13039
1599;13041
1585;13044
1565;13046
1579;13049
1591;13051
1585;13054
1525;13057
1487;13060
1484;13062
1479;13065
1454;13067
1437;13069
1435;13072
1442;13074
1451;13077
1444;13079
1447;13082
1460;13084
1464;13087
1469;13089
1492;13092
1498;13094
1474;13097
1452;13100
1437;13102
1440;13105
1451;13107
1454;13110
1457;13112
1468;13115
1480;13117
1495;13120
1489;13122
1480;13125
1470;13127
1472;13130
1492;13132
1519;13134
1516;13137
1476;13139
1461;13143
1483;13145
1511;13148
1512;13150
1490;13153
1448;13155
1424;13158
1422;13160
1422;13163
1416;13165
1413;13167
1409;13170
1410;13172
1409;13175
1407;13177
1417;13180
1437;13182
1464;13186
1484;13188
1508;13191
1517;13193
1497;13196
1474;13198
1433;13201
1428;13203
1430;13205
1423;13208
1428;13210
1434;13213
1452;13215
1462;13218
1459;13220
1425;13223
1418;13225
1424;13229
1426;13231
1421;13234
1402;13236
1406;13238
1425;13241
1417;13243
1407;13246
1400;13248
1404;13251
1415;13253
1434;13256
1446;13258
1439;13261
1441;13263
1457;13266
1448;13268
1434;13271
1423;13274
1412;13276
1413;13279
1422;13281
1454;13284
1487;13286
1522;13289
1536;13291
1525;13294
1477;13296
1437;13299
1426;13301
1424;13303
1418;13306
1401;13308
1367;13312
1343;13314
1346;13317
1361;13319
1376;13322
1374;13324
1384;13327
1400;13329
1408;13332
1401;13334
1398;13336
1401;13339
1417;13341
1432;13344
1462;13346
1504;13349
1527;13351
1518;13355
1503;13357
1485;13360
1467;13362
1485;13365
1507;13367
1518;13369
1524;13372
1526;13374
1527;13377
1511;13379
1484;13382
1485;13384
1487;13387
1473;13389
1456;13392
1416;13394
1403;13398
1417;13400
1429;13402
1431;13405
1414;13407
1408;13410
1406;13412
1401;13415
1406;13417
1405;13420
1408;13422
1431;13425
1470;13427
1518;13430
1521;13432
1493;13434
1476;13437
1468;13440
1478;13443
1503;13445
1486;13448
1458;13450
1427;13453
1398;13455
1393;13458
1421;13460
1457;13463
1449;13465
1405;13467
1398;13470
1416;13472
1462;13475
1467;13477
1447;13480
1412;13483
1390;13486
1386;13488
1387;13491
1396;13493
1406;13496
1408;13498
1422;13500
1459;13503
1508;13505
1509;13508
1466;13510
1426;13513
1412;13515
1436;13518
1461;13520
1456;13523
1431;13526
1420;13529
1423;13531
1432;13533
1433;13536
1442;13538
1463;13541
1494;13543
1518;13546
1496;13548
1459;13551
1455;13553
1448;13556
1419;13558
1426;13561
1464;13563
1504;13565
1521;13569
1516;13571
1503;13574
1479;13576
1463;13579
1450;13581
1454;13584
1473;13586
1509;13589
1540;13591
1544;13594
1558;13596
1575;13598
1604;13601
1629;13603
1628;13606
1603;13608
1575;13612
1561;13614
1581;13617
1619;13619
1652;13622
1652;13624
1605;13627
1530;13629
1510;13631
1524;13634
1535;13636
1552;13639
1566;13641
1565;13644
1568;13646
1549;13649
1533;13651
1521;13655
1508;13657
1501;13660
1518;13662
1567;13665
1581;13667
1575;13669
1572;13672
1564;13674
1561;13677
1579;13679
1608;13682
1614;13684
1578;13687
1569;13689
1569;13692
1568;13694
1573;13698
1586;13700
1603;13702
1592;13705
1596;13707
1593;13710
1595;13712
1605;13715
1553;13717
1509;13720
1498;13722
1468;13725
1406;13727
1377;13730
1393;13732
1426;13734
1431;13737
1400;13740
1346;13743
1323;13745
1347;13748
1381;13750
1409;13753
1405;13755
1379;13758
1363;13760
1365;13763
1385;13765
1405;13767
1422;13770
1413;13772
1379;13775
1350;13777
1349;13780
1397;13783
1462;13786
1512;13788
1495;13791
1434;13793
1414;13796
1398;13798
1426;13800
1457;13803
1496;13805
1500;13808
1459;13810
1404;13813
1385;13815
1385;13818
1398;13820
1416;13824
1428;13826
1437;13829
1437;13831
1422;13833
1405;13836
1398;13838
1411;13841
1431;13843
1460;13846
1519;13848
1557;13851
1579;13853
1570;13856
1538;13858
1528;13861
1512;13863
1492;13865
1469;13869
1489;13871
1470;13874
1467;13876
1447;13879
1420;13881
1414;13884
1400;13886
1388;13889
1385;13891
1386;13894
1393;13896
1378;13899
1363;13901
1359;13903
1356;13906
1364;13908
1382;13912
1406;13914
1397;13917
1381;13919
1372;13922
1377;13924
1388;13927
1410;13929
1418;13932
1406;13934
1408;13936
1419;13939
1452;13941
1475;13944
1493;13946
1500;13949
1461;13952
1441;13955
1446;13957
1446;13960
1449;13962
1440;13965
1409;13967
1415;13969
1432;13972
1453;13974
1483;13977
1467;13979
1463;13982
1452;13984
1442;13987
1430;13989
1406;13992
1393;13995
1384;13998
1400;14000
1434;14002
1487;14005
1530;14007
1536;14010
1531;14012
1499;14015
1459;14017
1451;14020
1449;14022
1447;14025
1431;14027
1422;14030
1424;14032
1428;14034
1419;14038
1405;14040
1392;14043
1407;14045
1448;14048
1496;14050
1493;14053
1451;14055
1436;14058
1446;14060
1454;14063
1452;14065
1459;14068
1492;14070
1519;14072
1527;14075
1542;14077
1544;14081
1524;14083
1532;14086
1547;14088
1560;14091
1538;14093
1552;14096
1589;14098
1612;14101
1585;14103
1532;14105
1514;14108
1516;14110
1553;14113
1579;14115
1577;14118
1542;14120
1516;14124
1507;14126
1525;14129
1542;14131
1535;14134
1514;14136
1506;14138
1524;14141
1544;14143
1540;14146
1523;14148
1514;14151
1524;14153
1538;14156
1549;14158
1573;14161
1596;14163
1588;14167
1550;14169
1527;14171
1492;14174
1455;14176
1437;14179
1440;14181
1453;14184
1468;14186
1475;14189
1493;14191
1493;14194
1465;14196
1441;14199
1427;14201
1434;14203
1458;14206
1470;14209
1470;14212
1492;14214
1525;14217
1549;14219
1551;14222
1557;14224
1585;14227
1566;14229
1517;14232
1497;14234
1486;14236
1496;14239
1505;14241
1531;14244
1522;14246
1495;14249
1492;14252
1514;14255
1550;14257
1538;14260
1485;14262
1451;14265
1442;14267
1430;14270
1416;14272
1403;14274
1390;14277
1398;14279
1409;14282
1427;14284
1450;14287
1457;14289
1481;14292
1491;14295
1511;14298
1528;14300
1547;14303
1559;14305
1562;14307
1554;14310
1542;14312
1531;14315
1523;14317
1521;14320
1533;14322
1521;14325
1497;14327
1488;14330
1494;14332
1503;14336
1499;14338
1494;14340
1518;14343
1546;14345
1543;14348
1510;14350
1491;14353
1498;14355
1504;14358
1507;14360
1509;14363
1518;14365
1544;14368
1547;14370
1552;14372
1563;14375
1569;14377
1566;14381
1543;14383
1519;14386
1516;14388
1526;14391
1553;14393
1607;14396
1629;14398
1617;14401
1570;14403
1541;14406
1549;14408
1582;14410
1573;14413
1544;14415
1523;14418
1537;14420
1562;14424
1573;14426
1564;14429
1555;14431
1547;14434
1538;14436
1518;14439
1507;14441
1524;14443
1541;14446
1551;14448
1542;14451
1529;14453
1525;14456
1538;14458
1535;14461
1514;14464
1495;14467
1487;14469
1491;14472
1502;14474
1521;14476
1562;14479
1590;14481
1601;14484
1604;14486
1572;14489
1521;14491
1492;14494
1489;14496
1519;14499
1543;14501
1531;14504
1514;14507
1511;14509
1529;14512
1555;14514
1563;14517
1532;14519
1511;14522
1508;14524
1509;14527
1500;14529
1480;14532
1473;14534
1469;14537
1463;14539
1471;14541
1493;14544
1507;14546
1512;14550
1484;14552
1465;14555
1453;14557
1455;14560
1449;14562
1451;14565
1456;14567
1448;14570
1432;14572
1433;14575
1453;14577
1481;14579
1509;14582
1513;14584
1505;14587
1505;14589
1514;14593
1528;14595
1551;14598
1584;14600
1625;14603
1622;14605
1571;14608
1536;14610
1488;14612
1457;14615
1442;14617
1440;14620
1439;14622
1430;14625
1433;14627
1465;14630
1494;14632
1513;14636
1505;14638
1499;14641
1503;14643
1504;14645
1492;14648
1467;14650
1445;14653
1445;14655
1463;14658
1474;14660
1470;14663
1463;14665
1471;14668
1466;14670
1447;14673
1435;14675
1427;14678
1432;14681
1452;14683
1490;14686
1529;14688
1536;14691
1514;14693
1504;14696
1501;14698
1498;14701
1456;14703
1418;14706
1407;14708
1405;14710
1407;14713
1413;14715
1423;14718
1440;14721
1459;14724
1478;14726
1475;14729
1488;14731
1494;14734
1472;14736
1445;14739
1425;14741
1413;14744
1412;14746
1415;14748
1440;14751
1470;14753
1486;14756
1487;14758
1479;14761
1495;14764
1542;14767
1560;14769
1546;14772
1493;14774
1479;14777
1502;14779
1520;14781
1520;14784
1495;14786
1457;14789
1454;14791
1475;14794
1512;14796
1545;14799
1574;14801
1536;14804
1475;14807
1464;14810
1472;14812
1492;14814
1515;14817
1525;14819
1507;14822
1475;14824
1448;14827
1435;14829
1436;14832
1452;14834
1483;14837
1521;14839
1533;14842
1514;14844
1484;14846
1464;14850
1465;14852
1462;14855
1450;14857
1452;14860
1467;14862
1493;14865
1522;14867
1546;14870
1534;14872
1484;14875
1451;14877
1451;14879
1460;14882
1471;14884
1467;14887
1473;14889
1481;14893
1483;14895
1491;14898
1476;14900
1469;14903
1481;14905
1489;14908
1491;14910
1500;14912
1493;14915
1476;14917
1494;14920
1517;14922
1531;14925
1533;14927
1517;14930
1518;14932
1524;14936
1525;14938
1520;14941
1516;14943
1517;14946
1510;14948
1503;14950
1500;14953
1516;14955
1546;14958
1572;14960
1581;14963
1561;14965
1528;14968
1521;14970
1517;14973
1492;14976
1477;14979
1464;14981
1433;14983
1422;14986
1433;14988
1439;14991
1464;14993
1474;14996
1495;14998
1515;15001
1529;15003
1535;15006
1514;15008
1474;15011
1456;15013
1455;15015
1457;15019
1448;15021
1440;15024
1445;15026
1463;15029
1482;15031
1506;15034
1520;15036
1528;15039
1524;15041
1489;15044
1456;15046
1439;15048
1449;15051
1468;15053
1486;15056
1477;15058
1451;15062
1454;15064
1472;15067
1504;15069
1525;15072
1519;15074
1514;15077
1523;15079
1504;15082
1489;15084
1480;15086
1473;15089
1451;15091
1446;15094
1445;15096
1448;15099
1462;15101
1461;15105
1454;15107
1459;15110
1466;15112
1452;15115
1437;15117
1439;15119
1463;15122
1497;15124
1519;15127
1501;15129
1466;15132
1463;15134
1466;15137
1483;15139
1494;15142
1474;15144
1461;15148
1464;15150
1463;15152
1467;15155
1481;15157
1496;15160
1513;15162
1510;15165
1500;15167
1483;15170
1471;15172
1445;15175
1435;15177
1438;15180
1461;15182
1464;15185
1450;15187
1440;15190
1454;15193
1474;15195
1497;15198
1508;15200
1493;15203
1473;15205
1471;15208
1491;15210
1518;15213
1515;15215
1484;15218
1450;15220
1441;15222
1435;15225
1436;15227
1445;15230
1451;15233
1451;15236
1459;15238
1464;15241
1484;15243
1490;15246
1471;15248
1458;15251
1466;15253
1487;15256
1508;15258
1527;15260
1546;15263
1542;15265
1517;15268
1484;15270
1451;15273
1439;15276
1446;15279
1452;15281
1451;15284
1468;15286
1488;15289
1483;15291
1499;15293
1533;15296
1555;15298
1577;15301
1591;15303
1560;15306
1515;15308
1494;15311
1502;15313
1518;15316
1527;15319
1504;15322
1476;15324
1457;15327
1447;15329
1443;15331
1447;15334
1452;15336
1451;15339
1446;15341
1442;15344
1482;15346
1535;15349
1561;15351
1559;15354
1535;15356
1522;15360
1504;15362
1472;15364
1465;15367
1469;15369
1467;15372
1463;15374
1462;15377
1459;15379
1453;15382
1455;15384
1448;15387
1448;15389
1443;15392
1438;15394
1436;15396
1434;15399
1431;15401
1435;15405
1434;15407
1444;15410
1469;15412
1503;15415
1516;15417
1494;15420
1453;15422
1443;15425
1442;15427
1447;15429
1458;15432
1466;15434
1469;15437
1479;15439
1489;15442
1506;15444
1520;15448
1536;15450
1531;15453
1538;15455
1542;15458
1534;15460
1535;15463
1531;15465
1534;15467
1540;15470
1531;15472
1523;15475
1493;15477
1488;15480
1486;15482
1473;15485
1466;15488
1465;15491
1473;15493
1491;15496
1505;15498
1481;15500
1450;15503
1432;15505
1426;15508
1449;15510
1487;15513
1511;15515
1520;15518
1532;15520
1526;15523
1495;15525
1480;15528
1474;15531
1479;15533
1500;15536
1532;15538
1544;15541
1531;15543
1503;15546
1490;15548
1508;15551
1545;15553
1597;15556
1582;15558
1518;15561
1470;15563
1447;15565
1429;15568
1411;15570
1399;15574
1390;15576
1389;15579
1404;15581
1426;15584
1437;15586
1451;15589
1465;15591
1474;15594
1468;15596
1477;15599
1490;15601
1480;15603
1445;15606
1418;15608
1401;15611
1388;15613
1384;15617
1387;15619
1381;15622
1378;15624
1377;15627
1385;15629
1388;15632
1387;15634
1383;15636
1391;15639
1398;15641
1397;15644
1401;15646
1424;15649
1446;15651
1456;15654
1450;15656
1431;15660
1429;15662
1443;15665
1456;15667
1455;15669
1463;15672
1476;15674
1487;15677
1460;15679
1417;15682
1394;15684
1388;15687
1386;15689
1392;15692
1393;15694
1394;15697
1391;15699
1404;15702
1424;15705
1440;15707
1445;15710
1446;15712
1442;15715
1435;15717
1435;15720
1443;15722
1466;15725
1485;15727
1501;15730
1484;15732
1458;15734
1479;15737
1523;15739
1545;15742
1505;15745
1468;15748
1444;15750
1431;15753
1429;15755
1429;15758
1426;15760
1411;15763
1408;15765
1400;15767
1399;15770
1410;15772
1441;15775
1465;15777
1459;15780
1445;15782
1433;15785
1441;15788
1454;15791
1453;15793
1430;15796
1397;15798
1388;15801
1399;15803
1417;15805
1451;15808
1497;15810
1503;15813
1490;15815
1455;15818
1425;15820
1406;15823
1408;15825
1423;15828
1434;15831
1441;15834
1460;15836
1465;15838
1452;15841
1439;15843
1425;15846
1423;15848
1417;15851
1414;15853
1417;15856
1435;15858
1455;15861
1465;15863
1493;15866
1531;15868
1564;15870
1579;15874
1555;15876
1540;15879
1500;15881
1480;15884
1478;15886
1472;15889
1466;15891
1458;15894
1464;15896
1496;15899
1535;15901
1564;15904
1552;15906
1506;15908
1491;15911
1485;15913
1477;15917
1466;15919
1462;15922
1452;15924
1463;15927
1495;15929
1531;15932
1560;15934
1557;15937
1559;15939
1565;15941
1574;15944
1577;15946
1550;15949
1502;15951
1483;15954
1479;15956
1487;15960
1506;15962
1536;15965
1545;15967
1520;15970
1483;15972
1474;15975
1477;15977
1478;15979
1472;15982
1462;15984
1460;15987
1467;15989
1473;15992
1473;15994
1464;15997
1456;16000
1453;16003
1464;16005
1479;16008
1484;16010
1473;16012
1476;16015
1482;16017
1491;16020
1503;16022
1506;16025
1517;16027
1521;16030
1501;16032
1465;16035
1434;16037
1431;16040
1449;16043
1468;16045
1466;16048
1443;16050
1420;16053
1414;16055
1420;16058
1434;16060
1443;16063
1450;16065
1453;16068
1462;16070
1480;16073
1490;16075
1496;16077
1485;16080
1476;16082
1487;16086
1503;16088
1527;16091
1533;16093
1525;16096
1517;16098
1511;16101
1496;16103
1480;16106
1461;16108
1457;16110
1456;16113
1456;16115
1454;16118
1446;16120
1444;16123
1458;16125
1477;16129
1490;16131
1485;16134
1466;16136
1461;16139
1460;16141
1463;16143
1485;16146
1492;16148
1482;16151
1476;16153
1471;16156
1472;16158
1476;16161
1485;16163
1506;16166
1535;16168
1539;16172
1525;16174
1517;16176
1505;16179
1491;16181
1483;16184
1471;16186
1486;16189
1506;16191
1529;16194
1506;16196
1459;16199
1431;16201
1421;16204
1414;16206
1399;16208
1398;16211
1407;16214
1421;16217
1430;16219
1450;16222
1468;16224
1480;16227
1482;16229
1486;16232
1482;16234
1487;16237
1491;16239
1495;16241
1513;16244
1527;16246
1525;16249
1534;16251
1543;16254
1506;16257
1467;16260
1459;16262
1451;16265
1442;16267
1429;16270
1424;16272
1419;16274
1412;16277
1407;16279
1415;16282
1423;16284
1431;16287
1442;16289
1444;16292
1445;16294
1448;16297
1451;16300
1469;16303
1508;16305
1534;16307
1518;16310
1493;16312
1485;16315
1487;16317
1502;16320
1491;16322
1465;16325
1446;16327
1431;16330
1434;16332
1446;16335
1473;16337
1509;16339
1521;16343
1518;16345
1498;16348
1471;16350
1458;16353
1433;16355
1416;16358
1423;16360
1439;16363
1457;16365
1460;16368
1460;16370
1437;16372
1427;16375
1435;16377
1476;16380
1532;16382
1566;16386
1571;16388
1531;16391
1477;16393
1461;16396
1456;16398
1447;16401
1443;16403
1440;16406
1450;16408
1463;16410
1471;16413
1476;16415
1484;16418
1473;16420
1449;16423
1451;16425
1458;16429
1489;16431
1514;16434
1523;16436
1533;16439
1495;16441
1454;16443
1435;16446
1439;16448
1461;16451
1486;16453
1500;16456
1497;16458
1477;16461
1475;16463
1488;16466
1508;16468
1517;16472
1503;16474
1478;16476
1463;16479
1479;16481
1514;16484
1537;16486
1542;16489
1513;16491
1446;16494
1434;16496
1458;16499
1519;16501
1577;16504
1567;16506
1524;16508
1473;16512
1448;16514
1445;16517
1472;16519
1519;16522
1570;16524
1583;16527
1577;16529
1543;16532
1521;16534
1515;16537
1498;16539
1502;16541
1471;16544
1423;16546
1391;16549
1388;16551
1397;16555
1416;16557
1429;16560
1435;16562
1419;16565
1394;16567
1383;16570
1391;16572
1429;16574
1467;16577
1506;16579
1512;16582
1508;16584
1513;16587
1491;16589
1452;16592
1437;16594
1449;16598
1453;16600
1446;16603
1428;16605
1436;16608
1460;16610
1502;16612
1525;16615
1508;16617
1481;16620
1447;16622
1415;16625
1406;16627
1405;16630
1411;16632
1433;16635
1456;16637
1459;16641
1444;16643
1429;16645
1425;16648
1422;16650
1436;16653
1453;16655
1472;16658
1472;16660
1466;16663
1466;16665
1473;16668
1476;16670
1477;16673
1473;16675
1475;16677
1487;16680
1498;16683
1489;16686
1473;16688
1463;16691
1472;16693
1476;16696
1479;16698
1454;16701
1409;16703
1402;16706
1412;16708
1426;16710
1438;16713
1442;16715
1451;16718
1444;16720
1452;16723
1456;16726
1448;16729
1439;16731
1459;16734
1490;16736
1518;16739
1514;16741
1507;16743
1518;16746
1548;16748
1578;16751
1575;16753
1568;16756
1551;16758
1522;16761
1488;16763
1471;16766
1461;16769
1448;16772
1440;16774
1453;16776
1489;16779
1513;16781
1498;16784
1474;16786
1465;16789
1475;16791
1497;16794
1525;16796
1545;16799
1539;16801
1557;16804
1606;16806
1625;16808
1604;16812
1571;16814
1542;16817
1529;16819
1518;16822
1523;16824
1539;16827
1552;16829
1534;16832
1510;16834
1508;16837
1519;16839
1511;16841
1488;16844
1467;16846
1445;16849
1437;16851
1441;16855
1441;16857
1431;16860
1430;16862
1431;16865
1431;16867
1427;16870
1431;16872
1443;16874
1459;16877
1460;16879
1455;16882
1453;16884
1461;16887
1501;16889
1565;16892
1631;16894
1624;16898
1569;16900
1537;16903
1522;16905
1489;16907
1454;16910
1440;16912
1434;16915
1429;16917
1419;16920
1415;16922
1422;16925
1426;16927
1425;16930
1424;16932
1427;16935
1436;16937
1452;16940
1460;16943
1460;16945
1458;16948
1462;16950
1482;16953
1499;16955
1529;16958
1548;16960
1513;16963
1477;16965
1475;16968
1492;16970
1485;16972
1479;16975
1505;16977
1549;16980
1586;16983
1598;16986
1567;16988
1502;16991
1468;16993
1443;16996
1431;16998
1429;17001
1436;17003
1448;17005
1449;17008
1450;17010
1443;17013
1446;17015
1457;17018
1463;17020
1452;17024
1439;17026
1437;17029
1448;17031
1467;17034
1506;17036
1556;17038
1587;17041
1579;17043
1542;17046
1523;17048
1505;17051
1479;17053
1470;17056
1475;17058
1482;17061
1499;17063
1514;17067
1535;17069
1544;17072
1504;17074
1473;17076
1453;17079
1440;17081
1432;17084
1436;17086
1461;17089
1499;17091
1520;17094
1523;17096
1512;17099
1486;17101
1470;17104
1441;17106
1445;17108
1467;17112
1483;17114
1481;17117
1454;17119
1451;17122
1465;17124
1470;17127
1464;17129
1460;17132
1451;17134
1442;17137
1433;17139
1421;17141
1411;17144
1404;17146
1411;17149
1428;17152
1434;17155
1423;17157
1413;17160
1429;17162
1446;17165
1441;17167
1441;17170
1441;17172
1451;17174
1470;17177
1470;17179
1481;17182
1500;17184
1521;17187
1529;17189
1506;17192
1476;17195
1447;17198
1435;17200
1436;17203
1435;17205
1441;17207
1461;17210
1462;17212
1455;17215
1440;17217
1435;17220
1444;17222
1466;17225
1493;17227
1508;17230
1496;17232
1472;17235
1449;17238
1441;17240
1439;17243
1439;17245
1439;17248
1441;17250
1462;17253
1489;17255
1504;17258
1501;17260
1500;17263
1513;17265
1495;17268
1477;17270
1481;17273
1516;17275
1546;17277
1569;17281
1562;17283
1527;17286
1507;17288
1495;17291
1486;17293
1477;17296
1459;17298
1441;17301
1433;17303
1428;17306
1421;17308
1417;17310
1425;17313
1435;17315
1439;17318
1447;17320
1453;17324
1456;17326
1463;17329
1472;17331
1484;17334
1510;17336
1542;17339
1544;17341
1525;17343
1505;17346
1483;17348
1466;17351
1461;17353
1465;17356
1468;17358
1471;17361
1474;17363
1475;17367
1471;17369
1461;17372
1459;17374
1460;17376
1457;17379
1456;17381
1456;17384
1458;17386
1460;17389
1462;17391
1463;17394
1465;17396
1466;17399
1468;17401
1472;17404
1474;17406
1474;17409
1475;17412
1475;17414
1475;17417
1476;17419
1477;17422
1480;17424
1483;17427
1485;17429
1485;17432
1484;17434
1485;17437
1486;17439
1488;17441
1488;17444
1492;17446
1500;17449
1507;17452
1512;17455
1510;17457
1503;17460
1502;17462
1502;17465
1501;17467
1505;17470
1511;17472
1516;17474
1522;17477
1529;17479
1536;17482
1539;17484
1538;17487
1539;17489
1541;17492
1545;17495
1549;17498
1553;17500
1558;17503
1562;17505
1567;17508
1572;17510
1577;17512
1581;17515
1584;17517
1587;17520
1589;17522
1589;17525
1591;17527
1593;17530
1594;17532
1595;17536
1594;17538
1593;17541
1596;17543
1612;17545
1636;17548
1665;17550
1661;17553
1615;17555
1578;17558
1565;17560
1564;17563
1560;17565
1556;17568
1552;17570
1547;17573
1544;17575
1540;17579
1538;17581
1537;17583
1535;17586
1532;17588
1529;17591
1526;17593
1523;17596
1520;17598
1518;17601
1515;17603
1512;17606
1511;17608
1509;17611
1506;17613
1503;17615
1501;17618
1498;17620
1496;17624
1494;17626
1492;17629
1490;17631
1487;17634
1484;17636
1482;17639
1479;17641
1476;17644
1473;17646
1471;17648
1469;17651
1468;17653
1467;17656
1467;17658
1468;17661
1473;17664
1487;17667
1504;17669
1515;17672
1509;17674
1483;17677
1457;17679
1448;17681
1443;17684
1441;17686
1438;17689
1436;17691
1433;17694
1431;17696
1429;17699
1428;17701
1428;17704
1427;17707
1426;17710
1426;17712
1425;17714
1423;17717
1423;17719
1422;17722
1421;17724
1421;17727
1421;17729
1421;17732
1421;17734
1421;17737
1421;17739
1421;17742
1422;17744
1423;17746
1425;17750
1427;17752
1427;17755
1428;17757
1428;17760
1430;17762
1432;17765
1435;17767
1437;17770
1439;17772
1440;17775
1447;17777
1455;17780
1455;17782
1444;17784
1436;17787
1431;17789
1429;17793
1429;17795
1428;17798
1428;17800
1428;17803
1428;17805
1428;17808
1429;17810
1431;17813
1432;17815
1432;17817
1432;17820
1432;17822
1434;17825
1434;17827
1435;17830
1436;17832
1437;17836
1440;17838
1445;17841
1455;17843
1463;17846
1463;17848
1454;17850
1442;17853
1433;17855
1433;17858
1433;17860
1433;17863
1433;17865
1432;17868
1430;17870
1427;17873
1424;17875
1423;17879
1422;17881
1421;17884
1421;17886
1420;17888
1420;17891
1419;17893
1419;17896
1418;17898
1418;17901
1418;17903
1417;17906
1417;17908
1417;17911
1418;17913
1419;17916
1419;17918
1419;17921
1420;17924
1423;17926
1425;17929
1423;17931
1420;17934
1420;17936
1420;17939
1420;17941
1417;17944
1417;17946
1420;17949
1423;17951
1426;17953
1427;17956
1428;17958
1428;17961
1427;17964
1426;17967
1429;17969
1429;17972
1426;17974
1430;17977
1434;17979
1438;17982
1442;17984
1445;17986
1447;17989
1450;17991
1454;17994
1457;17996
1461;17999
1464;18001
1468;18004
1472;18007
1474;18010
1478;18012
1481;18015
1484;18017
1486;18019
1490;18022
1494;18024
1499;18027
1503;18029
1508;18032
1512;18034
1516;18037
1518;18039
1513;18042
1510;18044
1512;18048
1510;18050
1500;18052
1494;18055
1490;18057
1486;18060
1480;18062
1478;18065
1480;18067
1481;18070
1482;18072
1483;18075
1481;18077
1480;18080
1478;18082
1478;18084
1476;18087
1475;18089
1475;18093
1474;18095
1474;18098
1475;18100
1476;18103
1477;18105
1477;18108
1479;18110
1482;18113
1484;18115
1486;18117
1488;18120
1488;18122
1490;18125
1495;18127
1500;18130
1504;18132
1502;18136
1497;18138
1495;18141
1497;18143
1498;18146
1499;18148
1499;18150
1494;18153
1492;18155
1492;18158
1488;18160
1482;18163
1479;18165
1481;18168
1484;18170
1486;18173
1488;18176
1489;18179
1487;18181
1487;18184
1489;18186
1490;18188
1490;18191
1491;18193
1491;18196
1491;18198
1491;18201
1491;18203
1491;18206
1491;18208
1492;18211
1492;18213
1493;18216
1495;18219
1499;18221
1501;18224
1503;18226
1503;18229
1506;18231
1511;18234
1518;18236
1519;18239
1507;18241
1497;18244
1487;18246
1483;18249
1480;18251
1478;18253
1477;18256
1474;18258
1471;18262
1466;18264
1461;18267
1465;18269
1467;18272
1467;18274
1467;18277
1466;18279
1465;18282
1465;18284
1464;18286
1463;18289
1464;18291
1466;18294
1469;18296
1473;18299
1475;18301
1475;18305
1472;18307
1469;18310
1466;18312
1466;18315
1469;18317
1475;18319
1481;18322
1485;18324
1479;18327
1475;18329
1471;18332
1467;18334
1466;18337
1468;18339
1471;18342
1477;18344
1482;18348
1478;18350
1467;18352
1460;18355
1458;18357
1460;18360
1463;18362
1464;18365
1464;18367
1464;18370
1464;18372
1465;18375
1466;18377
1466;18380
1467;18382
1468;18385
1468;18387
1469;18390
1470;18393
1470;18395
1471;18398
1471;18400
1471;18403
1471;18405
1472;18408
1473;18410
1474;18413
1475;18415
1476;18418
1478;18420
1480;18422
1482;18425
1483;18427
1484;18430
1485;18433
1487;18436
1486;18438
1486;18441
1487;18443
1485;18446
1480;18448
1479;18451
1478;18453
1474;18455
1472;18458
1469;18460
1468;18463
1468;18465
1468;18468
1468;18470
1468;18473
1467;18476
1467;18479
1467;18481
1467;18484
1466;18486
1467;18488
1467;18491
1466;18493
1466;18496
1466;18498
1466;18501
1467;18503
1467;18506
1468;18508
1468;18511
1469;18513
1470;18516
1471;18519
1473;18521
1474;18524
1477;18526
1477;18529
1477;18531
1481;18534
1491;18536
1505;18539
1515;18541
1512;18544
1492;18546
1478;18549
1475;18551
1472;18554
1470;18556
1469;18558
1469;18562
1470;18564
1469;18567
1468;18569
1467;18572
1467;18574
1466;18577
1466;18579
1466;18582
1466;18584
1467;18587
1467;18589
1466;18591
1466;18594
1466;18596
1466;18599
1466;18601
1466;18605
1467;18607
1467;18610
1467;18612
1465;18615
1464;18617
1463;18620
1464;18622
1464;18624
1465;18627
1467;18629
1470;18632
1472;18634
1472;18637
1471;18639
1468;18642
1466;18644
1468;18648
1468;18650
1463;18653
1459;18655
1464;18657
1467;18660
1468;18662
1470;18665
1471;18667
1472;18670
1473;18672
1473;18675
1473;18677
1474;18680
1474;18682
1475;18685
1476;18688
1478;18690
1480;18693
1480;18695
1480;18698
1480;18700
1481;18703
1481;18705
1482;18708
1482;18710
1483;18713
1484;18715
1486;18718
1490;18720
1498;18722
1507;18725
1521;18727
1532;18731
1529;18733
1505;18736
1492;18738
1485;18741
1482;18743
1481;18746
1479;18748
1476;18751
1474;18753
1472;18755
1473;18758
1473;18760
1474;18763
1474;18765
1475;18768
1476;18770
1477;18774
1475;18776
1475;18779
1474;18781
1474;18784
1473;18786
1472;18789
1472;18791
1472;18793
1471;18796
1471;18798
1471;18801
1472;18803
1473;18806
1475;18808
1476;18811
1476;18813
1480;18817
1488;18819
1500;18822
1512;18824
1512;18826
1496;18829
1484;18831
1480;18834
1481;18836
1482;18839
1482;18841
1481;18844
1480;18846
1474;18849
1473;18851
1472;18854
1472;18856
1471;18859
1471;18862
1470;18864
1470;18867
1470;18869
1470;18872
1470;18874
1470;18877
1470;18879
1470;18882
1470;18884
1471;18887
1472;18889
1474;18891
1475;18894
1478;18896
1483;18899
1491;18902
1497;18905
1496;18907
1490;18910
1487;18912
1483;18915
1480;18917
1478;18920
1477;18922
1477;18925
1480;18927
1487;18929
1491;18932
1489;18934
1480;18937
1474;18939
1472;18942
1471;18945
1470;18948
1469;18950
1469;18953
1470;18955
1471;18958
1472;18960
1472;18962
1473;18965
1473;18967
1473;18970
1474;18972
1475;18975
1475;18977
1476;18980
1476;18982
1478;18985
1479;18988
1480;18991
1482;18993
1483;18995
1483;18998
1485;19000
1487;19003
1488;19005
1489;19008
1489;19010
1493;19013
1496;19015
1497;19018
1500;19020
1503;19023
1502;19025
1500;19028
1500;19031
1498;19033
1491;19036
1488;19038
1486;19041
1485;19043
1485;19046
1485;19048
1485;19051
1485;19053
1485;19056
1484;19058
1483;19061
1483;19063
1483;19065
1482;19068
1482;19070
1483;19074
1483;19076
1483;19079
1484;19081
1487;19084
1493;19086
1501;19089
1508;19091
1511;19094
1506;19096
1496;19098
1488;19101
1487;19103
1491;19106
1491;19108
1487;19111
1480;19113
1478;19117
1477;19119
1477;19122
1479;19124
1479;19127
1480;19129
1482;19132
1481;19134
1479;19136
1480;19139
1479;19141
1478;19144
1477;19146
1477;19149
1477;19151
1477;19154
1477;19156
1477;19160
1477;19162
1477;19165
1477;19167
1477;19170
1478;19172
1478;19174
1478;19177
1479;19179
1480;19182
1482;19184
1484;19187
1485;19189
1485;19192
1488;19194
1490;19197
1491;19200
1493;19203
1499;19205
1502;19208
1498;19210
1488;19212
1484;19215
1485;19217
1487;19220
1486;19222
1486;19225
1485;19227
1486;19230
1484;19232
1484;19235
1483;19237
1483;19240
1482;19243
1481;19245
1480;19248
1480;19250
1481;19253
1481;19255
1481;19258
1481;19260
1481;19263
1482;19265
1482;19268
1482;19270
1482;19273
1483;19275
1485;19277
1488;19280
1491;19282
1494;19286
1495;19288
1495;19291
1494;19293
1492;19296
1487;19298
1485;19301
1484;19303
1485;19306
1486;19308
1487;19310
1486;19313
1486;19315
1487;19318
1487;19320
1490;19323
1488;19325
1486;19329
1483;19331
1478;19334
1473;19336
1470;19339
1469;19341
1469;19343
1469;19346
1466;19348
1464;19351
1462;19353
1461;19356
1461;19358
1460;19361
1461;19363
1461;19366
1460;19368
1460;19372
1460;19374
1461;19376
1463;19379
1463;19381
1463;19384
1465;19386
1466;19389
1469;19391
1472;19394
1472;19396
1471;19399
1472;19401
1476;19404
1482;19406
1486;19408
1485;19411
1477;19414
1472;19417
1468;19419
1467;19422
1467;19424
1466;19427
1466;19429
1465;19432
1464;19434
1464;19437
1464;19439
1464;19441
1464;19444
1464;19446
1465;19449
1465;19451
1465;19454
1465;19457
1466;19460
1466;19462
1467;19465
1468;19467
1469;19470
1470;19472
1470;19474
1471;19477
1474;19479
1478;19482
1482;19484
1484;19487
1478;19489
1473;19492
1470;19494
1470;19497
1472;19500
1469;19503
1467;19505
1467;19507
1468;19510
1470;19512
1472;19515
1472;19517
1469;19520
1466;19522
1465;19525
1464;19527
1464;19530
1465;19532
1466;19535
1466;19537
1467;19539
1468;19543
1468;19545
1469;19548
1470;19550
1470;19553
1471;19555
1471;19558
1473;19560
1472;19563
1472;19565
1473;19568
1475;19570
1475;19573
1476;19575
1478;19577
1480;19580
1483;19582
1485;19586
1485;19588
1484;19591
1485;19593
1482;19596
1482;19598
1485;19601
1491;19603
1496;19606
1491;19608
1481;19610
1477;19613
1475;19615
1473;19618
1473;19620
1473;19623
1473;19625
1474;19629
1475;19631
1477;19634
1478;19636
1481;19639
1484;19641
1488;19643
1492;19646
1494;19648
1495;19651
1498;19653
1504;19656
1511;19658
1519;19661
1524;19663
1525;19666
1523;19668
1521;19672
1521;19674
1520;19676
1516;19679
1510;19681
1504;19684
1503;19686
1502;19689
1499;19691
1498;19694
1499;19696
1500;19699
1502;19701
1504;19704
1505;19706
1506;19709
1508;19712
1509;19714
1513;19717
1516;19719
1520;19722
1523;19724
1524;19727
1525;19729
1528;19732
1532;19734
1532;19737
1530;19739
1527;19742
1525;19744
1525;19746
1525;19749
1527;19751
1530;19755
1535;19757
1535;19760
1530;19762
1522;19765
1519;19767
1516;19770
1513;19772
1511;19775
1509;19777
1508;19779
1508;19782
1507;19784
1507;19787
1507;19789
1506;19792
1505;19794
1504;19798
1503;19800
1502;19803
1500;19805
1499;19808
1497;19810
1496;19813
1495;19815
1493;19817
1492;19820
1492;19822
1493;19825
1495;19827
1493;19830
1489;19832
1486;19835
1486;19837
1487;19841
1488;19843
1489;19846
1488;19848
1480;19850
1472;19853
1471;19855
1473;19858
1477;19860
1480;19863
1479;19865
1478;19868
1475;19870
1466;19873
1462;19875
1459;19878
1456;19880
1453;19883
1451;19886
1455;19888
1454;19891
1452;19893
1452;19896
1452;19898
1453;19901
1453;19903
1454;19906
1455;19908
1456;19911
1458;19913
1458;19916
1458;19918
1460;19920
1461;19923
1461;19926
1462;19929
1464;19931
1467;19934
1471;19936
1475;19939
1479;19941
1482;19944
1481;19946
1481;19949
1483;19951
1492;19953
1506;19956
1520;19958
1527;19961
1518;19963
1499;19966
1489;19969
1482;19972
1478;19974
1475;19977
