1479;2
1478;4
1475;7
1472;9
1472;11
1473;13
1473;16
1476;18
1477;20
1478;23
1475;25
1476;27
1478;30
1478;32
1477;34
1475;37
1473;39
1473;41
1473;44
1473;47
1473;49
1476;51
1480;54
1487;56
1491;58
1493;61
1489;63
1488;65
1489;68
1491;70
1491;72
1491;74
1493;77
1499;79
1500;81
1497;84
1487;87
1481;89
1478;92
1478;94
1481;96
1486;99
1489;101
1492;103
1496;106
1499;108
1493;110
1488;113
1488;115
1485;117
1483;120
1485;122
1486;125
1485;128
1484;130
1480;133
1474;135
1471;137
1470;140
1470;142
1474;144
1479;147
1485;149
1492;152
1494;154
1493;156
1489;159
1485;161
1480;163
1475;166
1472;168
1470;171
1470;174
1471;176
1473;179
1475;181
1480;183
1485;186
1489;188
1488;190
1480;193
1475;195
1474;197
1473;200
1472;202
1472;205
1474;207
1479;209
1483;212
1484;215
1479;217
1476;220
1476;222
1477;224
1475;227
1474;229
1474;232
1475;234
1478;236
1480;239
1481;241
1483;243
1490;246
1492;248
1493;250
1497;253
1499;256
1500;259
1499;261
1490;263
1481;266
1482;268
1484;270
1487;273
1488;275
1486;277
1481;280
1479;282
1480;285
1480;287
1482;289
1482;292
1480;294
1476;296
1475;300
1474;302
1475;304
1477;307
1481;309
1483;311
1485;314
1486;316
1488;319
1487;321
1485;323
1485;326
1489;328
1494;330
1500;333
1506;335
1509;337
1512;340
1518;343
1511;346
1495;348
1493;350
1490;353
1488;355
1485;357
1485;360
1484;362
1485;364
1486;367
1487;369
1489;372
1485;374
1481;376
1479;379
1480;381
1483;384
1486;387
1485;389
1479;391
1478;394
1478;396
1479;399
1478;401
1475;403
1473;406
1473;408
1475;410
1476;413
1478;415
1478;417
1477;420
1477;422
1480;425
1484;428
1486;430
1482;433
1477;435
1472;437
1466;440
1464;442
1463;444
1463;447
1465;449
1468;452
1473;454
1474;456
1472;459
1469;461
1467;463
1469;466
1469;468
1465;471
1460;474
1457;476
1457;479
1459;481
1461;483
1461;486
1460;488
1459;490
1461;493
1461;495
1465;497
1472;500
1479;502
1488;505
1487;507
1479;509
1476;513
1477;515
1479;517
1472;520
1465;522
1462;524
1460;527
1458;529
1459;532
1462;534
1466;536
1466;539
1469;541
1465;543
1458;546
1455;548
1453;550
1454;553
1455;556
1456;559
1458;561
1459;563
1461;566
1460;568
1460;570
1466;573
1472;575
1480;577
1480;580
1473;582
1465;585
1460;587
1461;589
1464;592
1469;594
1474;596
1477;600
1477;602
1470;604
1463;607
1461;609
1461;612
1464;614
1470;616
1475;619
1475;621
1468;623
1467;626
1468;628
1473;630
1476;633
1475;635
1472;638
1469;641
1464;643
1463;646
1464;648
1466;650
1472;653
1477;655
1476;657
1470;660
1468;662
1467;665
1470;667
1477;669
1482;672
1484;674
1479;676
1471;679
1471;681
1471;684
1473;687
1474;689
1476;692
1475;694
1473;696
1474;699
1475;701
1477;703
1480;706
1480;708
1478;710
1476;713
1476;715
1475;718
1474;720
1470;722
1466;726
1465;728
1463;730
1462;733
1465;735
1468;737
1472;740
1474;742
1478;745
1483;747
1480;749
1473;752
1471;754
1472;756
1474;759
1478;761
1477;763
1474;766
1474;769
1474;772
1480;774
1488;776
1495;779
1497;781
1491;783
1482;786
1480;788
1481;790
1482;793
1484;795
1487;798
1487;800
1486;802
1483;805
1482;807
1484;809
1487;813
1487;815
1487;817
1485;820
1485;822
1486;825
1487;827
1488;829
1489;832
1489;834
1489;836
1487;839
1486;841
1486;843
1481;846
1480;848
1478;851
1478;854
1481;856
1486;859
1487;861
1482;863
1478;866
1477;868
1479;870
1482;873
1485;875
1488;877
1487;880
1488;882
1491;885
1493;887
1490;889
1486;892
1484;894
1484;897
1485;900
1483;902
1481;904
1481;907
1487;909
1493;912
1498;914
1501;916
1497;919
1492;921
1487;923
1484;926
1486;928
1485;930
1482;933
1475;935
1472;939
1471;941
1472;943
1473;946
1476;948
1480;950
1485;953
1489;955
1497;957
1502;960
1493;962
1480;965
1475;967
1472;969
1471;972
1470;974
1469;976
1472;979
1474;982
1479;984
1486;987
1491;989
1488;992
1485;994
1483;996
1483;999
1483;1001
1478;1003
1473;1006
1470;1008
1469;1011
1469;1013
1469;1016
1470;1018
1470;1020
1468;1024
1468;1026
1470;1029
1475;1031
1482;1033
1491;1036
1502;1038
1506;1041
1498;1043
1484;1045
1477;1048
1473;1050
1472;1053
1473;1055
1475;1058
1476;1060
1477;1062
1478;1065
1480;1068
1480;1071
1480;1073
1477;1075
1474;1078
1472;1080
1469;1083
1468;1085
1470;1087
1475;1090
1481;1092
1484;1095
1480;1097
1474;1100
1474;1102
1476;1104
1479;1107
1481;1110
1480;1113
1478;1115
1476;1117
1476;1120
1477;1122
1480;1125
1482;1127
1481;1129
1482;1132
1481;1134
1480;1137
1480;1139
1479;1142
1481;1144
1484;1146
1486;1149
1487;1152
1486;1155
1486;1157
1487;1159
1485;1162
1483;1164
1484;1167
1487;1169
1488;1171
1490;1174
1492;1176
1490;1179
1484;1181
1477;1184
1474;1186
1471;1188
1470;1191
1471;1193
1472;1197
1475;1199
1479;1201
1482;1204
1481;1206
1480;1209
1479;1211
1479;1213
1480;1216
1481;1218
1483;1221
1485;1223
1485;1226
1485;1228
1486;1230
1487;1233
1489;1235
1490;1239
1490;1241
1490;1243
1487;1246
1483;1248
1483;1251
1484;1253
1485;1256
1485;1258
1484;1260
1483;1263
1484;1265
1480;1268
1478;1270
1476;1272
1474;1275
1474;1277
1474;1281
1476;1283
1479;1285
1480;1288
1482;1290
1482;1293
1479;1295
1482;1298
1486;1300
1491;1302
1496;1305
1496;1307
1493;1310
1490;1312
1489;1314
1491;1317
1492;1319
1493;1323
1492;1325
1492;1327
1491;1330
1484;1332
1480;1335
1477;1337
1477;1340
1479;1342
1478;1344
1478;1347
1477;1349
1475;1352
1474;1354
1474;1356
1474;1359
1474;1361
1474;1364
1475;1367
1477;1369
1482;1372
1488;1374
1495;1377
1498;1379
1494;1382
1490;1384
1489;1386
1491;1389
1496;1391
1502;1394
1503;1396
1501;1398
1494;1401
1486;1403
1479;1406
1474;1409
1473;1411
1478;1414
1482;1416
1482;1419
1481;1421
1482;1424
1482;1426
1482;1428
1478;1431
1472;1433
1469;1436
1467;1438
1467;1440
1466;1443
1466;1445
1467;1448
1470;1451
1474;1453
1474;1456
1472;1458
1469;1461
1469;1463
1472;1466
1475;1468
1476;1470
1477;1473
1479;1475
1478;1478
1481;1480
1487;1482
1491;1485
1492;1487
1487;1490
1480;1492
1473;1496
1469;1498
1468;1500
1470;1503
1474;1505
1474;1508
1471;1510
1475;1512
1480;1515
1483;1517
1481;1520
1475;1522
1471;1524
1471;1527
1475;1529
1482;1532
1489;1534
1490;1538
1484;1540
1472;1542
1468;1545
1464;1547
1463;1550
1463;1552
1465;1554
1467;1557
1469;1559
1469;1562
1469;1564
1469;1566
1470;1569
1474;1571
1479;1574
1482;1576
1480;1580
1478;1582
1476;1584
1477;1587
1481;1589
1485;1592
1484;1594
1479;1596
1478;1599
1480;1601
1485;1604
1493;1606
1496;1608
1495;1611
1484;1613
1477;1616
1474;1618
1476;1622
1479;1624
1482;1626
1480;1629
1475;1631
1472;1634
1470;1636
1470;1638
1471;1641
1471;1643
1470;1646
1469;1648
1470;1650
1471;1653
1473;1655
1478;1658
1483;1660
1486;1664
1486;1666
1485;1668
1483;1671
1481;1673
1480;1676
1484;1678
1491;1680
1495;1683
1498;1685
1500;1688
1503;1690
1504;1692
1495;1695
1490;1697
1490;1700
1486;1702
1482;1705
1480;1708
1479;1710
1478;1713
1475;1715
1474;1718
1474;1720
1475;1722
1474;1725
1473;1727
1475;1730
1475;1732
1477;1735
1480;1737
1483;1739
1491;1742
1501;1744
1508;1747
1517;1750
1509;1752
1500;1755
1498;1757
1498;1760
1497;1762
1492;1764
1484;1767
1479;1769
1472;1772
1469;1774
1469;1777
1471;1779
1472;1781
1472;1784
1471;1786
1471;1789
1470;1792
1469;1794
1473;1797
1479;1799
1488;1802
1495;1804
1490;1806
1481;1809
1477;1811
1476;1814
1473;1816
1470;1819
1471;1821
1471;1823
1468;1826
1471;1828
1476;1831
1480;1833
1484;1836
1481;1839
1474;1841
1470;1844
1467;1846
1465;1848
1467;1851
1471;1853
1474;1856
1474;1858
1474;1861
1471;1863
1468;1865
1469;1868
1472;1870
1478;1873
1486;1875
1485;1878
1486;1881
1486;1883
1479;1886
1474;1888
1472;1890
1474;1893
1478;1895
1486;1898
1493;1900
1493;1903
1492;1905
1489;1907
1486;1910
1488;1912
1491;1915
1488;1917
1484;1920
1479;1923
1476;1925
1475;1928
1475;1930
1478;1932
1482;1935
1485;1937
1490;1940
1487;1942
1480;1945
1477;1947
1475;1949
1475;1952
1476;1954
1478;1957
1481;1959
1484;1961
1490;1965
1494;1967
1493;1970
1491;1972
1487;1975
1487;1977
1486;1979
1486;1982
1487;1984
1486;1987
1482;1989
1474;1991
1474;1994
1474;1996
1474;1999
1477;2001
1478;2003
1477;2007
1474;2009
1471;2012
1471;2014
1471;2017
1473;2019
1475;2021
1477;2024
1481;2026
1485;2029
1489;2031
1494;2033
1499;2036
1496;2038
1486;2041
1483;2043
1486;2045
1490;2049
1496;2051
1503;2054
1497;2056
1486;2059
1478;2061
1470;2063
1469;2066
1470;2068
1473;2071
1477;2073
1479;2075
1481;2078
1477;2080
1472;2083
1472;2085
1472;2087
1474;2091
1472;2093
1470;2096
1471;2098
1471;2101
1472;2103
1472;2105
1470;2108
1469;2110
1471;2113
1473;2115
1477;2117
1483;2120
1487;2122
1491;2125
1492;2127
1491;2129
1483;2132
1478;2135
1477;2138
1479;2140
1481;2143
1482;2145
1486;2147
1491;2150
1491;2152
1484;2155
1481;2157
1482;2159
1486;2162
1490;2164
1489;2167
1485;2169
1480;2171
1475;2174
1473;2177
1474;2180
1477;2182
1480;2185
1484;2187
1483;2189
1480;2192
1480;2194
1481;2197
1479;2199
1480;2201
1481;2204
1483;2206
1484;2209
1482;2211
1482;2214
1486;2216
1493;2219
1502;2222
1510;2224
1509;2227
1504;2229
1495;2231
1488;2234
1484;2236
1484;2239
1486;2241
1483;2243
1483;2246
1486;2248
1488;2251
1487;2253
1485;2256
1483;2258
1479;2260
1475;2264
1475;2266
1475;2269
1474;2271
1475;2273
1476;2276
1478;2278
1478;2281
1477;2283
1477;2285
1479;2288
1481;2290
1483;2293
1485;2295
1489;2298
1489;2300
1490;2302
1488;2306
1489;2308
1491;2311
1493;2313
1496;2315
1496;2318
1494;2320
1492;2323
1491;2325
1493;2327
1489;2330
1482;2332
1482;2335
1484;2337
1487;2340
1489;2342
1495;2344
1495;2348
1494;2350
1493;2353
1494;2355
1496;2357
1499;2360
1498;2362
1490;2365
1485;2367
1484;2369
1485;2372
1487;2374
1487;2377
1480;2379
1477;2382
1476;2384
1475;2386
1475;2390
1475;2392
1476;2395
1476;2397
1480;2399
1485;2402
1487;2404
1490;2407
1492;2409
1489;2412
1491;2414
1492;2416
1493;2419
1496;2421
1494;2424
1494;2426
1492;2428
1489;2432
1490;2434
1492;2437
1495;2439
1496;2441
1491;2444
1483;2446
1480;2449
1481;2451
1482;2454
1482;2456
1481;2458
1481;2461
1485;2463
1491;2466
1494;2468
1491;2470
1484;2473
1483;2476
1487;2479
1487;2481
1490;2483
1492;2486
1491;2488
1486;2491
1489;2493
1493;2496
1491;2498
1488;2500
1484;2503
1479;2505
1478;2508
1480;2510
1481;2512
1484;2515
1488;2518
1490;2521
1492;2523
1497;2525
1497;2528
1499;2530
1499;2533
1500;2535
1496;2538
1490;2540
1487;2542
1489;2545
1498;2547
1510;2550
1512;2552
1501;2554
1495;2557
1491;2560
1489;2563
1489;2565
1492;2567
1488;2570
1491;2572
1498;2575
1503;2577
1502;2580
1501;2582
1500;2584
1495;2587
1492;2589
1494;2592
1499;2594
1502;2596
1506;2599
1501;2601
1486;2605
1480;2607
1477;2609
1482;2612
1483;2614
1477;2617
1474;2619
1474;2622
1479;2624
1482;2626
1482;2629
1479;2631
1474;2634
1465;2636
1460;2638
1459;2641
1457;2643
1457;2647
1458;2649
1453;2652
1450;2654
1447;2656
1443;2659
1441;2661
1442;2664
1447;2666
1453;2668
1457;2671
1456;2673
1451;2676
1452;2678
1455;2680
1454;2683
1444;2685
1431;2689
1424;2691
1420;2694
1423;2696
1429;2698
1426;2701
1427;2703
1430;2706
1432;2708
1434;2710
1420;2713
1412;2715
1410;2718
1414;2720
1427;2722
1442;2725
1451;2727
1459;2731
1455;2733
1446;2736
1445;2738
1446;2740
1448;2743
1455;2745
1469;2748
1476;2750
1474;2752
1481;2755
1493;2757
1488;2760
1483;2762
1472;2764
1480;2767
1494;2769
1503;2772
1505;2775
1505;2778
1510;2780
1520;2782
1528;2785
1530;2787
1539;2790
1551;2792
1552;2794
1550;2797
1534;2799
1522;2802
1503;2804
1483;2807
1472;2809
1491;2811
1522;2814
1536;2817
1526;2820
1519;2822
1528;2824
1558;2827
1578;2829
1588;2832
1604;2834
1597;2836
1580;2839
1563;2841
1551;2844
1548;2846
1546;2849
1559;2851
1560;2853
1542;2856
1517;2859
1506;2862
1495;2864
1482;2866
1477;2869
1484;2871
1502;2874
1508;2876
1499;2878
1491;2881
1498;2883
1522;2886
1549;2888
1589;2891
1597;2893
1575;2895
1549;2898
1504;2900
1481;2904
1480;2906
1486;2908
1499;2911
1515;2913
1523;2916
1521;2918
1526;2920
1544;2923
1554;2925
1525;2928
1514;2930
1514;2933
1512;2935
1487;2937
1461;2940
1440;2942
1431;2946
1437;2948
1451;2950
1457;2953
1465;2955
1484;2958
1503;2960
1491;2962
1457;2965
1447;2967
1461;2970
1479;2972
1501;2975
1520;2977
1516;2979
1510;2982
1495;2984
1468;2988
1433;2990
1411;2992
1388;2995
1382;2997
1373;3000
1376;3002
1381;3004
1386;3007
1397;3009
1404;3012
1408;3014
1410;3017
1428;3019
1476;3021
1512;3024
1542;3026
1526;3030
1488;3032
1458;3034
1420;3037
1412;3039
1422;3042
1443;3044
1462;3047
1463;3049
1445;3051
1455;3054
1446;3056
1441;3059
1452;3061
1478;3063
1479;3066
1433;3068
1407;3072
1421;3074
1431;3076
1451;3079
1469;3081
1481;3084
1508;3086
1496;3089
1472;3091
1440;3093
1432;3096
1430;3098
1426;3101
1438;3103
1476;3105
1490;3108
1497;3110
1499;3113
1505;3116
1516;3118
1528;3121
1492;3123
1483;3126
1496;3128
1501;3131
1487;3133
1454;3135
1441;3138
1429;3140
1415;3143
1410;3145
1452;3147
1494;3150
1512;3152
1499;3155
1470;3158
1431;3160
1393;3163
1365;3165
1356;3168
1380;3170
1425;3173
1481;3175
1518;3177
1453;3180
1416;3182
1387;3185
1374;3187
1359;3189
1373;3192
1393;3194
1407;3197
1417;3200
1431;3202
1425;3205
1431;3207
1430;3210
1401;3212
1390;3215
1405;3217
1436;3219
1488;3222
1503;3224
1491;3227
1452;3229
1412;3231
1407;3234
1417;3236
1424;3239
1433;3241
1444;3244
1437;3247
1408;3249
1384;3252
1392;3254
1410;3257
1438;3259
1484;3261
1537;3264
1574;3266
1518;3269
1485;3271
1455;3273
1433;3276
1426;3278
1441;3281
1435;3283
1432;3286
1443;3289
1471;3291
1505;3294
1497;3296
1479;3299
1456;3301
1445;3303
1439;3306
1444;3308
1438;3311
1412;3313
1391;3315
1414;3318
1449;3320
1495;3323
1468;3325
1405;3328
1394;3331
1396;3333
1416;3336
1450;3338
1476;3341
1495;3343
1484;3345
1482;3348
1482;3350
1478;3353
1499;3355
1539;3357
1536;3360
1475;3362
1457;3365
1460;3367
1481;3371
1504;3373
1496;3375
1507;3378
1535;3380
1560;3383
1554;3385
1511;3387
1485;3390
1488;3392
1501;3395
1470;3397
1440;3399
1423;3402
1417;3404
1427;3407
1447;3409
1483;3412
1520;3415
1548;3417
1529;3420
1519;3422
1526;3425
1545;3427
1538;3429
1508;3432
1511;3434
1487;3437
1453;3439
1463;3441
1510;3444
1563;3446
1607;3449
1587;3451
1538;3454
1504;3457
1468;3459
1440;3462
1426;3464
1417;3467
1427;3469
1454;3471
1473;3474
1481;3476
1483;3479
1510;3481
1513;3483
1511;3486
1486;3488
1485;3491
1511;3493
1533;3496
1540;3499
1531;3501
1497;3504
1477;3506
1484;3509
1525;3511
1559;3513
1578;3516
1560;3518
1540;3521
1517;3523
1517;3525
1533;3528
1549;3530
1534;3533
1484;3535
1459;3538
1450;3540
1445;3543
1461;3546
1478;3548
1510;3551
1514;3553
1491;3555
1492;3558
1504;3560
1500;3563
1481;3565
1505;3567
1544;3570
1577;3572
1604;3575
1611;3577
1623;3580
1573;3582
1532;3585
1521;3588
1528;3590
1534;3593
1535;3595
1526;3597
1512;3600
1532;3602
1543;3605
1533;3607
1530;3609
1557;3612
1568;3614
1573;3617
1546;3619
1520;3622
1516;3624
1524;3627
1539;3630
1538;3632
1528;3635
1540;3637
1550;3639
1548;3642
1529;3644
1507;3647
1505;3649
1520;3651
1534;3654
1521;3656
1538;3659
1563;3661
1581;3664
1576;3666
1533;3668
1501;3672
1496;3674
1485;3677
1461;3679
1468;3681
1499;3684
1544;3686
1563;3689
1546;3691
1521;3694
1477;3696
1465;3698
1478;3701
1497;3703
1531;3706
1536;3708
1500;3710
1486;3714
1518;3716
1545;3719
1571;3721
1566;3723
1549;3726
1555;3728
1537;3731
1509;3733
1505;3736
1516;3738
1521;3740
1513;3743
1516;3745
1564;3748
1619;3750
1623;3752
1559;3756
1508;3758
1485;3761
1467;3763
1454;3765
1443;3768
1442;3770
1436;3773
1429;3775
1449;3778
1451;3780
1458;3782
1477;3785
1498;3787
1508;3790
1483;3792
1442;3794
1439;3798
1464;3800
1473;3803
1473;3805
1492;3807
1501;3810
1506;3812
1491;3815
1492;3817
1522;3820
1574;3822
1598;3824
1542;3827
1497;3829
1480;3832
1496;3834
1530;3836
1545;3840
1515;3842
1469;3845
1434;3847
1417;3849
1405;3852
1375;3854
1368;3857
1386;3859
1415;3862
1425;3864
1427;3866
1438;3869
1447;3871
1447;3874
1474;3876
1523;3878
1553;3881
1561;3884
1539;3887
1552;3889
1561;3892
1498;3894
1465;3896
1458;3899
1481;3901
1535;3904
1591;3906
1622;3908
1576;3911
1500;3913
1484;3916
1469;3918
1450;3920
1416;3923
1393;3926
1376;3929
1369;3931
1372;3934
1383;3936
1408;3938
1384;3941
1379;3943
1410;3946
1464;3948
1526;3950
1557;3953
1525;3955
1487;3958
1467;3960
1466;3962
1488;3965
1497;3968
1500;3971
1519;3973
1550;3976
1544;3978
1523;3980
1520;3983
1525;3985
1565;3988
1582;3990
1522;3992
1477;3995
1447;3997
1440;4000
1447;4002
1433;4004
1424;4007
1431;4009
1437;4013
1435;4015
1447;4018
1464;4020
1488;4022
1499;4025
1506;4027
1526;4030
1538;4032
1524;4034
1511;4037
1507;4039
1522;4042
1558;4044
1570;4046
1541;4049
1475;4051
1447;4055
1450;4057
1487;4060
1538;4062
1555;4064
1509;4067
1498;4069
1502;4072
1474;4074
1444;4076
1439;4079
1442;4081
1451;4084
1457;4086
1449;4089
1443;4091
1459;4093
1488;4097
1523;4099
1523;4102
1485;4104
1475;4106
1478;4109
1507;4111
1517;4114
1478;4116
1480;4118
1477;4121
1462;4123
1458;4126
1446;4128
1464;4131
1486;4133
1515;4135
1523;4139
1490;4141
1467;4144
1454;4146
1449;4148
1438;4151
1437;4153
1418;4156
1400;4158
1395;4160
1397;4163
1404;4165
1427;4168
1463;4170
1469;4173
1440;4175
1429;4177
1430;4180
1426;4183
1438;4186
1434;4188
1437;4190
1454;4193
1479;4195
1483;4198
1453;4200
1416;4202
1399;4205
1431;4207
1476;4210
1480;4212
1476;4215
1491;4217
1521;4219
1500;4222
1472;4225
1451;4228
1436;4230
1422;4232
1431;4235
1446;4237
1468;4240
1483;4242
1479;4244
1484;4247
1481;4249
1473;4252
1479;4254
1475;4257
1473;4259
1472;4261
1463;4264
1462;4267
1477;4270
1500;4272
1520;4274
1509;4277
1466;4279
1459;4282
1475;4284
1494;4287
1525;4289
1542;4291
1551;4294
1523;4296
1470;4299
1434;4301
1445;4303
1462;4306
1475;4308
1485;4312
1487;4314
1485;4316
1486;4319
1497;4321
1499;4324
1503;4326
1503;4329
1498;4331
1492;4333
1502;4336
1524;4338
1551;4341
1567;4343
1564;4345
1568;4348
1581;4350
1545;4354
1491;4356
1486;4358
1502;4361
1540;4363
1566;4366
1535;4368
1535;4371
1525;4373
1518;4375
1496;4378
1473;4380
1467;4383
1465;4385
1445;4387
1440;4390
1448;4392
1464;4396
1492;4398
1493;4400
1500;4403
1522;4405
1528;4408
1521;4410
1523;4413
1533;4415
1519;4417
1490;4420
1479;4422
1498;4425
1517;4427
1519;4429
1496;4432
1470;4434
1470;4438
1477;4440
1490;4442
1493;4445
1499;4447
1495;4450
1498;4452
1469;4455
1439;4457
1407;4459
1394;4462
1420;4464
1450;4467
1469;4469
1471;4471
1463;4474
1465;4476
1478;4480
1496;4482
1494;4485
1500;4487
1508;4489
1522;4492
1513;4494
1485;4497
1484;4499
1469;4501
1459;4504
1464;4506
1506;4509
1554;4511
1574;4513
1552;4516
1520;4518
1503;4521
1473;4524
1452;4527
1450;4529
1457;4531
1476;4534
1510;4536
1527;4539
1512;4541
1511;4543
1494;4546
1440;4548
1427;4551
1427;4553
1420;4555
1408;4558
1411;4560
1428;4563
1443;4566
1463;4569
1481;4571
1514;4573
1538;4576
1566;4578
1595;4581
1554;4583
1513;4585
1484;4588
1467;4590
1469;4593
1478;4595
1490;4597
1507;4600
1512;4602
1490;4605
1478;4608
1520;4611
1575;4613
1596;4615
1571;4618
1509;4620
1484;4623
1501;4625
1511;4627
1497;4630
1495;4632
1493;4635
1499;4637
1507;4640
1515;4642
1504;4644
1494;4647
1490;4649
1492;4653
1498;4655
1510;4657
1529;4660
1547;4662
1561;4665
1550;4667
1529;4669
1518;4672
1525;4674
1542;4677
1536;4679
1526;4682
1537;4684
1564;4686
1582;4689
1572;4691
1563;4695
1536;4697
1546;4699
1538;4702
1526;4704
1525;4707
1529;4709
1549;4711
1579;4714
1586;4716
1544;4719
1502;4721
1480;4724
1470;4726
1449;4728
1431;4731
1427;4733
1437;4737
1450;4739
1466;4741
1470;4744
1463;4746
1456;4749
1463;4751
1490;4753
1521;4756
1530;4758
1513;4761
1487;4763
1500;4766
1496;4768
1492;4770
1498;4773
1524;4775
1580;4779
1608;4781
1573;4783
1514;4786
1494;4788
1487;4791
1485;4793
1474;4795
1460;4798
1440;4800
1409;4803
1382;4805
1375;4808
1380;4810
1382;4812
1381;4815
1391;4817
1402;4820
1406;4823
1400;4825
1405;4828
1427;4830
1461;4833
1511;4835
1522;4837
1512;4840
1505;4842
1468;4845
1461;4847
1467;4850
1488;4852
1492;4854
1471;4857
1455;4859
1452;4862
1450;4865
1459;4867
1465;4870
1458;4872
1458;4875
1456;4877
1461;4880
1470;4882
1453;4884
1433;4887
1425;4889
1424;4892
1417;4894
1414;4896
1427;4899
1445;4901
1469;4904
1510;4907
1532;4909
1571;4912
1559;4914
1552;4917
1554;4919
1524;4922
1508;4924
1523;4926
1535;4929
1551;4931
1574;4934
1596;4936
1582;4938
1549;4941
1517;4943
1494;4946
1484;4948
1486;4951
1497;4954
1488;4956
1457;4959
1451;4961
1453;4964
1462;4966
1474;4968
1468;4971
1467;4973
1471;4976
1490;4978
1530;4980
1562;4983
1570;4985
1551;4988
1532;4990
1528;4993
1526;4996
1511;4998
1495;5001
1482;5003
1514;5006
1545;5008
1574;5010
1572;5013
1530;5015
1517;5018
1491;5020
1468;5022
1464;5025
1463;5027
1452;5030
1461;5032
1470;5036
1477;5038
1470;5040
1450;5043
1431;5045
1429;5048
1433;5050
1448;5052
1478;5055
1520;5057
1553;5060
1581;5062
1567;5064
1564;5067
1562;5069
1552;5072
1547;5074
1535;5078
1547;5080
1554;5082
1552;5085
1531;5087
1513;5090
1494;5092
1493;5094
1506;5097
1520;5099
1529;5102
1532;5104
1495;5106
1475;5109
1452;5111
1443;5114
1433;5116
1424;5120
1416;5122
1415;5124
1429;5127
1463;5129
1477;5132
1494;5134
1505;5136
1496;5139
1467;5141
1477;5144
1504;5146
1536;5148
1530;5151
1506;5153
1490;5156
1485;5158
1482;5161
1494;5164
1488;5166
1475;5169
1458;5171
1440;5174
1431;5176
1422;5178
1403;5181
1402;5183
1426;5186
1456;5188
1434;5190
1411;5193
1422;5195
1444;5198
1448;5200
1460;5203
1486;5206
1513;5208
1528;5211
1495;5213
1464;5216
1446;5218
1430;5220
1430;5223
1423;5225
1420;5228
1443;5230
1484;5232
1526;5235
1511;5237
1466;5240
1455;5242
1456;5245
1479;5248
1504;5250
1509;5253
1501;5255
1491;5258
1477;5260
1451;5262
1445;5265
1458;5267
1482;5270
1464;5272
1438;5275
1434;5277
1454;5279
1469;5282
1467;5284
1451;5287
1457;5289
1473;5292
1492;5295
1504;5297
1493;5300
1496;5302
1499;5304
1499;5307
1481;5309
1443;5312
1454;5314
1484;5317
1549;5319
1593;5321
1588;5324
1577;5326
1544;5329
1531;5331
1527;5334
1495;5337
1476;5339
1468;5342
1450;5344
1446;5346
1442;5349
1450;5351
1446;5354
1439;5356
1434;5359
1430;5361
1433;5363
1445;5366
1466;5368
1483;5371
1497;5373
1491;5376
1489;5379
1482;5381
1484;5384
1498;5386
1509;5388
1540;5391
1557;5393
1550;5396
1547;5398
1529;5401
1529;5403
1553;5405
1574;5408
1593;5410
1605;5413
1591;5415
1554;5417
1512;5421
1498;5423
1487;5426
1487;5428
1480;5430
1472;5433
1467;5435
1463;5438
1464;5440
1474;5443
1499;5445
1496;5447
1494;5450
1498;5452
1510;5455
1516;5457
1535;5459
1544;5463
1532;5465
1517;5468
1500;5470
1487;5473
1505;5475
1529;5477
1543;5480
1542;5482
1534;5485
1542;5487
1538;5489
1541;5492
1535;5494
1508;5497
1506;5499
1477;5501
1454;5505
1448;5507
1443;5510
1444;5512
1450;5515
1454;5517
1455;5519
1449;5522
1456;5524
1470;5527
1479;5529
1497;5531
1505;5534
1517;5536
1532;5539
1537;5541
1544;5543
1515;5547
1513;5549
1510;5552
1517;5554
1521;5557
1502;5559
1503;5561
1542;5564
1586;5566
1596;5569
1549;5571
1515;5573
1507;5576
1502;5578
1495;5581
1507;5583
1508;5585
1478;5588
1454;5591
1430;5594
1426;5596
1421;5599
1411;5601
1398;5603
1406;5606
1439;5608
1474;5611
1505;5613
1515;5615
1525;5618
1567;5620
1618;5623
1634;5625
1573;5628
1518;5630
1489;5633
1494;5636
1518;5638
1536;5641
1554;5643
1544;5645
1540;5648
1524;5650
1507;5653
1500;5655
1500;5657
1476;5660
1477;5662
1489;5665
1507;5667
1510;5670
1509;5672
1499;5675
1476;5678
1467;5680
1469;5683
1479;5685
1486;5687
1470;5690
1448;5692
1440;5695
1469;5697
1516;5699
1541;5702
1557;5704
1524;5707
1501;5709
1480;5712
1460;5714
1457;5716
1450;5720
1458;5722
1479;5725
1495;5727
1503;5729
1488;5732
1459;5734
1442;5737
1434;5739
1417;5741
1410;5744
1418;5746
1424;5749
1416;5751
1413;5754
1415;5756
1406;5758
1403;5762
1423;5764
1463;5767
1470;5769
1460;5771
1469;5774
1473;5776
1465;5779
1460;5781
1469;5784
1485;5786
1507;5788
1514;5791
1513;5793
1516;5796
1534;5798
1539;5800
1530;5804
1505;5806
1490;5809
1491;5811
1465;5813
1437;5816
1438;5818
1451;5821
1451;5823
1453;5826
1469;5828
1495;5830
1500;5833
1508;5835
1503;5838
1474;5840
1457;5842
1449;5846
1453;5848
1455;5851
1465;5853
1476;5855
1491;5858
1517;5860
1517;5863
1487;5865
1482;5868
1489;5870
1498;5872
1509;5875
1508;5877
1508;5880
1492;5882
1484;5884
1492;5888
1486;5890
1462;5893
1442;5895
1437;5897
1445;5900
1473;5902
1517;5905
1539;5907
1538;5910
1515;5912
1478;5914
1449;5917
1441;5919
1447;5922
1477;5924
1495;5926
1482;5929
1457;5932
1436;5935
1431;5937
1434;5939
1442;5942
1451;5944
1468;5947
1481;5949
1500;5952
1510;5954
1518;5956
1503;5959
1502;5961
1505;5964
1484;5966
1474;5968
1492;5971
1508;5974
1494;5977
1490;5979
1514;5981
1572;5984
1610;5986
1577;5989
1537;5991
1515;5994
1502;5996
1501;5998
1494;6001
1460;6003
1440;6006
1421;6008
1411;6010
1408;6013
1410;6016
1412;6019
1424;6021
1432;6024
1434;6026
1434;6028
1456;6031
1474;6033
1501;6036
1489;6038
1497;6040
1525;6043
1559;6045
1563;6048
1519;6050
1490;6052
1482;6055
1495;6057
1497;6061
1503;6063
1503;6066
1481;6068
1474;6070
1470;6073
1455;6075
1437;6078
1428;6080
1425;6082
1426;6085
1420;6087
1411;6090
1404;6092
1399;6094
1393;6097
1384;6099
1374;6103
1379;6105
1397;6108
1420;6110
1429;6112
1449;6115
1484;6117
1531;6120
1558;6122
1582;6124
1581;6127
1563;6129
1552;6132
1515;6134
1477;6136
1468;6139
1455;6141
1444;6145
1442;6147
1445;6150
1442;6152
1433;6154
1422;6157
1414;6159
1405;6162
1401;6164
1405;6166
1415;6169
1432;6171
1442;6174
1446;6176
1457;6179
1468;6181
1475;6183
1479;6187
1490;6189
1515;6192
1539;6194
1518;6196
1477;6199
1476;6201
1483;6204
1495;6206
1490;6208
1454;6211
1447;6213
1463;6216
1477;6218
1489;6221
1496;6223
1480;6225
1458;6228
1448;6231
1471;6234
1496;6236
1522;6238
1505;6241
1474;6243
1445;6246
1446;6248
1457;6250
1463;6253
1458;6255
1433;6258
1414;6260
1418;6263
1442;6265
1469;6267
1501;6270
1514;6273
1509;6276
1485;6278
1474;6280
1462;6283
1453;6285
1459;6288
1466;6290
1476;6292
1471;6295
1442;6297
1416;6300
1413;6302
1421;6305
1432;6307
1430;6309
1425;6312
1429;6315
1441;6318
1451;6320
1448;6322
1436;6325
1436;6327
1443;6330
1443;6332
1439;6335
1454;6337
1472;6339
1478;6342
1477;6344
1453;6347
1458;6349
1472;6351
1480;6354
1491;6356
1486;6360
1473;6362
1475;6364
1470;6367
1461;6369
1463;6372
1480;6374
1484;6377
1480;6379
1473;6381
1461;6384
1457;6386
1462;6389
1468;6391
1480;6393
1501;6396
1504;6398
1500;6402
1499;6404
1487;6406
1485;6409
1471;6411
1466;6414
1472;6416
1482;6419
1481;6421
1509;6423
1541;6426
1561;6428
1548;6431
1509;6433
1476;6435
1448;6438
1425;6440
1425;6444
1429;6446
1431;6448
1436;6451
1436;6453
1434;6456
1434;6458
1433;6461
1443;6463
1464;6465
1482;6468
1508;6470
1519;6473
1501;6475
1501;6477
1509;6480
1491;6482
1488;6486
1486;6488
1489;6490
1492;6493
1475;6495
1466;6498
1455;6500
1453;6503
1468;6505
1481;6507
1493;6510
1486;6512
1478;6515
1484;6517
1513;6519
1532;6522
1518;6524
1484;6528
1450;6530
1435;6532
1429;6535
1435;6537
1445;6540
1458;6542
1466;6545
1476;6547
1483;6549
1478;6552
1492;6554
1520;6557
1545;6559
1553;6561
1510;6564
1490;6566
1486;6569
1488;6572
1493;6574
1495;6577
1488;6579
1475;6582
1476;6584
1485;6587
1497;6589
1471;6591
1431;6594
1417;6596
1427;6599
1447;6601
1450;6603
1432;6606
1431;6608
1437;6611
1445;6614
1470;6617
1481;6619
1479;6621
1487;6624
1501;6626
1496;6629
1480;6631
1462;6633
1462;6636
1474;6638
1491;6641
1485;6643
1450;6645
1430;6648
1427;6650
1445;6653
1464;6656
1470;6659
1455;6661
1447;6663
1450;6666
1464;6668
1473;6671
1476;6673
1475;6675
1495;6678
1486;6680
1469;6683
1448;6685
1424;6687
1411;6690
1426;6692
1452;6695
1486;6697
1537;6701
1567;6703
1542;6705
1504;6708
1500;6710
1522;6713
1537;6715
1498;6717
1473;6720
1459;6722
1452;6725
1444;6727
1438;6729
1435;6732
1434;6734
1430;6737
1424;6739
1425;6743
1433;6745
1451;6747
1480;6750
1509;6752
1529;6755
1535;6757
1540;6759
1536;6762
1511;6764
1519;6767
1546;6769
1611;6771
1675;6774
1624;6776
1546;6779
1518;6781
1493;6785
1466;6787
1449;6789
1430;6792
1422;6794
1421;6797
1430;6799
1448;6801
1453;6804
1457;6806
1464;6809
1452;6811
1450;6814
1448;6816
1445;6818
1453;6821
1461;6823
1486;6827
1502;6829
1478;6831
1457;6834
1433;6836
1418;6839
1408;6841
1409;6843
1417;6846
1432;6848
1434;6851
1439;6853
1459;6856
1502;6858
1549;6860
1553;6863
1538;6865
1524;6868
1510;6871
1475;6873
1441;6876
1415;6878
1406;6881
1410;6883
1410;6885
1414;6888
1411;6890
1408;6893
1413;6895
1428;6898
1463;6900
1531;6902
1568;6905
1582;6907
1563;6910
1512;6913
1464;6915
1435;6918
1419;6920
1411;6923
1425;6925
1449;6927
1471;6930
1483;6932
1497;6935
1505;6937
1522;6940
1550;6942
1529;6944
1510;6947
1497;6949
1480;6952
1467;6955
1448;6957
1448;6960
1444;6962
1439;6965
1444;6967
1456;6969
1469;6972
1485;6974
1501;6977
1504;6979
1518;6982
1540;6984
1552;6986
1538;6989
1510;6991
1500;6994
1482;6996
1477;6999
1491;7002
1496;7004
1499;7007
1494;7009
1492;7011
1494;7014
1480;7016
1482;7019
1464;7021
1436;7024
1433;7026
1435;7028
1438;7031
1441;7033
1457;7036
1483;7038
1495;7041
1517;7044
1533;7046
1540;7049
1564;7051
1604;7054
1635;7056
1607;7058
1561;7061
1562;7063
1581;7066
1574;7068
1567;7070
1529;7073
1510;7075
1505;7078
1498;7080
1488;7083
1480;7086
1469;7088
1457;7091
1454;7093
1450;7096
1450;7098
1457;7100
1477;7103
1488;7105
1492;7108
1493;7110
1495;7112
1494;7115
1491;7117
1511;7120
1533;7122
1552;7124
1558;7128
1543;7130
1557;7133
1554;7135
1521;7138
1493;7140
1486;7142
1496;7145
1510;7147
1514;7150
1510;7152
1509;7154
1499;7157
1481;7159
1464;7162
1448;7164
1442;7166
1442;7170
1442;7172
1441;7175
1455;7177
1483;7180
1515;7182
1536;7184
1534;7187
1532;7189
1520;7192
1500;7194
1507;7196
1532;7199
1579;7201
1611;7204
1603;7206
1565;7208
1538;7212
1528;7214
1533;7217
1532;7219
1505;7222
1492;7224
1495;7226
1476;7229
1456;7231
1463;7234
1478;7236
1489;7238
1492;7241
1475;7243
1466;7246
1464;7248
1482;7250
1513;7254
1530;7256
1532;7259
1501;7261
1480;7264
1487;7266
1494;7268
1495;7271
1500;7273
1504;7276
1514;7278
1516;7280
1512;7283
1533;7285
1550;7288
1561;7290
1570;7293
1575;7296
1584;7298
1578;7301
1544;7303
1511;7306
1491;7308
1477;7310
1463;7313
1450;7315
1444;7318
1437;7320
1442;7322
1442;7325
1439;7327
1466;7330
1496;7332
1530;7335
1524;7337
1471;7340
1450;7343
1445;7345
1450;7348
1455;7350
1472;7352
1472;7355
1458;7357
1445;7360
1439;7362
1464;7364
1511;7367
1535;7369
1530;7372
1519;7374
1507;7377
1493;7379
1487;7382
1456;7385
1418;7387
1405;7390
1415;7392
1433;7394
1435;7397
1422;7399
1404;7402
1416;7404
1440;7406
1463;7409
1487;7411
1513;7414
1524;7416
1503;7419
1482;7421
1454;7424
1454;7427
1473;7429
1492;7432
1503;7434
1505;7436
1496;7439
1489;7441
1485;7444
1474;7446
1454;7448
1450;7451
1461;7453
1484;7456
1482;7458
1481;7461
1488;7463
1478;7465
1474;7469
1466;7471
1471;7474
1526;7476
1542;7478
1518;7481
1494;7483
1476;7486
1486;7488
1504;7491
1500;7493
1485;7495
1478;7498
1480;7500
1479;7503
1469;7505
1467;7507
1469;7511
1465;7513
1460;7516
1455;7518
1455;7520
1453;7523
1451;7525
1452;7528
1456;7530
1456;7533
1447;7535
1440;7537
1443;7540
1445;7542
1448;7545
1432;7547
1428;7549
1460;7553
1502;7555
1529;7558
1512;7560
1504;7562
1502;7565
1494;7567
1500;7570
1518;7572
1529;7575
1519;7577
1502;7579
1486;7582
1461;7584
1448;7587
1463;7589
1474;7591
1494;7595
1515;7597
1480;7600
1438;7602
1423;7605
1409;7607
1404;7609
1399;7612
1394;7614
1395;7617
1410;7619
1430;7621
1446;7624
1452;7626
1443;7629
1435;7631
1430;7633
1440;7636
1469;7639
1498;7642
1513;7644
1548;7647
1549;7649
1543;7651
1536;7654
1485;7656
1456;7659
1451;7661
1444;7663
1436;7666
1453;7668
1481;7671
1505;7673
1506;7675
1489;7678
1478;7681
1470;7684
1457;7686
1446;7689
1444;7691
1446;7693
1438;7696
1426;7698
1429;7701
1432;7703
1429;7705
1442;7708
1453;7710
1455;7713
1470;7715
1481;7717
1489;7720
1489;7723
1475;7726
1469;7728
1490;7731
1513;7733
1520;7735
1492;7738
1471;7740
1459;7743
1453;7745
1456;7747
1463;7750
1469;7752
1457;7755
1444;7757
1439;7759
1451;7762
1466;7764
1470;7768
1494;7770
1525;7773
1568;7775
1551;7777
1488;7780
1473;7782
1473;7785
1469;7787
1461;7789
1449;7792
1445;7794
1447;7797
1451;7799
1465;7801
1476;7804
1478;7806
1464;7810
1469;7812
1488;7815
1499;7817
1506;7819
1492;7822
1489;7824
1493;7827
1506;7829
1517;7831
1526;7834
1520;7836
1503;7839
1493;7841
1482;7844
1488;7846
1493;7848
1503;7852
1510;7854
1534;7857
1553;7859
1518;7861
1468;7864
1452;7866
1455;7869
1469;7871
1469;7873
1462;7876
1473;7878
1468;7881
1458;7883
1449;7886
1437;7888
1435;7890
1442;7894
1461;7896
1481;7899
1497;7901
1519;7903
1529;7906
1523;7908
1505;7911
1485;7913
1488;7915
1502;7918
1516;7920
1532;7923
1528;7925
1508;7928
1497;7930
1487;7932
1482;7936
1482;7938
1476;7941
1468;7943
1473;7945
1494;7948
1525;7950
1532;7953
1512;7955
1476;7957
1466;7960
1463;7962
1463;7965
1464;7967
1471;7970
1492;7972
1504;7974
1493;7977
1488;7980
1507;7983
1536;7985
1548;7987
1565;7990
1546;7992
1518;7995
1498;7997
1486;7999
1490;8002
1510;8004
1539;8007
1555;8009
1559;8012
1529;8014
1492;8016
1490;8019
1501;8022
1516;8025
1526;8027
1534;8029
1544;8032
1550;8034
1516;8037
1491;8039
1485;8042
1488;8044
1508;8046
1531;8049
1539;8051
1529;8054
1504;8056
1491;8058
1503;8061
1520;8064
1537;8067
1548;8069
1538;8071
1522;8074
1521;8076
1532;8079
1541;8081
1544;8084
1517;8086
1498;8088
1509;8091
1525;8093
1522;8096
1503;8098
1487;8100
1486;8103
1500;8105
1516;8109
1516;8111
1518;8113
1505;8116
1494;8118
1489;8121
1493;8123
1490;8126
1472;8128
1459;8130
1451;8133
1443;8135
1434;8138
1434;8140
1440;8142
1440;8145
1433;8147
1426;8151
1420;8153
1416;8155
1412;8158
1425;8160
1441;8163
1451;8165
1454;8168
1457;8170
1476;8172
1507;8175
1528;8177
1515;8180
1483;8182
1465;8184
1466;8187
1461;8189
1452;8193
1442;8195
1439;8197
1444;8200
1439;8202
1438;8205
1439;8207
1437;8210
1450;8212
1466;8214
1451;8217
1435;8219
1419;8222
1397;8224
1382;8226
1380;8229
1388;8231
1409;8235
1420;8237
1435;8240
1458;8242
1475;8244
1483;8247
1487;8249
1493;8252
1497;8254
1515;8256
1533;8259
1539;8261
1537;8264
1513;8266
1483;8268
1455;8271
1436;8273
1422;8276
1426;8279
1436;8282
1445;8284
1433;8286
1418;8289
1422;8291
1426;8294
1439;8296
1439;8298
1421;8301
1401;8303
1405;8306
1433;8308
1475;8310
1499;8313
1496;8315
1479;8318
1474;8321
1474;8324
1457;8326
1460;8328
1473;8331
1497;8333
1502;8336
1501;8338
1498;8340
1485;8343
1473;8345
1482;8348
1479;8350
1469;8352
1457;8355
1464;8357
1473;8360
1481;8363
1483;8366
1463;8368
1453;8370
1443;8373
1437;8375
1438;8378
1430;8380
1427;8382
1414;8385
1412;8387
1411;8390
1412;8392
1418;8394
1426;8397
1436;8399
1439;8402
1447;8404
1468;8408
1466;8410
1475;8412
1482;8415
1482;8417
1478;8420
1470;8422
1449;8424
1427;8427
1426;8429
1446;8432
1473;8434
1492;8437
1479;8439
1460;8441
1440;8444
1424;8446
1424;8450
1438;8452
1450;8454
1453;8457
1445;8459
1424;8462
1417;8464
1406;8466
1412;8469
1403;8471
1399;8474
1400;8476
1422;8479
1444;8481
1468;8483
1467;8486
1448;8488
1449;8492
1465;8494
1475;8496
1471;8499
1464;8501
1450;8504
1452;8506
1459;8508
1471;8511
1475;8513
1479;8516
1491;8518
1523;8521
1537;8523
1549;8525
1517;8528
1464;8530
1432;8534
1426;8536
1434;8538
1456;8541
1483;8543
1501;8546
1497;8548
1486;8550
1481;8553
1479;8555
1474;8558
1475;8560
1467;8563
1456;8565
1465;8567
1481;8570
1508;8572
1530;8576
1531;8578
1521;8580
1498;8583
1461;8585
1454;8588
1449;8590
1451;8592
1461;8595
1476;8597
1496;8600
1500;8602
1511;8605
1509;8607
1500;8609
1508;8612
1493;8614
1479;8617
1477;8620
1474;8622
1476;8625
1480;8627
1472;8630
1479;8632
1486;8635
1476;8637
1463;8639
1454;8642
1456;8644
1465;8647
1484;8649
1497;8651
1514;8654
1532;8656
1542;8659
1553;8662
1557;8664
1567;8667
1559;8669
1526;8672
1513;8674
1513;8677
1517;8679
1518;8681
1532;8684
1550;8686
1554;8689
1536;8691
1530;8693
1544;8696
1574;8698
1598;8701
1592;8704
1571;8706
1543;8709
1510;8711
1492;8714
1499;8716
1511;8719
1508;8721
1490;8723
1487;8726
1490;8728
1496;8731
1505;8733
1513;8735
1518;8738
1512;8740
1527;8743
1545;8745
1555;8748
1542;8751
1513;8753
1482;8756
1463;8758
1476;8761
1495;8763
1501;8765
1497;8768
1496;8770
1472;8773
1460;8775
1467;8777
1475;8780
1495;8782
1487;8785
1474;8787
1469;8790
1445;8793
1438;8795
1438;8798
1431;8800
1410;8803
1379;8805
1371;8807
1367;8810
1350;8812
1327;8815
1316;8817
1312;8819
1307;8822
1308;8824
1329;8827
1346;8829
1362;8832
1391;8835
1424;8837
1468;8840
1471;8842
1453;8845
1422;8847
1410;8849
1400;8852
1397;8854
1394;8857
1388;8859
1389;8861
1379;8864
1367;8866
1357;8869
1360;8871
1366;8875
1376;8877
1386;8879
1398;8882
1407;8884
1395;8887
1370;8889
1362;8891
1369;8894
1377;8896
1371;8899
1368;8901
1377;8903
1388;8906
1376;8908
1365;8911
1376;8913
1401;8916
1434;8919
1453;8921
1450;8924
1463;8926
1468;8929
1452;8931
1438;8933
1423;8936
1425;8938
1432;8941
1432;8943
1438;8945
1455;8948
1479;8950
1488;8953
1507;8955
1519;8958
1509;8961
1510;8963
1490;8966
1476;8968
1477;8971
1481;8973
1475;8975
1460;8978
1461;8980
1479;8983
1506;8985
1522;8987
1519;8990
1523;8992
1527;8995
1520;8997
1515;9000
1532;9003
1555;9005
1591;9008
1590;9010
1551;9013
1527;9015
1516;9017
1505;9020
1519;9022
1515;9025
1511;9027
1520;9029
1531;9032
1541;9034
1539;9037
1539;9039
1542;9042
1541;9044
1533;9047
1519;9050
1502;9052
1498;9055
1484;9057
1475;9059
1493;9062
1516;9064
1530;9067
1543;9069
1562;9072
1591;9074
1608;9076
1588;9079
1558;9081
1570;9084
1592;9086
1614;9089
1617;9092
1589;9094
1571;9097
1567;9099
1571;9101
1578;9104
1571;9106
1550;9109
1530;9111
1531;9114
1532;9116
1520;9118
1495;9121
1477;9123
1479;9126
1494;9128
1510;9131
1491;9134
1479;9136
1478;9139
1487;9141
1503;9143
1500;9146
1494;9148
1514;9151
1524;9153
1532;9156
1559;9158
1595;9160
1634;9163
1657;9165
1623;9168
1558;9170
1530;9172
1528;9176
1534;9178
1539;9181
1514;9183
1492;9185
1506;9188
1529;9190
1538;9193
1517;9195
1471;9198
1451;9200
1458;9202
1470;9205
1485;9207
1497;9210
1482;9212
1490;9214
1524;9218
1563;9220
1588;9223
1564;9225
1534;9228
1507;9230
1499;9232
1496;9235
1487;9237
1476;9240
1472;9242
1484;9244
1489;9247
1497;9249
1519;9252
1533;9254
1533;9256
1514;9260
1487;9262
1486;9265
1490;9267
1483;9270
1460;9272
1445;9274
1437;9277
1439;9279
1456;9282
1473;9284
1493;9286
1492;9289
1476;9291
1470;9294
1470;9296
1473;9298
1487;9302
1484;9304
1461;9307
1460;9309
1459;9312
1472;9314
1495;9316
1521;9319
1504;9321
1465;9324
1452;9326
1452;9328
1461;9331
1465;9333
1472;9336
1495;9338
1516;9340
1488;9344
1461;9346
1445;9349
1428;9351
1426;9354
1440;9356
1453;9358
1453;9361
1442;9363
1435;9366
1435;9368
1451;9370
1464;9373
1474;9375
1475;9378
1469;9380
1443;9382
1407;9385
1394;9388
1397;9391
1404;9393
1425;9396
1407;9398
1411;9400
1413;9403
1432;9405
1470;9408
1514;9410
1524;9412
1505;9415
1492;9417
1492;9420
1472;9422
1434;9425
1398;9427
1381;9430
1363;9433
1371;9435
1384;9438
1400;9440
1419;9442
1429;9445
1440;9447
1430;9450
1445;9452
1446;9454
1434;9457
1430;9459
1451;9462
1506;9464
1543;9467
1545;9469
1531;9472
1495;9475
1490;9477
1496;9480
1500;9482
1483;9484
1451;9487
1436;9489
1432;9492
1422;9494
1413;9496
1412;9499
1414;9501
1420;9504
1435;9506
1449;9509
1458;9511
1475;9513
1485;9517
1501;9519
1506;9522
1494;9524
1497;9526
1523;9529
1535;9531
1506;9534
1487;9536
1490;9538
1478;9541
1477;9543
1492;9546
1508;9548
1507;9551
1504;9553
1509;9555
1519;9559
1526;9561
1504;9564
1497;9566
1501;9568
1530;9571
1564;9573
1577;9576
1587;9578
1542;9581
1492;9583
1470;9585
1468;9588
1513;9590
1585;9593
1622;9595
1615;9597
1603;9601
1585;9603
1588;9606
1605;9608
1620;9610
1621;9613
1632;9615
1615;9618
1596;9620
1558;9623
1521;9625
1490;9627
1487;9630
1510;9632
1553;9635
1565;9637
1541;9639
1520;9643
1507;9645
1516;9648
1521;9650
1517;9652
1513;9655
1489;9657
1471;9660
1470;9662
1488;9665
1490;9667
1485;9669
1483;9672
1496;9674
1485;9677
1472;9679
1475;9681
1496;9684
1533;9687
1533;9690
1501;9692
1444;9694
1427;9697
1413;9699
1411;9702
1423;9704
1446;9707
1472;9709
1481;9711
1485;9714
1495;9716
1507;9719
1500;9721
1456;9723
1438;9726
1422;9729
1417;9732
1417;9734
1417;9736
1417;9739
1409;9741
1407;9744
1416;9746
1436;9749
1465;9751
1480;9753
1473;9756
1471;9758
1473;9761
1453;9763
1438;9765
1423;9768
1423;9771
1428;9774
1437;9776
1436;9778
1431;9781
1472;9783
1507;9786
1545;9788
1547;9791
1481;9793
1447;9795
1430;9798
1422;9800
1414;9803
1421;9805
1431;9807
1457;9810
1481;9812
1494;9816
1477;9818
1455;9821
1446;9823
1436;9825
1444;9828
1482;9830
1525;9833
1547;9835
1529;9837
1504;9840
1526;9842
1582;9845
1606;9847
1617;9849
1589;9852
1519;9854
1478;9858
1451;9860
1431;9863
1420;9865
1413;9867
1415;9870
1419;9872
1419;9875
1427;9877
1435;9879
1446;9882
1467;9884
1487;9887
1497;9889
1480;9891
1472;9894
1476;9896
1469;9900
1470;9902
1501;9905
1548;9907
1555;9909
1515;9912
1481;9914
1472;9917
1461;9919
1461;9921
1490;9924
1523;9926
1551;9929
1514;9931
1461;9934
1431;9936
1418;9938
1414;9942
1410;9944
1411;9947
1414;9949
1423;9951
1425;9954
1427;9956
1426;9959
1409;9961
1405;9963
1416;9966
1461;9968
1515;9971
1551;9973
1559;9976
1519;9978
1491;9980
1462;9984
1432;9986
1422;9989
1418;9991
1426;9993
1453;9996
1470;9998
1486;10001
1498;10003
1484;10006
1447;10008
1434;10010
1446;10013
1459;10015
1451;10018
1433;10020
1424;10023
1427;10025
1440;10029
1466;10031
1487;10034
1496;10036
1470;10039
1455;10041
1456;10044
1485;10046
1512;10048
1536;10051
1529;10053
1508;10056
1495;10058
1467;10061
1452;10063
1453;10066
1467;10068
1478;10072
1463;10074
1446;10077
1453;10079
1470;10081
1488;10084
1496;10086
1493;10089
1491;10091
1482;10094
1480;10096
1481;10099
1495;10101
1500;10104
1477;10106
1468;10109
1503;10112
1554;10114
1577;10117
1584;10119
1603;10122
1621;10124
1605;10127
1596;10129
1588;10132
1555;10134
1542;10137
1538;10139
1526;10142
1547;10144
1577;10146
1583;10149
1532;10151
1483;10155
1472;10157
1483;10160
1516;10162
1547;10165
1545;10167
1543;10170
1541;10172
1548;10175
1532;10177
1497;10180
1477;10182
1469;10184
1487;10187
1504;10189
1518;10192
1535;10194
1527;10198
1515;10200
1509;10203
1518;10205
1528;10208
1523;10210
1487;10213
1463;10215
1446;10217
1431;10220
1428;10222
1429;10225
1415;10227
1407;10230
1404;10232
1401;10235
1399;10237
1397;10241
1395;10243
1411;10246
1434;10248
1450;10251
1451;10253
1451;10255
1460;10258
1482;10260
1474;10263
1485;10265
1490;10268
1510;10270
1539;10273
1544;10275
1546;10278
1522;10280
1484;10284
1454;10286
1434;10288
1440;10291
1441;10293
1432;10296
1434;10298
1445;10301
1468;10303
1486;10306
1511;10308
1511;10311
1484;10313
1458;10316
1438;10318
1448;10320
1501;10323
1562;10326
1608;10329
1582;10331
1556;10334
1553;10336
1529;10339
1495;10341
1479;10344
1473;10346
1468;10349
1479;10351
1505;10353
1526;10356
1527;10358
1490;10361
1474;10363
1497;10366
1523;10369
1536;10372
1505;10374
1474;10377
1462;10379
1453;10382
1446;10384
1441;10386
1439;10389
1437;10391
1421;10394
1426;10396
1437;10399
1441;10401
1449;10404
1467;10406
1497;10409
1519;10412
1520;10415
1502;10417
1497;10419
1507;10422
1519;10424
1499;10427
1491;10429
1481;10432
1473;10434
1477;10437
1493;10439
1499;10442
1508;10444
1517;10447
1501;10449
1478;10451
1466;10455
1471;10457
1468;10460
1465;10462
1464;10465
1468;10467
1466;10470
1463;10472
1476;10475
1487;10477
1495;10480
1485;10482
1463;10484
1461;10487
1463;10489
1475;10492
1481;10494
1488;10498
1504;10500
1541;10503
1553;10505
1566;10508
1568;10510
1587;10513
1598;10515
1580;10517
1542;10520
1514;10522
1498;10525
1485;10527
1483;10530
1495;10532
1520;10535
1535;10537
1505;10541
1486;10543
1467;10546
1441;10548
1424;10550
1434;10553
1454;10555
1475;10558
1468;10560
1478;10563
1502;10565
1540;10568
1589;10570
1590;10573
1554;10575
1529;10578
1518;10580
1519;10583
1502;10586
1489;10588
1484;10591
1479;10593
1485;10596
1485;10598
1490;10601
1495;10603
1482;10606
1484;10608
1480;10611
1472;10613
1485;10615
1494;10618
1473;10620
1442;10624
1427;10626
1419;10629
1417;10631
1414;10634
1413;10636
1416;10639
1429;10641
1442;10644
1455;10646
1467;10648
1474;10651
1505;10653
1536;10656
1536;10658
1526;10661
1515;10663
1495;10667
1463;10669
1448;10672
1440;10674
1447;10677
1426;10679
1418;10681
1420;10684
1409;10686
1404;10689
1415;10691
1438;10694
1457;10696
1452;10699
1450;10701
1480;10704
1496;10706
1502;10710
1519;10712
1531;10714
1549;10717
1553;10719
1528;10722
1498;10724
1504;10727
1536;10729
1567;10732
1576;10734
1561;10737
1533;10739
1522;10742
1524;10744
1542;10746
1536;10749
1524;10752
1515;10755
1490;10757
1473;10760
1469;10762
1483;10765
1471;10767
1454;10770
1431;10772
1418;10775
1418;10777
1420;10780
1447;10782
1488;10784
1539;10787
1574;10789
1560;10792
1529;10795
1525;10798
1520;10800
1516;10803
1517;10805
1519;10808
1531;10810
1537;10813
1518;10815
1498;10817
1474;10820
1471;10822
1480;10825
1490;10827
1488;10830
1478;10832
1454;10835
1404;10838
1372;10841
1378;10843
1402;10846
1422;10848
1429;10850
1433;10853
1439;10855
1451;10858
1468;10860
1476;10863
1473;10865
1456;10868
1443;10870
1438;10873
1431;10875
1424;10878
1439;10881
1460;10883
1509;10886
1510;10888
1462;10891
1433;10893
1418;10896
1419;10898
1439;10901
1453;10903
1469;10906
1499;10908
1507;10911
1464;10913
1443;10915
1442;10918
1444;10920
1442;10924
1422;10926
1414;10929
1422;10931
1436;10934
1442;10936
1446;10939
1460;10941
1486;10944
1517;10946
1550;10948
1565;10951
1567;10953
1542;10956
1493;10958
1483;10961
1503;10963
1515;10967
1531;10969
1517;10972
1490;10974
1489;10977
1495;10979
1499;10981
1494;10984
1489;10986
1499;10989
1489;10991
1491;10994
1506;10996
1509;10999
1491;11001
1484;11004
1446;11006
1410;11010
1423;11012
1454;11014
1488;11017
1503;11019
1499;11022
1495;11024
1497;11027
1505;11029
1513;11032
1517;11034
1537;11037
1561;11039
1555;11042
1524;11044
1513;11046
1528;11049
1538;11052
1526;11055
1520;11057
1512;11060
1497;11062
1483;11065
1494;11067
1507;11070
1511;11072
1502;11075
1499;11077
1492;11080
1491;11082
1491;11084
1486;11087
1490;11089
1481;11092
1476;11095
1479;11098
1486;11100
1483;11103
1479;11105
1483;11108
1486;11110
1503;11113
1543;11115
1557;11117
1548;11120
1515;11122
1507;11125
1524;11127
1531;11130
1516;11132
1503;11136
1497;11138
1530;11141
1556;11143
1560;11146
1558;11148
1539;11150
1532;11153
1523;11155
1504;11158
1490;11160
1484;11163
1482;11165
1485;11168
1480;11170
1473;11173
1480;11175
1481;11179
1474;11181
1473;11184
1464;11186
1462;11188
1486;11191
1504;11193
1528;11196
1548;11198
1503;11201
1464;11203
1456;11206
1449;11208
1435;11211
1428;11213
1429;11216
1430;11218
1449;11220
1490;11224
1523;11226
1554;11229
1517;11231
1455;11234
1440;11236
1434;11239
1437;11241
1460;11244
1474;11246
1455;11249
1420;11251
1401;11253
1401;11256
1412;11258
1420;11261
1425;11264
1428;11267
1424;11269
1423;11272
1453;11274
1491;11277
1519;11279
1524;11282
1496;11284
1467;11286
1457;11289
1440;11291
1434;11294
1441;11296
1462;11299
1504;11301
1519;11304
1536;11307
1562;11310
1561;11312
1543;11315
1482;11317
1449;11319
1436;11322
1429;11324
1430;11327
1437;11329
1448;11332
1463;11334
1445;11337
1435;11339
1422;11342
1408;11344
1415;11347
1446;11350
1478;11352
1505;11355
1515;11357
1502;11360
1493;11362
1490;11365
1507;11367
1531;11370
1520;11372
1494;11375
1476;11377
1459;11380
1454;11382
1442;11385
1431;11387
1453;11389
1484;11393
1497;11395
1481;11398
1450;11400
1438;11403
1452;11405
1457;11408
1451;11410
1458;11413
1458;11415
1484;11418
1491;11420
1476;11422
1473;11425
1459;11427
1450;11430
1450;11432
1457;11436
1463;11438
1463;11441
1472;11443
1494;11446
1504;11448
1487;11451
1470;11453
1469;11455
1473;11458
1470;11460
1484;11463
1482;11465
1453;11468
1441;11470
1447;11473
1465;11475
1466;11479
1462;11481
1467;11484
1488;11486
1492;11488
1477;11491
1449;11493
1448;11496
1464;11498
1477;11501
1484;11503
1473;11506
1446;11508
1435;11511
1447;11513
1467;11516
1486;11518
1483;11522
1474;11524
1497;11526
1519;11529
1532;11531
1516;11534
1484;11536
1482;11539
1499;11541
1518;11544
1505;11546
1477;11549
1455;11551
1452;11554
1468;11556
1469;11558
1465;11561
1461;11564
1471;11567
1472;11569
1470;11572
1490;11574
1506;11577
1517;11579
1521;11582
1492;11584
1473;11587
1473;11589
1491;11591
1526;11594
1561;11596
1575;11599
1578;11601
1577;11604
1548;11607
1520;11610
1497;11612
1479;11615
1479;11617
1492;11620
1498;11622
1508;11624
1505;11627
1471;11629
1449;11632
1447;11634
1463;11637
1480;11639
1490;11642
1494;11644
1486;11648
1454;11650
1437;11653
1440;11655
1447;11657
1442;11660
1421;11662
1421;11665
1436;11667
1445;11670
1462;11672
1467;11675
1473;11677
1465;11680
1438;11682
1438;11685
1451;11687
1478;11689
1490;11693
1509;11695
1519;11698
1496;11700
1465;11703
1433;11705
1432;11708
1464;11710
1500;11713
1502;11715
1454;11718
1423;11720
1409;11722
1406;11725
1426;11727
1466;11730
1491;11732
1508;11736
1484;11738
1450;11741
1433;11743
1428;11746
1410;11748
1407;11751
1427;11753
1447;11755
1458;11758
1471;11760
1481;11763
1502;11765
1505;11768
1488;11770
1470;11773
1472;11776
1475;11779
1477;11781
1464;11784
1457;11786
1456;11789
1468;11791
1496;11793
1499;11796
1505;11798
1497;11801
1505;11803
1492;11806
1455;11808
1435;11811
1428;11813
1426;11816
1432;11819
1437;11822
1438;11824
1450;11826
1455;11829
1456;11831
1459;11834
1470;11836
1487;11839
1501;11841
1512;11844
1530;11846
1541;11849
1555;11851
1546;11854
1499;11856
1485;11858
1489;11862
1503;11864
1510;11867
1500;11869
1479;11872
1477;11874
1482;11877
1503;11879
1528;11882
1568;11884
1548;11887
1500;11889
1467;11891
1455;11894
1457;11896
1458;11899
1455;11901
1433;11905
1409;11907
1398;11910
1395;11912
1396;11915
1399;11917
1399;11920
1391;11922
1390;11924
1402;11927
1417;11929
1431;11932
1453;11934
1471;11937
1506;11939
1543;11942
1563;11944
1567;11948
1560;11950
1558;11953
1555;11955
1532;11958
1488;11960
1477;11962
1488;11965
1515;11967
1565;11970
1596;11972
1580;11975
1535;11977
1494;11980
1469;11982
1450;11985
1436;11987
1440;11991
1445;11993
1450;11995
1453;11998
1455;12000
1455;12003
1454;12005
1448;12008
1455;12010
1473;12013
1503;12015
1548;12018
1616;12020
1649;12023
1584;12025
1532;12027
1523;12030
1530;12033
1534;12036
1527;12038
1494;12041
1465;12043
1459;12046
1461;12048
1464;12051
1463;12053
1447;12056
1446;12058
1436;12060
1426;12063
1426;12065
1434;12068
1435;12070
1436;12073
1448;12076
1473;12079
1497;12081
1510;12084
1488;12086
1473;12089
1483;12091
1500;12094
1521;12096
1539;12098
1548;12101
1556;12103
1559;12106
1546;12108
1521;12111
1485;12113
1467;12116
1465;12119
1462;12122
1448;12124
1444;12127
1448;12129
1457;12131
1443;12134
1426;12136
1428;12139
1444;12141
1459;12144
1454;12146
1439;12149
1437;12151
1433;12154
1426;12156
1422;12160
1420;12162
1427;12164
1452;12167
1491;12169
1539;12172
1581;12174
1567;12177
1515;12179
1506;12182
1528;12184
1551;12187
1526;12189
1483;12192
1446;12194
1428;12196
1420;12199
1443;12201
1472;12205
1485;12207
1495;12210
1491;12212
1491;12215
1492;12217
1474;12220
1460;12222
1440;12225
1420;12227
1423;12229
1426;12232
1429;12234
1432;12237
1434;12239
1440;12242
1463;12244
1512;12248
1552;12250
1603;12253
1597;12255
1573;12258
1551;12260
1516;12263
1532;12265
1543;12267
1566;12270
1604;12272
1596;12275
1575;12277
1555;12280
1546;12282
1522;12285
1495;12288
1461;12291
1433;12293
1414;12296
1401;12298
1401;12300
1396;12303
1396;12305
1403;12308
1416;12310
1431;12313
1460;12315
1491;12318
1552;12320
1592;12323
1599;12325
1568;12328
1568;12331
1567;12333
1528;12336
1514;12338
1517;12341
1518;12343
1502;12346
1480;12348
1469;12351
1483;12353
1490;12356
1517;12358
1511;12361
1480;12363
1453;12365
1406;12368
1383;12370
1372;12374
1372;12376
1380;12379
1389;12381
1391;12384
1389;12386
1377;12389
1378;12391
1390;12394
1404;12396
1420;12399
1454;12401
1479;12403
1491;12406
1475;12408
1466;12411
1506;12413
1532;12417
1505;12419
1468;12422
1451;12424
1443;12427
1453;12429
1453;12432
1444;12434
1433;12436
1452;12439
1479;12441
1485;12444
1471;12446
1458;12449
1444;12451
1431;12454
1430;12456
1409;12460
1388;12462
1388;12465
1400;12467
1419;12469
1439;12472
1453;12474
1442;12477
1420;12479
1418;12482
1443;12484
1488;12487
1525;12489
1511;12492
1486;12494
1472;12497
1478;12499
1499;12502
1507;12505
1501;12507
1486;12510
1474;12512
1450;12515
1420;12517
1413;12520
1398;12522
1396;12525
1397;12527
1403;12530
1413;12532
1419;12535
1432;12537
1433;12539
1432;12542
1426;12545
1418;12548
1431;12550
1454;12553
1473;12555
1478;12558
1486;12560
1505;12563
1513;12565
1523;12568
1525;12570
1506;12572
1495;12575
1498;12577
1486;12580
1466;12582
1476;12585
1516;12588
1556;12591
1558;12593
1530;12596
1477;12598
1455;12601
1446;12603
1457;12605
1479;12608
1507;12610
1521;12613
1540;12615
1533;12618
1512;12620
1518;12623
1529;12625
1525;12628
1502;12631
1489;12634
1485;12636
1481;12639
1478;12641
1471;12643
1474;12646
1476;12648
1475;12651
1480;12653
1475;12656
1481;12658
1501;12661
1528;12663
1549;12666
1526;12668
1500;12672
1493;12674
1498;12676
1510;12679
1526;12681
1536;12684
1525;12686
1514;12689
1533;12691
1566;12694
1577;12696
1539;12699
1530;12701
1527;12704
1574;12706
1613;12709
1617;12711
1557;12713
1504;12717
1480;12719
1469;12722
1461;12724
1481;12727
1510;12729
1537;12732
1559;12734
1555;12737
1506;12739
1464;12742
1426;12744
1404;12746
1413;12749
1444;12751
1472;12754
1493;12756
1520;12760
1512;12762
1498;12765
1505;12767
1525;12770
1542;12772
1535;12775
1506;12777
1489;12779
1512;12782
1542;12784
1574;12787
1579;12789
1565;12792
1562;12794
1546;12797
1530;12800
1516;12803
1508;12805
1470;12808
1456;12810
1457;12813
1457;12815
1442;12817
1429;12820
1438;12822
1465;12825
1485;12827
1495;12830
1511;12832
1495;12835
1470;12837
1458;12840
1466;12843
1471;12846
1467;12848
1455;12850
1462;12853
1481;12855
1494;12858
1488;12860
1485;12863
1495;12865
1510;12868
1514;12870
1504;12873
1492;12875
1488;12878
1489;12880
1482;12882
1460;12886
1437;12888
1450;12891
1458;12893
1445;12896
1462;12898
1514;12901
1562;12903
1586;12906
1575;12908
1517;12911
1480;12913
1463;12915
1446;12918
1440;12920
1433;12923
1427;12925
1438;12929
1457;12931
1478;12934
1502;12936
1536;12939
1551;12941
1544;12944
1540;12946
1517;12948
1510;12951
1513;12953
1506;12956
1505;12958
1489;12961
1483;12963
1482;12966
1482;12968
1479;12972
1467;12974
1456;12977
1456;12979
1461;12981
1464;12984
1453;12986
1437;12989
1448;12991
1462;12994
1473;12996
1471;12999
1467;13001
1480;13004
1507;13006
1558;13009
1607;13011
1603;13014
1554;13017
1540;13019
1531;13022
1515;13024
1506;13027
1509;13029
1517;13032
1514;13034
1505;13037
1503;13039
1512;13042
1523;13044
1532;13046
1531;13049
1528;13051
1507;13054
1498;13057
1490;13060
1491;13062
1500;13065
1500;13067
1490;13070
1480;13072
1496;13075
1502;13077
1499;13079
1491;13082
1492;13084
1519;13087
1542;13089
1556;13092
1602;13094
1622;13097
1612;13100
1595;13103
1561;13105
1534;13108
1519;13110
1502;13112
1502;13115
1513;13117
1532;13120
1535;13122
1496;13125
1466;13127
1454;13130
1460;13132
1487;13135
1529;13137
1567;13140
1547;13143
1538;13145
1580;13148
1602;13150
1589;13153
1520;13155
1469;13158
1455;13160
1486;13163
1530;13165
1569;13168
1562;13170
1488;13173
1455;13175
1447;13177
1451;13180
1465;13182
1481;13186
1479;13188
1469;13191
1469;13193
1492;13196
1503;13198
1485;13201
1463;13203
1419;13206
1389;13208
1390;13210
1413;13213
1448;13215
1464;13218
1483;13220
1494;13223
1538;13225
1519;13229
1495;13231
1448;13234
1412;13236
1387;13239
1356;13241
1341;13243
1330;13246
1337;13248
1359;13251
1336;13253
1323;13256
1325;13258
1325;13261
1325;13263
1329;13266
1335;13268
1354;13272
1379;13274
1391;13276
1381;13279
1362;13281
1361;13284
1379;13286
1396;13289
1413;13291
1438;13294
1421;13296
1395;13299
1402;13301
1402;13304
1396;13306
1382;13309
1369;13312
1379;13314
1397;13317
1421;13319
1465;13322
1484;13324
1509;13327
1499;13329
1425;13332
1387;13334
1367;13337
1359;13339
1362;13342
1357;13344
1362;13346
1368;13349
1363;13351
1372;13355
1392;13357
1416;13360
1430;13362
1415;13365
1424;13367
1468;13370
1530;13372
1528;13375
1489;13377
1473;13379
1447;13382
1426;13384
1414;13387
1400;13389
1403;13392
1435;13394
1477;13398
1495;13400
1488;13403
1454;13405
1432;13408
1433;13410
1446;13412
1467;13415
1473;13417
1476;13420
1468;13422
1457;13425
1471;13427
1503;13430
1542;13432
1588;13435
1627;13437
1637;13441
1630;13443
1643;13445
1657;13448
1658;13450
1633;13453
1647;13455
1681;13458
1723;13460
1700;13463
1593;13465
1544;13468
1488;13470
1452;13473
1453;13475
1465;13477
1482;13480
1505;13483
1528;13486
1548;13488
1558;13491
1519;13493
1498;13496
1509;13498
1538;13501
1584;13503
1592;13506
1556;13508
1551;13510
1571;13513
1596;13515
1580;13518
1556;13520
1561;13523
1573;13526
1574;13529
1567;13531
1563;13534
1542;13536
1521;13539
1530;13541
1565;13543
1597;13546
1617;13548
1601;13551
1602;13553
1605;13556
1599;13558
1574;13561
1538;13563
1505;13566
1480;13569
1486;13572
1503;13574
1507;13577
1504;13579
1501;13581
1482;13584
1472;13586
1467;13589
1486;13591
1507;13594
1518;13596
1530;13599
1526;13601
1530;13604
1550;13606
1549;13609
1533;13612
1518;13614
1511;13617
1527;13619
1523;13622
1495;13624
1466;13627
1470;13629
1491;13632
1512;13634
1520;13637
1492;13639
1459;13642
1455;13644
1468;13646
1475;13649
1480;13651
1497;13655
1493;13657
1475;13660
1455;13662
1448;13665
1460;13667
1480;13670
1497;13672
1490;13675
1492;13677
1508;13679
1513;13682
1517;13684
1519;13687
1529;13689
1579;13692
1626;13694
1598;13698
1554;13700
1516;13703
1467;13705
1453;13708
1465;13710
1481;13712
1473;13715
1467;13717
1472;13720
1494;13722
1495;13725
1460;13727
1436;13730
1445;13732
1459;13735
1456;13737
1435;13741
1405;13743
1406;13745
1439;13748
1471;13750
1459;13753
1438;13755
1430;13758
1431;13760
1441;13763
1458;13765
1479;13768
1481;13770
1473;13773
1490;13775
1480;13778
1453;13780
1457;13783
1466;13786
1484;13788
1497;13791
1476;13793
1469;13796
1466;13798
1448;13801
1438;13803
1472;13806
1521;13808
1531;13811
1479;13813
1449;13815
1441;13818
1415;13820
1385;13824
1359;13826
1359;13829
1373;13831
1380;13834
1400;13836
1438;13839
1484;13841
1523;13844
1531;13846
1522;13848
1476;13851
1467;13853
1473;13856
1481;13858
1483;13861
1479;13863
1496;13867
1500;13869
1514;13872
1498;13874
1459;13877
1459;13879
1466;13881
1485;13884
1485;13886
1467;13889
1442;13891
1415;13894
1403;13896
1419;13899
1419;13901
1404;13904
1404;13906
1423;13910
1436;13912
1421;13914
1423;13917
1454;13919
1483;13922
1490;13924
1476;13927
1493;13929
1504;13932
1515;13934
1505;13937
1479;13939
1443;13942
1447;13944
1453;13946
1464;13949
1446;13952
1414;13955
1398;13957
1390;13960
1379;13962
1376;13965
1387;13967
1397;13970
1415;13972
1454;13975
1519;13977
1577;13980
1603;13982
1557;13984
1449;13987
1401;13989
1390;13992
1410;13995
1443;13998
1451;14000
1451;14003
1452;14005
1459;14008
1489;14010
1534;14013
1588;14015
1611;14017
1644;14020
1602;14022
1519;14025
1492;14027
1477;14030
1455;14032
1433;14035
1414;14038
1406;14041
1402;14043
1400;14046
1394;14048
1398;14050
1410;14053
1434;14055
1424;14058
1422;14060
1445;14063
1483;14065
1530;14068
1523;14070
1511;14073
1525;14075
1533;14078
1497;14081
1475;14083
1483;14086
1486;14088
1474;14091
1474;14093
1495;14096
1531;14098
1549;14101
1518;14103
1490;14106
1458;14108
1469;14111
1479;14113
1442;14115
1433;14118
1436;14120
1467;14124
1478;14126
1456;14129
1443;14131
1432;14134
1438;14136
1446;14139
1454;14141
1431;14144
1411;14146
1413;14149
1434;14151
1458;14153
1477;14156
1484;14158
1494;14161
1527;14163
1557;14167
1586;14169
1587;14172
1532;14174
1481;14177
1473;14179
1474;14182
1476;14184
1493;14186
1534;14189
1566;14191
1564;14194
1480;14196
1433;14199
1419;14201
1416;14204
1419;14206
1423;14210
1430;14212
1430;14215
1440;14217
1451;14219
1447;14222
1437;14224
1420;14227
1424;14229
1425;14232
1416;14234
1426;14237
1473;14239
1497;14242
1538;14244
1577;14247
1570;14249
1539;14252
1529;14255
1492;14257
1459;14260
1431;14262
1443;14265
1461;14267
1486;14270
1493;14272
1467;14275
1456;14277
1447;14280
1435;14282
1419;14284
1421;14287
1432;14289
1456;14292
1471;14295
1456;14298
1444;14300
1452;14303
1472;14305
1514;14308
1578;14310
1576;14313
1572;14315
1572;14317
1562;14320
1579;14322
1589;14325
1524;14327
1459;14330
1433;14332
1426;14336
1432;14338
1448;14341
1463;14343
1448;14346
1419;14348
1408;14350
1404;14353
1406;14355
1413;14358
1417;14360
1434;14363
1470;14365
1518;14368
1536;14370
1504;14373
1478;14375
1477;14379
1490;14381
1527;14384
1549;14386
1555;14388
1507;14391
1454;14393
1450;14396
1477;14398
1526;14401
1567;14403
1531;14406
1486;14408
1464;14411
1454;14413
1439;14416
1401;14418
1382;14420
1384;14424
1405;14426
1449;14429
1490;14431
1496;14434
1489;14436
1514;14439
1540;14441
1567;14444
1548;14446
1538;14449
1539;14451
1495;14453
1476;14456
1494;14458
1542;14461
1553;14464
1526;14467
1514;14469
1528;14472
1535;14474
1516;14477
1496;14479
1471;14482
1470;14484
1487;14486
1503;14489
1520;14491
1488;14494
1457;14496
1430;14499
1413;14501
1405;14504
1425;14507
1455;14510
1465;14512
1467;14515
1433;14517
1416;14519
1426;14522
1468;14524
1481;14527
1466;14529
1457;14532
1470;14534
1501;14537
1486;14539
1478;14542
1497;14544
1508;14547
1548;14550
1580;14552
1566;14555
1518;14557
1471;14560
1451;14562
1446;14565
1468;14567
1491;14570
1518;14572
1533;14575
1545;14577
1514;14580
1449;14582
1425;14584
1412;14587
1414;14589
1416;14593
1427;14595
1477;14598
1533;14600
1552;14603
1513;14605
1474;14608
1457;14610
1464;14613
1510;14615
1566;14618
1579;14620
1562;14622
1574;14625
1617;14627
1633;14630
1646;14632
1641;14636
1620;14638
1591;14641
1541;14643
1519;14646
1524;14648
1537;14651
1527;14653
1477;14655
1461;14658
1471;14660
1474;14663
1466;14665
1433;14668
1417;14670
1409;14673
1413;14675
1415;14679
1433;14681
1454;14684
1491;14686
1508;14688
1509;14691
1517;14693
1501;14696
1524;14698
1582;14701
1612;14703
1540;14706
1471;14708
1470;14711
1499;14713
1539;14716
1549;14718
1528;14722
1520;14724
1530;14726
1540;14729
1553;14731
1561;14734
1503;14736
1433;14739
1413;14741
1416;14744
1428;14746
1437;14749
1429;14751
1419;14754
1413;14756
1384;14758
1372;14761
1412;14764
1475;14767
1524;14769
1520;14772
1444;14774
1415;14777
1435;14779
1468;14782
1463;14784
1442;14787
1433;14789
1416;14791
1430;14794
1468;14796
1521;14799
1554;14801
1511;14804
1456;14807
1439;14810
1429;14812
1400;14815
1393;14817
1420;14820
1439;14822
1450;14825
1452;14827
1438;14829
1408;14832
1403;14834
1407;14837
1408;14839
1423;14842
1448;14844
1500;14848
1555;14850
1573;14853
1527;14855
1474;14858
1455;14860
1496;14862
1541;14865
1568;14867
1539;14870
1494;14872
1468;14875
1453;14877
1466;14880
1487;14882
1505;14885
1498;14887
1490;14891
1475;14893
1442;14895
1422;14898
1428;14900
1442;14903
1446;14905
1424;14908
1429;14910
1455;14913
1491;14915
1511;14918
1519;14920
1500;14923
1472;14925
1465;14927
1486;14930
1482;14932
1517;14936
1530;14938
1499;14941
1509;14943
1532;14946
1546;14948
1516;14951
1473;14953
1489;14956
1524;14958
1558;14961
1559;14963
1514;14965
1460;14968
1436;14970
1423;14973
1410;14976
1408;14979
1426;14981
1449;14984
1467;14986
1441;14989
1419;14991
1425;14994
1453;14996
1500;14998
1530;15001
1507;15003
1524;15006
1552;15008
1544;15011
1546;15013
1559;15016
1516;15019
1490;15022
1472;15024
1447;15027
1440;15029
1456;15032
1462;15034
1501;15036
1535;15039
1548;15041
1516;15044
1459;15046
1437;15049
1417;15051
1412;15054
1423;15056
1448;15059
1467;15062
1449;15065
1431;15067
1416;15069
1415;15072
1435;15074
1470;15077
1486;15079
1485;15082
1496;15084
1519;15087
1523;15089
1542;15092
1539;15094
1479;15097
1442;15099
1425;15101
1452;15105
1489;15107
1521;15110
1543;15112
1541;15115
1526;15117
1504;15120
1505;15122
1529;15125
1510;15127
1480;15130
1499;15132
1532;15135
1548;15137
1543;15139
1514;15142
1482;15144
1485;15148
1468;15150
1421;15153
1401;15155
1415;15158
1425;15160
1433;15163
1431;15165
1409;15168
1396;15170
1396;15172
1412;15175
1448;15177
1514;15180
1511;15182
1442;15185
1416;15187
1400;15191
1393;15193
1414;15196
1441;15198
1452;15201
1445;15203
1459;15206
1497;15208
1483;15210
1408;15213
1392;15215
1390;15218
1404;15220
1409;15223
1412;15225
1427;15228
1439;15230
1436;15234
1450;15236
1494;15239
1526;15241
1532;15243
1458;15246
1403;15248
1396;15251
1406;15253
1434;15256
1439;15258
1435;15261
1446;15263
1472;15266
1501;15268
1459;15271
1429;15273
1437;15276
1450;15279
1470;15281
1495;15284
1517;15286
1515;15289
1463;15291
1437;15294
1438;15296
1450;15299
1452;15301
1457;15304
1479;15306
1499;15308
1464;15311
1446;15313
1421;15316
1401;15319
1411;15322
1427;15324
1445;15327
1434;15329
1392;15332
1376;15334
1397;15337
1446;15339
1510;15342
1571;15344
1571;15346
1566;15349
1564;15351
1589;15354
1603;15356
1597;15360
1561;15362
1531;15365
1556;15367
1574;15370
1610;15372
1650;15375
1626;15377
1545;15379
1487;15382
1455;15384
1443;15387
1437;15389
1423;15392
1399;15394
1374;15397
1366;15399
1401;15403
1446;15405
1494;15408
1541;15410
1561;15412
1555;15415
1522;15417
1514;15420
1523;15422
1525;15425
1517;15427
1531;15430
1522;15432
1571;15435
1597;15437
1635;15440
1604;15442
1523;15446
1486;15448
1461;15450
1415;15453
1384;15455
1384;15458
1375;15460
1377;15463
1398;15465
1445;15468
1491;15470
1473;15473
1426;15475
1407;15478
1406;15480
1410;15482
1411;15485
1427;15488
1457;15491
1466;15493
1469;15496
1453;15498
1483;15501
1532;15503
1571;15506
1562;15508
1543;15511
1506;15513
1510;15515
1525;15518
1545;15520
1547;15523
1530;15525
1503;15528
1472;15531
1454;15534
1443;15536
1448;15539
1474;15541
1474;15544
1446;15546
1446;15549
1451;15551
1438;15553
1427;15556
1442;15558
1460;15561
1488;15563
1501;15566
1504;15568
1531;15571
1554;15574
1557;15577
1517;15579
1504;15582
1539;15584
1570;15586
1571;15589
1549;15591
1524;15594
1515;15596
1524;15599
1543;15601
1566;15604
1622;15606
1590;15609
1555;15611
1544;15614
1564;15617
1596;15619
1607;15622
1602;15624
1568;15627
1580;15629
1584;15632
1564;15634
1571;15637
1576;15639
1565;15642
1562;15644
1553;15647
1576;15649
1607;15652
1662;15654
1651;15656
1615;15660
1575;15662
1533;15665
1535;15667
1550;15670
1572;15672
1595;15675
1533;15677
1498;15680
1487;15682
1498;15685
1530;15687
1571;15689
1594;15692
1596;15694
1535;15697
1501;15699
1489;15703
1488;15705
1504;15708
1540;15710
1545;15713
1560;15715
1564;15718
1531;15720
1531;15722
1541;15725
1552;15727
1560;15730
1565;15732
1548;15735
1542;15737
1545;15740
1564;15742
1576;15746
1567;15748
1569;15751
1515;15753
1491;15756
1475;15758
1462;15760
1485;15763
1501;15765
1506;15768
1475;15770
1427;15773
1409;15775
1412;15778
1445;15780
1493;15783
1522;15785
1480;15789
1453;15791
1419;15793
1402;15796
1409;15798
1411;15801
1431;15803
1433;15806
1438;15808
1435;15811
1462;15813
1501;15816
1560;15818
1552;15821
1473;15823
1416;15826
1396;15828
1406;15831
1424;15834
1432;15836
1440;15839
1441;15841
1432;15844
1415;15846
1398;15849
1407;15851
1421;15854
1447;15856
1454;15859
1463;15861
1445;15863
1413;15866
1452;15868
1498;15872
1514;15874
1537;15877
1503;15879
1467;15882
1466;15884
1475;15887
1478;15889
1497;15892
1495;15894
1512;15897
1536;15899
1529;15901
1529;15904
1491;15906
1421;15909
1392;15911
1395;15915
1405;15917
1413;15920
1402;15922
1386;15925
1387;15927
1396;15930
1403;15932
1418;15935
1434;15937
1440;15939
1433;15942
1453;15944
1484;15947
1538;15949
1565;15952
1586;15954
1531;15958
1468;15960
1432;15963
1432;15965
1446;15968
1466;15970
1462;15972
1427;15975
1403;15977
1408;15980
1403;15982
1389;15985
1395;15987
1399;15990
1410;15992
1410;15995
1388;15997
1398;16001
1433;16003
1518;16006
1580;16008
1530;16010
1475;16013
1483;16015
1503;16018
1529;16020
1518;16023
1491;16025
1483;16028
1510;16030
1545;16033
1536;16035
1534;16038
1493;16040
1459;16043
1464;16046
1481;16048
1517;16051
1523;16053
1512;16056
1480;16058
1429;16061
1410;16063
1414;16066
1438;16068
1449;16071
1471;16073
1451;16075
1444;16078
1459;16080
1475;16083
1468;16086
1450;16089
1472;16091
1498;16094
1498;16096
1489;16099
1450;16101
1434;16104
1449;16106
1459;16108
1492;16111
1473;16113
1432;16116
1415;16118
1419;16121
1451;16123
1467;16126
1453;16129
1464;16132
1484;16134
1481;16137
1474;16139
1430;16141
1403;16144
1388;16146
1382;16149
1414;16151
1438;16154
1471;16156
1489;16159
1462;16161
1438;16164
1438;16166
1460;16169
1484;16172
1519;16174
1566;16177
1575;16179
1543;16182
1511;16184
1448;16187
1427;16189
1387;16192
1373;16194
1379;16197
1405;16199
1449;16202
1498;16204
1511;16206
1468;16209
1440;16211
1450;16215
1473;16217
1490;16220
1478;16222
1481;16225
1486;16227
1470;16230
1466;16232
1465;16235
1465;16237
1479;16239
1479;16242
1485;16244
1498;16247
1475;16249
1456;16252
1453;16254
1478;16258
1506;16260
1519;16263
1499;16265
1490;16268
1487;16270
1494;16272
1494;16275
1493;16277
1509;16280
1535;16282
1495;16285
1466;16287
1484;16290
1544;16292
1611;16295
1621;16297
1540;16301
1465;16303
1425;16305
1399;16308
1384;16310
1381;16313
1382;16315
1393;16318
1406;16320
1404;16323
1420;16325
1426;16328
1415;16330
1419;16333
1436;16335
1492;16337
1545;16340
1572;16343
1558;16346
1504;16348
1475;16351
1466;16353
1464;16356
1464;16358
1469;16361
1466;16363
1433;16366
1420;16368
1417;16370
1415;16373
1427;16375
1454;16378
1491;16380
1526;16384
1501;16386
1492;16389
1466;16391
1434;16394
1432;16396
1448;16399
1460;16401
1467;16403
1487;16406
1502;16408
1542;16411
1573;16413
1542;16416
1519;16418
1479;16421
1458;16423
1439;16427
1456;16429
1488;16432
1508;16434
1463;16436
1425;16439
1403;16441
1396;16444
1396;16446
1395;16449
1417;16451
1467;16454
1497;16456
1485;16459
1485;16461
1499;16464
1496;16466
1472;16468
1444;16472
1451;16474
1433;16477
1430;16479
1445;16482
1483;16484
1500;16487
1499;16489
1474;16492
1458;16494
1462;16497
1469;16499
1472;16501
1464;16504
1443;16506
1432;16509
1436;16512
1440;16515
1452;16517
1470;16520
1483;16522
1472;16525
1452;16527
1451;16530
1453;16532
1469;16534
1477;16537
1473;16539
1476;16542
1485;16544
1499;16547
1518;16549
1533;16552
1539;16555
1543;16558
1520;16560
1503;16563
1518;16565
1543;16567
1556;16570
1536;16572
1498;16575
1462;16577
1451;16580
1433;16582
1420;16585
1418;16587
1417;16590
1426;16592
1425;16595
1431;16598
1457;16601
1499;16603
1551;16605
1590;16608
1576;16610
1530;16613
1523;16615
1534;16618
1533;16620
1529;16623
1507;16625
1525;16628
1560;16630
1579;16633
1580;16635
1549;16637
1553;16641
1587;16643
1578;16646
1541;16648
1513;16651
1514;16653
1511;16656
1467;16658
1441;16661
1431;16663
1412;16666
1390;16668
1384;16670
1385;16673
1391;16675
1396;16678
1400;16680
1402;16684
1420;16686
1446;16689
1457;16691
1455;16694
1446;16696
1452;16699
1475;16701
1520;16703
1551;16706
1523;16708
1502;16711
1493;16713
1515;16716
1571;16718
1558;16721
1498;16723
1474;16727
1473;16729
1483;16732
1484;16734
1464;16736
1457;16739
1444;16741
1430;16744
1431;16746
1423;16749
1425;16751
1434;16754
1426;16756
1421;16759
1434;16761
1457;16764
1465;16766
1459;16769
1455;16772
1451;16774
1473;16777
1501;16779
1549;16782
1561;16784
1533;16787
1559;16789
1576;16792
1615;16794
1635;16797
1538;16799
1474;16801
1440;16804
1443;16806
1442;16809
1449;16812
1464;16815
1472;16817
1496;16820
1515;16822
1497;16825
1465;16827
1453;16830
1456;16832
1485;16834
1498;16837
1517;16839
1532;16842
1524;16844
1546;16847
1550;16849
1540;16852
1506;16855
1466;16858
1437;16860
1418;16863
1399;16865
1402;16867
1443;16870
1483;16872
1504;16875
1496;16877
1493;16880
1509;16882
1527;16885
1495;16887
1448;16890
1447;16892
1476;16896
1492;16898
1496;16900
1461;16903
1454;16905
1476;16908
1538;16910
1582;16913
1532;16915
1480;16918
1461;16920
1471;16923
1503;16925
1548;16928
1568;16930
1568;16933
1512;16935
1482;16937
1482;16941
1487;16943
1488;16946
1505;16948
1500;16951
1467;16953
1446;16956
1435;16958
1428;16961
1430;16963
1422;16966
1405;16968
1396;16970
1404;16973
1418;16975
1430;16978
1459;16980
1493;16984
1491;16986
1491;16989
1514;16991
1514;16994
1511;16996
1507;16999
1516;17001
1522;17003
1567;17006
1582;17008
1564;17011
1542;17013
1516;17016
1541;17018
1573;17021
1605;17024
1587;17027
1545;17029
1511;17032
1503;17034
1489;17036
1472;17039
1465;17041
1454;17044
1443;17046
1444;17049
1428;17051
1414;17054
1422;17056
1457;17059
1506;17061
1531;17064
1530;17067
1517;17069
1500;17072
1489;17074
1481;17077
1478;17079
1481;17082
1493;17084
1510;17087
1512;17089
1508;17092
1494;17094
1478;17097
1457;17099
1448;17101
1453;17104
1476;17106
1496;17110
1516;17112
1513;17115
1505;17117
1501;17120
1516;17122
1493;17125
1463;17127
1449;17130
1449;17132
1438;17135
1440;17137
1447;17139
1454;17142
1464;17144
1469;17147
1467;17149
1459;17153
1441;17155
1422;17158
1435;17160
1461;17163
1491;17165
1538;17168
1559;17170
1537;17172
1498;17175
1485;17177
1492;17180
1513;17182
1539;17185
1557;17187
1551;17190
1493;17192
1458;17196
1451;17198
1460;17201
1472;17203
1485;17205
1497;17208
1490;17210
1475;17213
1476;17215
1484;17218
1478;17220
1470;17223
1482;17225
1511;17228
1533;17230
1545;17233
1553;17235
1567;17238
1579;17241
1538;17243
1499;17246
1503;17248
1547;17251
1604;17253
1642;17256
1607;17258
1568;17261
1551;17263
1520;17266
1490;17268
1483;17270
1490;17273
1459;17275
1429;17278
1414;17281
1440;17284
1476;17286
1497;17289
1511;17291
1500;17294
1470;17296
1445;17299
1425;17301
1434;17303
1469;17306
1505;17308
1537;17311
1552;17313
1516;17316
1498;17318
1505;17321
1509;17324
1487;17327
1486;17329
1486;17332
1475;17334
1474;17337
1505;17339
1533;17341
1559;17344
1566;17346
1539;17349
1513;17351
1514;17354
1505;17356
1480;17359
1482;17361
1479;17364
1469;17367
1461;17370
1471;17372
1471;17374
1463;17377
1474;17379
1480;17382
1490;17384
1516;17387
1533;17389
1571;17392
1568;17394
1502;17397
1462;17399
1448;17402
1447;17404
1434;17406
1426;17410
1428;17412
1465;17415
1523;17417
1586;17420
1612;17422
1570;17425
1559;17427
1547;17430
1522;17432
1502;17435
1472;17437
1461;17439
1453;17442
1440;17444
1426;17447
1421;17449
1417;17453
1412;17455
1407;17458
1400;17460
1400;17463
1401;17465
1402;17468
1404;17470
1409;17472
1416;17475
1415;17477
1413;17480
1442;17482
1502;17485
1569;17487
1599;17490
1560;17492
1529;17496
1456;17498
1435;17501
1430;17503
1417;17505
1408;17508
1412;17510
1417;17513
1421;17515
1426;17518
1432;17520
1440;17523
1438;17525
1435;17528
1433;17530
1429;17533
1425;17536
1422;17539
1418;17541
1414;17543
1414;17546
1416;17548
1417;17551
1415;17553
1406;17556
1400;17558
1403;17561
1406;17563
1408;17566
1411;17568
1424;17571
1474;17573
1571;17575
1683;17579
1699;17581
1618;17584
1505;17586
1443;17589
1422;17591
1409;17594
1410;17596
1439;17599
1485;17601
1521;17604
1525;17606
1472;17609
1431;17611
1412;17613
1402;17616
1396;17618
1393;17622
1393;17624
1394;17627
1395;17629
1398;17632
1401;17634
1406;17637
1412;17639
1422;17642
1445;17644
1479;17646
1521;17649
1551;17651
1558;17654
1564;17656
1595;17659
1636;17661
1648;17665
1640;17667
1624;17670
1636;17672
1706;17675
1739;17677
1719;17679
1646;17682
1601;17684
1583;17687
1570;17689
1564;17692
1561;17694
1560;17697
1558;17699
1555;17702
1553;17704
1551;17708
1549;17710
1548;17712
1548;17715
1548;17717
1549;17720
1550;17722
1550;17725
1551;17727
1552;17730
1553;17732
1554;17735
1554;17737
1553;17740
1554;17742
1555;17744
1551;17747
1548;17750
1544;17753
1541;17755
1539;17758
1537;17760
1535;17763
1530;17765
1528;17768
1525;17770
1522;17773
1519;17775
1518;17778
1516;17780
1512;17782
1507;17785
1502;17787
1496;17790
1491;17793
1487;17796
1482;17798
1480;17801
1480;17803
1481;17806
1481;17808
1479;17811
1473;17813
1468;17815
1464;17818
1461;17820
1460;17823
1459;17825
1458;17828
1453;17830
1452;17833
1453;17836
1453;17839
1454;17841
1456;17844
1458;17846
1459;17848
1460;17851
1463;17853
1468;17856
1470;17858
1470;17861
1469;17863
1469;17866
1466;17868
1467;17871
1476;17873
1503;17876
1544;17879
1563;17882
1549;17884
1503;17886
1487;17889
1498;17891
1514;17894
1516;17896
1497;17899
1491;17901
1489;17904
1488;17906
1490;17909
1492;17911
1493;17914
1494;17916
1495;17918
1497;17922
1498;17924
1498;17927
1498;17929
1497;17932
1496;17934
1495;17937
1493;17939
1493;17942
1490;17944
1488;17947
1481;17949
1474;17951
1474;17954
1476;17956
1476;17959
1469;17961
1467;17965
1469;17967
1468;17970
1466;17972
1464;17975
1462;17977
1460;17980
1458;17982
1456;17984
1454;17987
1452;17989
1450;17992
1449;17994
1447;17997
1445;17999
1443;18002
1441;18004
1439;18008
1438;18010
1436;18013
1433;18015
1429;18017
1425;18020
1421;18022
1417;18025
1412;18027
1408;18030
1402;18032
1398;18035
1395;18037
1390;18040
1389;18042
1385;18045
1376;18048
1370;18050
1365;18053
1360;18055
1354;18058
1350;18060
1344;18063
1340;18065
1336;18068
1331;18070
1325;18073
1321;18075
1318;18078
1319;18080
1320;18082
1321;18085
1321;18087
1314;18091
1308;18093
1307;18096
1305;18098
1305;18101
1304;18103
1303;18106
1304;18108
1305;18111
1305;18113
1307;18115
1309;18118
1313;18120
1317;18123
1322;18125
1328;18128
1336;18130
1346;18134
1359;18136
1371;18139
1380;18141
1393;18144
1406;18146
1420;18148
1429;18151
1428;18153
1424;18156
1424;18158
1424;18161
1422;18163
1420;18166
1419;18168
1421;18171
1425;18173
1431;18177
1434;18179
1435;18182
1434;18184
1434;18186
1433;18189
1431;18191
1430;18194
1427;18196
1425;18199
1424;18201
1422;18204
1421;18206
1419;18209
1418;18211
1418;18214
1418;18216
1419;18219
1422;18222
1426;18224
1429;18227
1434;18229
1439;18232
1444;18234
1450;18237
1456;18239
1463;18242
1470;18244
1477;18247
1484;18249
1492;18251
1500;18254
1507;18256
1514;18259
1521;18262
1528;18265
1533;18267
1538;18270
1541;18272
1545;18275
1547;18277
1549;18280
1551;18282
1552;18284
1554;18287
1554;18289
1555;18292
1556;18294
1557;18297
1557;18299
1558;18302
1558;18305
1558;18308
1558;18310
1558;18313
1558;18315
1558;18318
1557;18320
1556;18322
1556;18325
1555;18327
1554;18330
1553;18332
1552;18335
1551;18337
1550;18340
1549;18342
1549;18345
1549;18348
1550;18351
1550;18353
1550;18355
1550;18358
1549;18360
1549;18363
1549;18365
1549;18368
1550;18370
1552;18373
1554;18375
1556;18378
1559;18380
1561;18383
1564;18385
1568;18387
1571;18391
1575;18393
1579;18396
1583;18398
1587;18401
1591;18403
1595;18406
1599;18408
1603;18411
1606;18413
1610;18416
1613;18418
1616;18421
1619;18423
1622;18425
1625;18428
1628;18430
1630;18434
1632;18436
1634;18439
1635;18441
1636;18444
1636;18446
1636;18449
1636;18451
1634;18454
1633;18456
1631;18458
1628;18461
1626;18463
1624;18466
1621;18468
1618;18471
1616;18473
1613;18477
1611;18479
1607;18482
1604;18484
1601;18487
1597;18489
1594;18491
1591;18494
1589;18496
1587;18499
1585;18501
1583;18504
1582;18506
1582;18509
1583;18511
1585;18514
1587;18516
1589;18520
1592;18522
1595;18524
1598;18527
1601;18529
1604;18532
1607;18534
1609;18537
1612;18539
1613;18542
1614;18544
1614;18547
1614;18549
1613;18552
1612;18554
1610;18557
1608;18560
1605;18562
1602;18565
1598;18567
1595;18570
1590;18572
1586;18575
1581;18577
1577;18580
1572;18582
1566;18585
1560;18587
1555;18590
1549;18592
1543;18594
1537;18597
1533;18599
1526;18603
1520;18605
1513;18608
1507;18610
1500;18613
1493;18615
1486;18618
1479;18620
1472;18623
1465;18625
1458;18627
1451;18630
1444;18632
1437;18635
1431;18637
1425;18640
1419;18642
1413;18646
1408;18648
1403;18651
1398;18653
1393;18656
1389;18658
1385;18660
1382;18663
1378;18665
1376;18668
1374;18670
1372;18673
1371;18675
1370;18678
1370;18680
1370;18683
1371;18685
1372;18689
1374;18691
1375;18693
1378;18696
1380;18698
1383;18701
1386;18703
1388;18706
1391;18708
1394;18711
1397;18713
1399;18716
1401;18718
1404;18721
1406;18723
1408;18725
1409;18728
1410;18731
1412;18734
1412;18736
1412;18739
1412;18741
1412;18744
1411;18746
1409;18749
1408;18751
1406;18754
1405;18756
1403;18759
1402;18761
1401;18763
1400;18766
1399;18768
1399;18771
1399;18774
1399;18777
1399;18779
1399;18782
1400;18784
1401;18787
1402;18789
1403;18792
1404;18794
1405;18796
1406;18799
1407;18801
1407;18804
1408;18806
1409;18809
1409;18811
1409;18814
1409;18817
1409;18820
1409;18822
1409;18825
1409;18827
1408;18829
1408;18832
1407;18834
1406;18837
1406;18839
1404;18842
1403;18844
1402;18847
1401;18849
1399;18852
1398;18854
1396;18857
1395;18860
1393;18862
1392;18865
1390;18867
1389;18870
1388;18872
1387;18875
1386;18877
1385;18880
1384;18882
1384;18885
1384;18887
1384;18890
1385;18892
1385;18895
1386;18897
1387;18899
1389;18903
1390;18905
1392;18908
1394;18910
1396;18913
1399;18915
1401;18918
1403;18920
1405;18923
1408;18925
1410;18928
1413;18930
1415;18932
1418;18935
1420;18937
1422;18940
1425;18942
1427;18946
1429;18948
1431;18951
1433;18953
1435;18956
1436;18958
1438;18961
1440;18963
1442;18965
1444;18968
1446;18970
1447;18973
1449;18975
1451;18978
1453;18980
1454;18983
1456;18985
1457;18989
1459;18991
1460;18994
1462;18996
1463;18998
1464;19001
1466;19003
1467;19006
1468;19008
1469;19011
1470;19013
1471;19016
1472;19018
1472;19021
1473;19023
1473;19026
1473;19028
1474;19032
1473;19034
1473;19036
1473;19039
1473;19041
1473;19044
1473;19046
1473;19049
1473;19051
1472;19054
1472;19056
1472;19059
1472;19061
1472;19064
1471;19066
1471;19068
1471;19072
1470;19074
1470;19077
1470;19079
1471;19082
1471;19084
1472;19087
1472;19089
1473;19092
1473;19094
1474;19097
1475;19099
1476;19102
1477;19104
1478;19106
1478;19109
1479;19111
1479;19115
1479;19117
1479;19120
1479;19122
1479;19125
1478;19127
1478;19130
1478;19132
1477;19135
1477;19137
1477;19140
1477;19142
1477;19144
1477;19147
1477;19149
1477;19152
1477;19154
1477;19158
1477;19160
1478;19163
1478;19165
1478;19168
1478;19170
1478;19173
1479;19175
1479;19177
1479;19180
1480;19182
1480;19185
1480;19187
1480;19190
1481;19192
1481;19195
1481;19197
1481;19201
1481;19203
1481;19206
1481;19208
1481;19211
1481;19213
1481;19215
1481;19218
1481;19220
1481;19223
1480;19225
1480;19228
1479;19230
1479;19233
1479;19235
1478;19238
1478;19240
1478;19244
1477;19246
1477;19248
1476;19251
1476;19253
1476;19256
1475;19258
1475;19261
1475;19263
1475;19266
1475;19268
1475;19271
1475;19273
1475;19276
1475;19278
1475;19280
1475;19283
1475;19286
1475;19289
1475;19291
1476;19294
1476;19296
1476;19299
1476;19301
1476;19304
1476;19306
1476;19309
1477;19311
1477;19313
1477;19316
1477;19318
1477;19321
1478;19323
1478;19326
1478;19329
1479;19332
1479;19334
1479;19337
1480;19339
1480;19342
1481;19344
1481;19346
1482;19349
1482;19351
1482;19354
1483;19356
1483;19359
1483;19361
1484;19364
1484;19366
1485;19369
1485;19372
1485;19375
1486;19377
1485;19379
1485;19382
1485;19384
1485;19387
1485;19389
1485;19392
1485;19394
1484;19397
1484;19399
1484;19402
1483;19404
1483;19407
1483;19409
1482;19411
1481;19415
1481;19417
1480;19420
1480;19422
1480;19425
1479;19427
1479;19430
1478;19432
1478;19435
1478;19437
1478;19440
1478;19442
1478;19445
1478;19447
1477;19449
1477;19452
1477;19454
1477;19458
1477;19460
1477;19463
1477;19465
1477;19468
1477;19470
1477;19473
1477;19475
1478;19478
1478;19480
1478;19482
1478;19485
1479;19487
1479;19490
1479;19492
1479;19495
1480;19497
1480;19501
1480;19503
1481;19506
1481;19508
1481;19511
1482;19513
1482;19515
1482;19518
1483;19520
1483;19523
1483;19525
1483;19528
1483;19530
1484;19533
1484;19535
1484;19538
1485;19540
1486;19544
1486;19546
1486;19548
1487;19551
1487;19553
1488;19556
1488;19558
1489;19561
1489;19563
1489;19566
1490;19568
1490;19571
1490;19573
1490;19576
1491;19578
1491;19580
1491;19584
1491;19586
1491;19589
1491;19591
1490;19594
1490;19596
1490;19599
1489;19601
1489;19604
1489;19606
1488;19609
1488;19611
1487;19614
1487;19616
1486;19618
1486;19621
1485;19623
1485;19627
1484;19629
1484;19632
1484;19634
1483;19637
1483;19639
1483;19642
1483;19644
1483;19647
1483;19649
1483;19651
1483;19654
1483;19656
1483;19659
1484;19661
1484;19664
1484;19666
1485;19670
1485;19672
1486;19675
1486;19677
1487;19680
1487;19682
1488;19684
1488;19687
1488;19689
1489;19692
1489;19694
1489;19697
1489;19699
1490;19702
1490;19704
1490;19707
1490;19709
1490;19713
1490;19715
1489;19717
1489;19720
1489;19722
1489;19725
1489;19727
1489;19730
1489;19732
1488;19735
1488;19737
1488;19740
1488;19742
1487;19745
1487;19747
1486;19749
1486;19752
