1490;2
1491;4
1490;7
1492;9
1494;11
1495;13
1495;16
1494;18
1489;20
1488;23
1486;25
1485;27
1483;30
1482;32
1482;34
1484;37
1487;39
1489;41
1495;44
1502;47
1505;49
1507;51
1500;54
1493;56
1490;58
1489;61
1488;63
1487;65
1487;68
1489;70
1490;72
1492;75
1493;77
1491;79
1487;81
1484;84
1483;87
1482;89
1484;92
1485;94
1487;96
1489;99
1490;101
1491;103
1492;106
1488;108
1485;110
1485;113
1485;115
1485;117
1483;120
1484;122
1484;125
1485;128
1488;130
1491;133
1493;135
1493;137
1496;140
1498;142
1500;144
1497;147
1495;149
1493;152
1491;154
1490;156
1487;159
1484;161
1479;163
1476;166
1476;168
1476;171
1477;174
1477;176
1478;179
1480;181
1482;183
1482;186
1482;188
1482;190
1481;193
1481;195
1479;197
1477;200
1476;202
1478;204
1483;207
1486;209
1483;212
1479;215
1478;217
1478;220
1477;222
1479;224
1483;227
1487;229
1492;231
1495;234
1491;236
1488;239
1485;241
1482;243
1479;246
1479;248
1478;250
1475;253
1473;256
1475;258
1479;261
1483;263
1487;266
1488;268
1481;270
1478;273
1476;275
1473;277
1473;280
1474;282
1475;284
1475;287
1474;289
1474;292
1475;294
1477;296
1479;300
1478;302
1475;304
1474;307
1475;309
1479;311
1486;314
1492;316
1491;319
1484;321
1483;323
1484;326
1483;328
1478;330
1475;333
1475;335
1477;337
1477;340
1475;343
1475;346
1471;348
1468;350
1467;353
1467;355
1469;357
1470;360
1470;362
1469;364
1469;367
1471;369
1475;372
1481;374
1485;376
1482;379
1478;381
1476;384
1478;387
1482;389
1486;391
1485;394
1485;396
1481;399
1477;401
1476;403
1475;406
1475;408
1477;410
1482;413
1485;415
1484;417
1482;420
1476;422
1472;425
1470;428
1470;430
1472;433
1472;435
1471;437
1471;440
1471;442
1470;444
1470;447
1470;449
1472;452
1476;454
1482;456
1487;459
1488;461
1487;463
1485;466
1480;468
1478;471
1477;474
1473;476
1473;479
1475;481
1475;483
1475;486
1475;488
1478;490
1481;493
1489;495
1490;497
1485;500
1484;502
1481;504
1474;507
1471;509
1472;513
1475;515
1479;517
1482;520
1478;522
1471;524
1469;527
1467;529
1467;531
1468;534
1470;536
1471;539
1472;541
1473;543
1476;546
1480;548
1482;550
1482;553
1487;556
1490;558
1492;561
1490;563
1483;566
1479;568
1478;570
1481;573
1483;575
1484;577
1481;580
1478;582
1478;584
1480;587
1481;589
1482;592
1482;594
1477;596
1474;600
1471;602
1470;604
1470;607
1470;609
1472;611
1474;614
1476;616
1475;619
1474;621
1471;623
1470;626
1470;628
1471;630
1473;633
1476;635
1484;637
1494;641
1502;643
1495;646
1493;648
1489;650
1487;653
1484;655
1484;657
1482;660
1479;662
1477;664
1476;667
1474;669
1474;672
1475;674
1480;676
1484;679
1485;681
1488;684
1485;687
1479;689
1478;691
1478;694
1481;696
1485;699
1486;701
1485;703
1488;706
1492;708
1493;710
1489;713
1483;715
1478;717
1477;720
1479;722
1482;726
1484;728
1480;730
1474;733
1473;735
1474;737
1475;740
1477;742
1479;744
1476;747
1476;749
1475;752
1472;754
1466;756
1464;759
1464;761
1465;763
1467;766
1468;769
1468;771
1472;774
1478;776
1479;779
1478;781
1475;783
1471;786
1468;788
1467;790
1468;793
1470;795
1470;797
1472;800
1472;802
1471;805
1469;807
1468;809
1468;813
1470;815
1474;817
1477;820
1480;822
1481;824
1480;827
1475;829
1472;832
1472;834
1473;836
1474;839
1475;841
1478;843
1483;846
1485;848
1486;850
1483;854
1479;856
1477;859
1477;861
1478;863
1481;866
1482;868
1480;870
1479;873
1481;875
1484;877
1489;880
1494;882
1488;885
1483;887
1480;889
1480;892
1482;894
1485;897
1489;900
1489;902
1492;904
1489;907
1484;909
1481;912
1479;914
1476;916
1476;919
1476;921
1479;923
1480;926
1480;928
1481;930
1477;933
1474;935
1475;939
1476;941
1477;943
1477;946
1475;948
1475;950
1476;953
1478;955
1480;957
1478;960
1479;962
1480;965
1481;967
1483;969
1484;972
1487;974
1487;976
1486;979
1483;982
1482;984
1484;987
1488;989
1486;992
1484;994
1480;996
1476;999
1474;1001
1477;1003
1484;1006
1489;1008
1485;1011
1478;1013
1473;1015
1471;1018
1472;1020
1473;1024
1473;1026
1473;1029
1471;1031
1471;1033
1472;1036
1475;1038
1480;1041
1486;1043
1492;1045
1489;1048
1488;1050
1488;1053
1491;1055
1492;1057
1489;1060
1483;1062
1479;1065
1478;1068
1479;1071
1479;1073
1482;1075
1487;1078
1491;1080
1484;1083
1483;1085
1479;1087
1477;1090
1476;1092
1475;1095
1474;1097
1475;1099
1475;1102
1474;1104
1472;1107
1472;1110
1475;1113
1481;1115
1487;1117
1486;1120
1483;1122
1482;1125
1479;1127
1477;1129
1476;1132
1477;1134
1479;1137
1481;1139
1481;1141
1484;1144
1488;1146
1490;1149
1490;1152
1489;1155
1488;1157
1489;1159
1491;1162
1488;1164
1484;1167
1479;1169
1477;1171
1478;1174
1482;1176
1487;1179
1488;1181
1489;1183
1488;1186
1482;1188
1479;1191
1480;1193
1484;1197
1483;1199
1483;1201
1484;1204
1483;1206
1480;1209
1479;1211
1480;1213
1478;1216
1477;1218
1477;1221
1477;1223
1479;1226
1480;1228
1480;1230
1484;1233
1490;1235
1493;1239
1492;1241
1487;1243
1481;1246
1480;1248
1478;1251
1478;1253
1480;1255
1479;1258
1477;1260
1477;1263
1477;1265
1481;1268
1483;1270
1481;1272
1481;1275
1482;1277
1481;1281
1482;1283
1481;1285
1479;1288
1481;1290
1483;1293
1484;1295
1485;1297
1483;1300
1480;1302
1479;1305
1483;1307
1490;1310
1496;1312
1492;1314
1485;1317
1482;1319
1481;1323
1480;1325
1481;1327
1482;1330
1481;1332
1481;1335
1479;1337
1479;1339
1482;1342
1485;1344
1482;1347
1479;1349
1477;1352
1479;1354
1483;1356
1483;1359
1479;1361
1478;1364
1478;1367
1479;1369
1480;1372
1480;1374
1480;1377
1480;1379
1480;1381
1479;1384
1481;1386
1484;1389
1488;1391
1492;1394
1493;1396
1490;1398
1485;1401
1484;1403
1483;1406
1485;1409
1485;1411
1485;1414
1484;1416
1486;1419
1487;1421
1489;1423
1482;1426
1477;1428
1475;1431
1475;1433
1479;1436
1481;1438
1481;1440
1479;1443
1477;1445
1477;1448
1476;1451
1478;1453
1479;1456
1482;1458
1484;1461
1482;1463
1480;1465
1478;1468
1478;1470
1480;1473
1483;1475
1484;1478
1482;1480
1484;1482
1487;1485
1481;1487
1477;1490
1470;1492
1468;1495
1466;1498
1465;1500
1466;1503
1467;1505
1471;1508
1475;1510
1478;1512
1481;1515
1480;1517
1478;1520
1477;1522
1478;1524
1480;1527
1479;1529
1479;1532
1479;1534
1477;1537
1476;1540
1475;1542
1476;1545
1477;1547
1478;1550
1481;1552
1486;1554
1490;1557
1492;1559
1488;1562
1490;1564
1491;1566
1492;1569
1487;1571
1483;1574
1480;1576
1481;1579
1480;1582
1480;1584
1481;1587
1480;1589
1482;1592
1485;1594
1485;1596
1482;1599
1480;1601
1478;1604
1476;1606
1475;1608
1474;1611
1474;1613
1474;1616
1476;1618
1479;1620
1483;1624
1485;1626
1483;1629
1480;1631
1479;1634
1476;1636
1476;1638
1476;1641
1478;1643
1481;1646
1485;1648
1488;1650
1494;1653
1496;1655
1494;1658
1489;1660
1486;1664
1484;1666
1481;1668
1481;1671
1483;1673
1485;1676
1485;1678
1483;1680
1479;1683
1476;1685
1475;1688
1476;1690
1479;1692
1484;1695
1489;1697
1489;1700
1479;1702
1477;1705
1475;1708
1472;1710
1470;1713
1470;1715
1473;1718
1478;1720
1485;1722
1491;1725
1492;1727
1488;1730
1486;1732
1484;1734
1484;1737
1484;1739
1483;1742
1485;1744
1491;1747
1495;1750
1493;1752
1487;1755
1482;1757
1481;1760
1481;1762
1481;1764
1483;1767
1485;1769
1488;1772
1485;1774
1480;1776
1479;1779
1477;1781
1475;1784
1474;1786
1475;1789
1476;1792
1478;1794
1479;1797
1477;1799
1478;1802
1479;1804
1481;1806
1484;1809
1486;1811
1486;1814
1484;1816
1483;1818
1481;1821
1481;1823
1483;1826
1486;1828
1487;1831
1486;1833
1487;1836
1486;1839
1486;1841
1486;1844
1485;1846
1485;1848
1486;1851
1485;1853
1483;1856
1483;1858
1487;1860
1489;1863
1484;1865
1479;1868
1477;1870
1476;1873
1476;1875
1478;1878
1483;1881
1487;1883
1492;1886
1493;1888
1487;1890
1484;1893
1482;1895
1480;1898
1480;1900
1480;1903
1479;1905
1479;1907
1480;1910
1480;1912
1483;1915
1489;1917
1498;1920
1502;1923
1498;1925
1492;1928
1485;1930
1483;1932
1485;1935
1490;1937
1493;1940
1491;1942
1488;1945
1484;1947
1485;1949
1488;1952
1489;1954
1490;1957
1487;1959
1479;1961
1477;1965
1477;1967
1478;1970
1478;1972
1478;1974
1479;1977
1479;1979
1480;1982
1484;1984
1488;1987
1493;1989
1499;1991
1499;1994
1497;1996
1498;1999
1498;2001
1498;2003
1493;2007
1482;2009
1476;2012
1472;2014
1470;2016
1470;2019
1470;2021
1472;2024
1475;2026
1477;2029
1478;2031
1480;2033
1479;2036
1479;2038
1477;2041
1474;2043
1473;2045
1473;2049
1474;2051
1476;2054
1478;2056
1480;2058
1480;2061
1478;2063
1477;2066
1479;2068
1483;2071
1489;2073
1493;2075
1495;2078
1497;2080
1494;2083
1490;2085
1482;2087
1476;2091
1476;2093
1477;2096
1479;2098
1481;2100
1480;2103
1479;2105
1479;2108
1473;2110
1471;2113
1470;2115
1470;2117
1472;2120
1474;2122
1475;2125
1475;2127
1477;2129
1481;2132
1482;2135
1481;2138
1479;2140
1479;2143
1482;2145
1484;2147
1487;2150
1489;2152
1488;2155
1487;2157
1487;2159
1486;2162
1483;2164
1479;2167
1476;2169
1477;2171
1478;2174
1479;2177
1479;2180
1480;2182
1480;2185
1480;2187
1480;2189
1481;2192
1479;2194
1480;2197
1483;2199
1488;2201
1489;2204
1480;2206
1477;2209
1479;2211
1482;2213
1485;2216
1485;2219
1482;2222
1477;2224
1475;2227
1477;2229
1481;2231
1487;2234
1490;2236
1486;2239
1483;2241
1478;2243
1477;2246
1478;2248
1478;2251
1478;2253
1481;2255
1487;2258
1490;2260
1490;2264
1487;2266
1483;2269
1478;2271
1476;2273
1475;2276
1476;2278
1478;2281
1480;2283
1484;2285
1487;2288
1485;2290
1482;2293
1480;2295
1479;2297
1479;2300
1477;2302
1477;2306
1475;2308
1473;2311
1471;2313
1470;2315
1471;2318
1472;2320
1472;2323
1473;2325
1474;2327
1478;2330
1480;2332
1481;2335
1480;2337
1479;2340
1481;2342
1486;2344
1494;2348
1495;2350
1497;2353
1500;2355
1494;2357
1489;2360
1484;2362
1482;2365
1482;2367
1483;2369
1482;2372
1482;2374
1482;2377
1483;2379
1484;2382
1483;2384
1482;2386
1478;2390
1477;2392
1478;2395
1480;2397
1483;2399
1485;2402
1484;2404
1483;2407
1481;2409
1480;2411
1480;2414
1480;2416
1485;2419
1490;2421
1496;2424
1499;2426
1494;2428
1488;2432
1484;2434
1480;2437
1480;2439
1483;2441
1484;2444
1484;2446
1485;2449
1486;2451
1487;2453
1489;2456
1487;2458
1488;2461
1491;2463
1489;2466
1485;2468
1485;2470
1483;2473
1484;2476
1485;2479
1489;2481
1484;2483
1478;2486
1478;2488
1479;2491
1482;2493
1484;2495
1486;2498
1483;2500
1481;2503
1478;2505
1477;2508
1476;2510
1477;2512
1477;2515
1481;2518
1487;2521
1490;2523
1489;2525
1493;2528
1497;2530
1502;2533
1501;2535
1498;2538
1494;2540
1496;2542
1508;2545
1524;2547
1529;2550
1529;2552
1524;2554
1516;2557
1513;2560
1517;2563
1519;2565
1516;2567
1505;2570
1505;2572
1511;2575
1519;2577
1524;2580
1516;2582
1508;2584
1501;2587
1502;2589
1519;2592
1539;2594
1567;2596
1597;2599
1599;2601
1578;2605
1569;2607
1565;2609
1549;2612
1530;2614
1506;2617
1492;2619
1492;2622
1501;2624
1506;2626
1516;2629
1537;2631
1545;2634
1532;2636
1520;2638
1520;2641
1538;2643
1555;2647
1548;2649
1546;2651
1557;2654
1563;2656
1544;2659
1511;2661
1489;2664
1482;2666
1487;2668
1493;2671
1502;2673
1513;2676
1509;2678
1512;2680
1518;2683
1513;2685
1494;2689
1480;2691
1477;2693
1484;2696
1490;2698
1502;2701
1524;2703
1542;2706
1541;2708
1522;2710
1503;2713
1488;2715
1485;2718
1479;2720
1474;2722
1483;2725
1481;2727
1480;2731
1473;2733
1471;2735
1478;2738
1486;2740
1482;2743
1479;2745
1474;2748
1472;2750
1484;2752
1502;2755
1504;2757
1481;2760
1460;2762
1438;2764
1432;2767
1434;2769
1438;2772
1439;2775
1434;2778
1426;2780
1426;2782
1433;2785
1437;2787
1447;2790
1442;2792
1449;2794
1461;2797
1464;2799
1465;2802
1466;2804
1466;2806
1469;2809
1465;2811
1454;2814
1449;2817
1447;2820
1446;2822
1437;2824
1434;2827
1439;2829
1442;2832
1459;2834
1497;2836
1529;2839
1524;2841
1482;2844
1462;2846
1461;2848
1469;2851
1487;2853
1474;2856
1451;2859
1435;2862
1432;2864
1434;2866
1453;2869
1461;2871
1459;2874
1457;2876
1457;2878
1465;2881
1488;2883
1514;2886
1522;2888
1481;2890
1433;2893
1422;2895
1430;2898
1445;2900
1465;2904
1465;2906
1449;2908
1444;2911
1443;2913
1435;2916
1434;2918
1442;2920
1454;2923
1474;2925
1473;2928
1453;2930
1447;2932
1456;2935
1462;2937
1453;2940
1457;2942
1459;2946
1435;2948
1424;2950
1447;2953
1492;2955
1508;2958
1497;2960
1488;2962
1470;2965
1468;2967
1460;2970
1452;2972
1447;2975
1447;2977
1448;2979
1457;2982
1475;2984
1487;2988
1505;2990
1497;2992
1492;2995
1498;2997
1517;3000
1519;3002
1509;3004
1478;3007
1455;3009
1440;3012
1433;3014
1438;3017
1450;3019
1458;3021
1467;3024
1449;3026
1431;3030
1426;3032
1429;3034
1432;3037
1443;3039
1462;3042
1464;3044
1452;3046
1436;3049
1419;3051
1415;3054
1416;3056
1440;3059
1463;3061
1484;3063
1509;3066
1495;3068
1463;3072
1455;3074
1470;3076
1488;3079
1467;3081
1463;3084
1455;3086
1444;3088
1433;3091
1424;3093
1428;3096
1432;3098
1447;3101
1468;3103
1481;3105
1473;3108
1470;3110
1477;3113
1479;3116
1475;3118
1465;3121
1455;3123
1453;3126
1470;3128
1485;3130
1477;3133
1464;3135
1465;3138
1467;3140
1482;3143
1525;3145
1555;3147
1547;3150
1516;3152
1497;3155
1480;3158
1459;3160
1450;3163
1454;3165
1443;3168
1442;3170
1456;3173
1472;3175
1478;3177
1493;3180
1485;3182
1474;3185
1475;3187
1476;3189
1479;3192
1460;3194
1449;3197
1459;3200
1463;3202
1477;3205
1514;3207
1530;3210
1503;3212
1476;3215
1453;3217
1462;3219
1479;3222
1511;3224
1527;3227
1525;3229
1504;3231
1476;3234
1466;3236
1468;3239
1468;3241
1468;3244
1461;3247
1448;3249
1439;3252
1450;3254
1448;3257
1440;3259
1441;3261
1430;3264
1434;3266
1446;3269
1445;3271
1446;3273
1453;3276
1478;3278
1489;3281
1511;3283
1503;3286
1466;3289
1461;3291
1459;3294
1455;3296
1483;3299
1503;3301
1497;3303
1482;3306
1462;3308
1458;3311
1475;3313
1505;3315
1515;3318
1495;3320
1472;3323
1456;3325
1424;3328
1413;3331
1411;3333
1411;3336
1419;3338
1432;3341
1449;3343
1467;3345
1493;3348
1482;3350
1461;3353
1459;3355
1489;3357
1504;3360
1502;3362
1487;3365
1459;3367
1436;3371
1436;3373
1449;3375
1497;3378
1526;3380
1535;3383
1523;3385
1492;3387
1467;3390
1460;3392
1472;3395
1494;3397
1485;3399
1474;3402
1483;3404
1497;3407
1507;3409
1505;3412
1501;3415
1479;3417
1474;3420
1481;3422
1495;3425
1499;3427
1505;3429
1510;3432
1508;3434
1500;3437
1504;3439
1503;3441
1489;3444
1480;3446
1471;3449
1474;3451
1498;3454
1519;3457
1533;3459
1529;3462
1511;3464
1513;3467
1526;3469
1506;3471
1492;3474
1491;3476
1510;3479
1528;3481
1543;3483
1550;3486
1523;3488
1514;3491
1523;3493
1519;3496
1513;3499
1524;3501
1519;3504
1513;3506
1493;3509
1475;3511
1491;3513
1509;3516
1531;3518
1549;3521
1542;3523
1534;3525
1523;3528
1506;3530
1487;3533
1485;3535
1502;3538
1507;3540
1499;3543
1495;3546
1479;3548
1463;3551
1455;3553
1457;3555
1477;3558
1503;3560
1522;3563
1509;3565
1480;3567
1447;3570
1453;3572
1502;3575
1545;3577
1593;3580
1598;3582
1586;3585
1562;3588
1558;3590
1532;3593
1507;3595
1499;3597
1509;3600
1511;3602
1492;3605
1456;3607
1444;3610
1453;3612
1470;3614
1495;3617
1510;3619
1505;3622
1499;3624
1488;3627
1480;3630
1479;3632
1502;3635
1523;3637
1526;3639
1497;3642
1470;3644
1456;3647
1452;3649
1472;3652
1482;3654
1481;3656
1514;3659
1521;3661
1509;3664
1505;3666
1505;3668
1516;3672
1520;3674
1509;3677
1493;3679
1471;3681
1458;3684
1442;3686
1419;3689
1412;3691
1418;3694
1425;3696
1435;3698
1447;3701
1457;3703
1456;3706
1462;3708
1466;3710
1475;3714
1479;3716
1493;3719
1500;3721
1487;3723
1476;3726
1475;3728
1485;3731
1501;3733
1487;3736
1464;3738
1470;3740
1485;3743
1498;3745
1496;3748
1481;3750
1454;3752
1451;3756
1458;3758
1453;3761
1447;3763
1433;3765
1425;3768
1425;3770
1420;3773
1429;3775
1439;3778
1431;3780
1416;3782
1420;3785
1430;3787
1444;3790
1447;3792
1439;3794
1437;3798
1446;3800
1455;3803
1471;3805
1465;3808
1445;3810
1442;3812
1449;3815
1455;3817
1464;3820
1487;3822
1505;3824
1497;3827
1490;3829
1479;3832
1457;3834
1448;3836
1451;3840
1461;3842
1464;3845
1471;3847
1464;3850
1436;3852
1422;3854
1415;3857
1421;3859
1437;3862
1444;3864
1439;3866
1441;3869
1439;3871
1439;3874
1455;3876
1473;3878
1499;3881
1496;3884
1483;3887
1496;3889
1508;3892
1516;3894
1492;3896
1461;3899
1469;3901
1501;3904
1511;3906
1502;3908
1482;3911
1475;3913
1459;3916
1454;3918
1462;3920
1469;3923
1467;3926
1465;3929
1438;3931
1417;3934
1415;3936
1424;3938
1439;3941
1456;3943
1447;3946
1445;3948
1450;3950
1448;3953
1460;3955
1482;3958
1500;3960
1486;3962
1469;3965
1474;3968
1485;3971
1501;3973
1532;3976
1519;3978
1485;3980
1482;3983
1493;3985
1530;3988
1542;3990
1542;3992
1527;3995
1488;3997
1463;4000
1448;4002
1445;4005
1455;4007
1466;4009
1470;4013
1464;4015
1452;4018
1450;4020
1463;4022
1480;4025
1488;4027
1498;4030
1499;4032
1508;4034
1516;4037
1526;4039
1538;4042
1520;4044
1518;4047
1503;4049
1499;4051
1504;4055
1509;4057
1506;4060
1497;4062
1479;4064
1487;4067
1487;4069
1493;4072
1513;4074
1519;4076
1502;4079
1459;4081
1449;4084
1464;4086
1511;4089
1538;4091
1520;4093
1498;4097
1485;4099
1494;4102
1488;4104
1471;4106
1464;4109
1457;4111
1456;4114
1460;4116
1476;4118
1493;4121
1491;4123
1496;4126
1500;4128
1484;4131
1483;4133
1472;4135
1458;4139
1450;4141
1458;4144
1472;4146
1497;4148
1533;4151
1544;4153
1519;4156
1509;4158
1500;4160
1477;4163
1469;4165
1469;4168
1473;4170
1477;4173
1486;4175
1508;4177
1517;4180
1506;4183
1510;4186
1525;4188
1517;4190
1501;4193
1481;4195
1453;4198
1431;4200
1431;4203
1452;4205
1470;4207
1487;4210
1473;4212
1443;4215
1438;4217
1448;4219
1464;4222
1478;4225
1498;4228
1526;4230
1543;4232
1540;4235
1518;4237
1496;4240
1475;4242
1480;4245
1494;4247
1503;4249
1484;4252
1462;4254
1435;4257
1428;4259
1440;4261
1457;4264
1458;4267
1447;4270
1449;4272
1462;4274
1477;4277
1485;4279
1506;4282
1502;4284
1507;4287
1506;4289
1512;4291
1530;4294
1551;4296
1561;4299
1521;4301
1491;4303
1469;4306
1464;4308
1461;4312
1445;4314
1436;4316
1431;4319
1436;4321
1429;4324
1426;4326
1436;4329
1453;4331
1475;4333
1476;4336
1452;4338
1435;4341
1426;4343
1426;4345
1442;4348
1459;4350
1486;4354
1491;4356
1467;4358
1471;4361
1470;4363
1469;4366
1479;4368
1493;4371
1503;4373
1504;4375
1515;4378
1523;4380
1501;4383
1482;4385
1467;4387
1456;4390
1453;4392
1475;4396
1516;4398
1536;4401
1518;4403
1476;4405
1455;4408
1451;4410
1456;4413
1467;4415
1465;4417
1457;4420
1453;4422
1462;4425
1481;4427
1496;4429
1515;4432
1510;4434
1507;4438
1496;4440
1488;4443
1487;4445
1513;4447
1550;4450
1596;4452
1599;4455
1536;4457
1493;4459
1473;4462
1469;4464
1484;4467
1501;4469
1509;4471
1511;4474
1513;4476
1517;4480
1521;4482
1534;4485
1559;4487
1562;4489
1546;4492
1510;4494
1502;4497
1506;4499
1518;4501
1521;4504
1531;4506
1556;4509
1570;4511
1563;4513
1542;4516
1533;4518
1534;4521
1544;4524
1524;4527
1489;4529
1469;4531
1459;4534
1449;4536
1453;4539
1463;4541
1472;4543
1473;4546
1469;4548
1467;4551
1449;4553
1438;4555
1440;4558
1456;4560
1483;4563
1514;4566
1521;4569
1500;4571
1479;4573
1487;4576
1492;4578
1473;4581
1461;4583
1446;4585
1441;4588
1455;4590
1463;4593
1473;4595
1500;4597
1524;4600
1543;4602
1530;4605
1479;4608
1438;4611
1424;4613
1415;4615
1409;4618
1405;4620
1401;4623
1410;4625
1423;4627
1429;4630
1439;4632
1450;4635
1446;4637
1454;4639
1467;4642
1479;4644
1491;4647
1520;4649
1527;4653
1509;4655
1505;4657
1494;4660
1477;4662
1469;4665
1460;4667
1445;4669
1436;4672
1424;4674
1411;4677
1416;4679
1434;4682
1467;4684
1501;4686
1497;4689
1482;4691
1458;4695
1444;4697
1435;4699
1452;4702
1476;4704
1505;4707
1505;4709
1492;4711
1495;4714
1509;4716
1515;4719
1519;4721
1522;4724
1512;4726
1534;4728
1530;4731
1517;4733
1518;4737
1517;4739
1531;4741
1532;4744
1512;4746
1500;4749
1499;4751
1498;4753
1472;4756
1465;4758
1471;4761
1476;4763
1481;4766
1489;4768
1500;4770
1520;4773
1534;4775
1516;4779
1520;4781
1546;4783
1555;4786
1514;4788
1474;4791
1469;4793
1493;4795
1521;4798
1530;4800
1530;4803
1528;4805
1519;4808
1486;4810
1449;4812
1444;4815
1456;4817
1473;4820
1485;4823
1494;4825
1499;4828
1499;4830
1486;4833
1476;4835
1463;4837
1440;4840
1425;4842
1442;4845
1472;4847
1493;4850
1500;4852
1488;4854
1489;4857
1495;4859
1509;4862
1487;4865
1475;4867
1478;4870
1466;4872
1476;4875
1498;4877
1511;4880
1519;4882
1502;4884
1474;4887
1449;4889
1427;4892
1430;4894
1434;4896
1454;4899
1452;4901
1433;4904
1436;4907
1442;4909
1455;4912
1467;4914
1464;4917
1455;4919
1456;4922
1452;4924
1456;4926
1478;4929
1501;4931
1526;4934
1550;4936
1548;4938
1520;4941
1534;4943
1546;4946
1518;4948
1485;4951
1473;4954
1468;4956
1469;4959
1465;4961
1464;4964
1461;4966
1446;4968
1436;4971
1440;4973
1441;4976
1445;4978
1449;4980
1460;4983
1463;4985
1478;4988
1494;4990
1508;4993
1516;4996
1497;4998
1501;5001
1495;5003
1501;5006
1538;5008
1562;5010
1558;5013
1540;5015
1508;5018
1521;5020
1535;5022
1536;5025
1538;5027
1534;5030
1503;5032
1462;5035
1434;5038
1417;5040
1412;5043
1415;5045
1431;5048
1444;5050
1441;5052
1435;5055
1432;5057
1425;5060
1436;5062
1468;5064
1496;5067
1524;5069
1520;5072
1514;5074
1543;5078
1543;5080
1493;5082
1455;5085
1442;5087
1441;5090
1451;5092
1473;5094
1504;5097
1514;5099
1504;5102
1496;5104
1476;5106
1465;5109
1465;5111
1464;5114
1455;5116
1446;5120
1450;5122
1452;5124
1441;5127
1433;5129
1439;5132
1430;5134
1430;5136
1434;5139
1436;5141
1439;5144
1448;5146
1470;5148
1493;5151
1518;5153
1522;5156
1511;5158
1490;5161
1488;5164
1479;5166
1452;5169
1443;5171
1450;5174
1457;5176
1455;5178
1438;5181
1416;5183
1404;5186
1403;5188
1419;5190
1430;5193
1438;5195
1441;5198
1435;5200
1433;5203
1425;5206
1436;5208
1466;5211
1483;5213
1502;5216
1511;5218
1511;5220
1513;5223
1516;5225
1498;5228
1489;5230
1496;5232
1469;5235
1448;5237
1451;5240
1460;5242
1471;5245
1466;5248
1449;5250
1450;5253
1456;5255
1467;5258
1479;5260
1471;5262
1465;5265
1451;5267
1452;5270
1455;5272
1453;5275
1450;5277
1455;5279
1468;5282
1474;5284
1496;5287
1500;5289
1499;5292
1515;5295
1527;5297
1540;5300
1550;5302
1573;5304
1603;5307
1565;5309
1515;5312
1488;5314
1482;5317
1485;5319
1487;5321
1484;5324
1467;5326
1446;5329
1445;5331
1449;5334
1451;5337
1450;5339
1466;5342
1484;5344
1524;5346
1554;5349
1564;5351
1526;5354
1483;5356
1471;5359
1473;5361
1476;5363
1479;5366
1479;5368
1470;5371
1458;5373
1460;5376
1498;5379
1545;5381
1553;5384
1552;5386
1549;5388
1528;5391
1497;5393
1474;5396
1466;5398
1458;5401
1439;5403
1437;5405
1444;5408
1442;5410
1443;5413
1454;5415
1460;5417
1470;5421
1470;5423
1456;5426
1456;5428
1451;5430
1451;5433
1456;5435
1481;5438
1513;5440
1509;5443
1492;5445
1483;5447
1472;5450
1479;5452
1486;5455
1492;5457
1503;5459
1512;5463
1523;5465
1538;5468
1523;5470
1482;5473
1467;5475
1474;5477
1478;5480
1485;5482
1497;5485
1508;5487
1521;5489
1526;5492
1510;5494
1504;5497
1503;5499
1499;5501
1499;5505
1503;5507
1495;5510
1479;5512
1467;5515
1441;5517
1434;5519
1443;5522
1448;5524
1445;5527
1440;5529
1454;5531
1487;5534
1522;5536
1537;5539
1546;5541
1547;5543
1535;5547
1549;5549
1559;5552
1538;5554
1515;5557
1514;5559
1506;5561
1511;5564
1527;5566
1521;5569
1517;5571
1506;5573
1474;5576
1449;5578
1443;5581
1444;5583
1446;5585
1448;5588
1449;5591
1456;5594
1440;5596
1427;5599
1419;5601
1420;5603
1421;5606
1431;5608
1455;5611
1495;5613
1507;5615
1506;5618
1490;5620
1482;5623
1503;5625
1517;5627
1529;5630
1523;5633
1513;5636
1496;5638
1466;5641
1446;5643
1431;5645
1437;5648
1466;5650
1496;5653
1484;5655
1453;5657
1441;5660
1432;5662
1438;5665
1438;5667
1427;5670
1423;5672
1419;5675
1418;5678
1430;5680
1465;5683
1506;5685
1547;5687
1540;5690
1519;5692
1487;5695
1472;5697
1480;5699
1490;5702
1488;5704
1484;5707
1490;5709
1479;5712
1472;5714
1486;5716
1513;5720
1540;5722
1515;5725
1484;5727
1486;5729
1494;5732
1511;5734
1521;5737
1537;5739
1518;5741
1484;5744
1472;5746
1478;5749
1493;5751
1507;5754
1512;5756
1508;5758
1485;5762
1460;5764
1459;5767
1468;5769
1492;5771
1531;5774
1558;5776
1557;5779
1531;5781
1492;5783
1467;5786
1462;5788
1480;5791
1503;5793
1496;5796
1460;5798
1447;5800
1463;5804
1475;5806
1494;5809
1495;5811
1490;5813
1517;5816
1512;5818
1475;5821
1453;5823
1453;5825
1468;5828
1479;5830
1473;5833
1466;5835
1467;5838
1469;5840
1449;5842
1443;5846
1445;5848
1451;5851
1442;5853
1431;5855
1425;5858
1437;5860
1435;5863
1419;5865
1407;5868
1410;5870
1419;5872
1432;5875
1445;5877
1465;5880
1471;5882
1465;5884
1472;5888
1484;5890
1476;5893
1455;5895
1451;5897
1450;5900
1449;5902
1462;5905
1482;5907
1503;5910
1513;5912
1508;5914
1509;5917
1518;5919
1533;5922
1531;5924
1518;5926
1509;5929
1487;5932
1477;5935
1484;5937
1492;5939
1524;5942
1551;5944
1539;5947
1518;5949
1509;5952
1500;5954
1477;5956
1461;5959
1459;5961
1454;5964
1456;5966
1459;5968
1448;5971
1436;5974
1444;5977
1465;5979
1480;5981
1489;5984
1488;5986
1474;5989
1473;5991
1499;5994
1535;5996
1550;5998
1549;6001
1528;6003
1503;6006
1484;6008
1469;6010
1467;6013
1476;6016
1479;6019
1479;6021
1471;6023
1482;6026
1484;6028
1477;6031
1467;6033
1468;6036
1479;6038
1503;6040
1515;6043
1514;6045
1521;6048
1532;6050
1539;6052
1523;6055
1505;6057
1479;6061
1468;6063
1460;6066
1459;6068
1478;6070
1502;6073
1529;6075
1540;6078
1506;6080
1486;6082
1484;6085
1519;6087
1541;6090
1562;6092
1569;6094
1527;6097
1495;6099
1479;6103
1470;6105
1464;6108
1466;6110
1461;6112
1460;6115
1470;6117
1472;6120
1465;6122
1458;6124
1456;6127
1458;6129
1456;6132
1461;6134
1485;6136
1498;6139
1499;6141
1498;6145
1500;6147
1510;6150
1530;6152
1553;6154
1549;6157
1516;6159
1509;6162
1513;6164
1525;6166
1514;6169
1482;6171
1452;6174
1439;6176
1440;6178
1446;6181
1461;6183
1475;6187
1471;6189
1458;6192
1464;6194
1486;6196
1507;6199
1501;6201
1477;6204
1477;6206
1482;6208
1478;6211
1481;6213
1490;6216
1502;6218
1514;6220
1506;6223
1496;6225
1496;6228
1494;6231
1485;6234
1466;6236
1469;6238
1486;6241
1504;6243
1512;6246
1489;6248
1462;6250
1460;6253
1474;6255
1499;6258
1502;6260
1474;6263
1459;6265
1468;6267
1506;6270
1536;6273
1554;6276
1550;6278
1522;6280
1503;6283
1502;6285
1509;6288
1507;6290
1498;6292
1475;6295
1465;6297
1462;6300
1459;6302
1461;6305
1475;6307
1475;6309
1471;6312
1474;6315
1485;6318
1502;6320
1529;6322
1528;6325
1533;6327
1526;6330
1533;6332
1538;6334
1536;6337
1516;6339
1490;6342
1466;6344
1456;6347
1458;6349
1486;6351
1524;6354
1555;6356
1522;6360
1497;6362
1477;6364
1464;6367
1440;6369
1427;6372
1421;6374
1419;6376
1423;6379
1430;6381
1433;6384
1436;6386
1442;6389
1444;6391
1436;6393
1427;6396
1429;6398
1438;6402
1446;6404
1457;6406
1481;6409
1499;6411
1533;6414
1557;6416
1543;6418
1514;6421
1490;6423
1485;6426
1486;6428
1482;6431
1487;6433
1492;6435
1490;6438
1507;6440
1512;6444
1523;6446
1488;6448
1479;6451
1488;6453
1489;6456
1496;6458
1499;6460
1459;6463
1440;6465
1444;6468
1446;6470
1466;6473
1491;6475
1491;6477
1481;6480
1479;6482
1478;6486
1484;6488
1499;6490
1520;6493
1547;6495
1569;6498
1563;6500
1545;6503
1566;6505
1576;6507
1583;6510
1558;6512
1507;6515
1468;6517
1443;6519
1442;6522
1455;6524
1466;6528
1492;6530
1501;6532
1508;6535
1509;6537
1521;6540
1516;6542
1493;6545
1476;6547
1460;6549
1461;6552
1470;6554
1489;6557
1522;6559
1520;6561
1496;6564
1479;6566
1478;6569
1496;6572
1524;6574
1545;6577
1556;6579
1541;6582
1503;6584
1494;6587
1512;6589
1529;6591
1501;6594
1476;6596
1479;6599
1462;6601
1444;6603
1437;6606
1444;6608
1457;6611
1470;6614
1476;6616
1462;6619
1447;6621
1436;6624
1424;6626
1418;6629
1407;6631
1408;6633
1415;6636
1433;6638
1459;6641
1472;6643
1485;6645
1480;6648
1500;6650
1509;6653
1519;6656
1535;6658
1508;6661
1486;6663
1478;6666
1473;6668
1457;6671
1450;6673
1438;6675
1439;6678
1451;6680
1471;6683
1475;6685
1442;6687
1426;6690
1436;6692
1460;6695
1484;6697
1457;6701
1429;6703
1421;6705
1420;6708
1417;6710
1415;6713
1414;6715
1432;6717
1464;6720
1485;6722
1502;6725
1518;6727
1527;6729
1523;6732
1518;6734
1522;6737
1523;6739
1500;6743
1491;6745
1465;6747
1455;6750
1464;6752
1503;6755
1549;6757
1559;6759
1542;6762
1520;6764
1507;6767
1488;6769
1446;6771
1425;6774
1413;6776
1414;6779
1431;6781
1445;6785
1445;6787
1438;6789
1460;6792
1472;6794
1477;6797
1457;6799
1434;6801
1434;6804
1440;6806
1445;6809
1459;6811
1473;6813
1499;6816
1504;6818
1487;6821
1483;6823
1511;6827
1536;6829
1534;6831
1488;6834
1462;6836
1446;6839
1454;6841
1465;6843
1464;6846
1452;6848
1431;6851
1426;6853
1442;6855
1453;6858
1455;6860
1463;6863
1468;6865
1459;6868
1447;6871
1435;6873
1443;6876
1459;6878
1454;6881
1443;6883
1444;6885
1465;6888
1464;6890
1433;6893
1430;6895
1437;6897
1444;6900
1442;6902
1446;6905
1447;6907
1437;6910
1444;6913
1459;6915
1473;6918
1487;6920
1496;6923
1488;6925
1469;6927
1461;6930
1475;6932
1494;6935
1513;6937
1495;6940
1482;6942
1476;6944
1481;6947
1508;6949
1546;6952
1547;6955
1531;6957
1518;6960
1486;6962
1449;6965
1432;6967
1422;6969
1430;6972
1441;6974
1440;6977
1426;6979
1421;6982
1434;6984
1444;6986
1452;6989
1461;6991
1473;6994
1478;6996
1480;6999
1485;7002
1504;7004
1494;7007
1460;7009
1436;7011
1434;7014
1435;7016
1453;7019
1466;7021
1498;7024
1531;7026
1516;7028
1515;7031
1539;7033
1550;7036
1548;7038
1531;7041
1475;7044
1436;7046
1407;7049
1404;7051
1425;7053
1436;7056
1430;7058
1433;7061
1430;7063
1435;7066
1437;7068
1449;7070
1464;7073
1497;7075
1519;7078
1505;7080
1492;7083
1475;7086
1499;7088
1528;7091
1563;7093
1600;7095
1591;7098
1570;7100
1550;7103
1516;7105
1514;7108
1519;7110
1496;7112
1474;7115
1462;7117
1445;7120
1453;7122
1475;7124
1487;7128
1480;7130
1460;7133
1462;7135
1472;7138
1470;7140
1472;7142
1482;7145
1500;7147
1517;7150
1525;7152
1502;7154
1484;7157
1492;7159
1513;7162
1524;7164
1534;7166
1556;7170
1534;7172
1513;7175
1502;7177
1474;7180
1458;7182
1458;7184
1459;7187
1459;7189
1458;7192
1454;7194
1456;7196
1450;7199
1453;7201
1440;7204
1430;7206
1429;7208
1429;7212
1450;7214
1483;7217
1495;7219
1497;7222
1463;7224
1444;7226
1446;7229
1459;7231
1460;7234
1455;7236
1436;7238
1423;7241
1440;7243
1476;7246
1488;7248
1511;7250
1512;7254
1515;7256
1530;7259
1536;7261
1498;7264
1453;7266
1427;7268
1419;7271
1422;7273
1415;7276
1417;7278
1429;7280
1448;7283
1444;7285
1427;7288
1408;7290
1399;7292
1400;7296
1417;7298
1441;7301
1469;7303
1485;7306
1465;7308
1468;7310
1502;7313
1521;7315
1509;7318
1480;7320
1469;7322
1457;7325
1458;7327
1479;7330
1516;7332
1518;7335
1521;7337
1530;7340
1553;7343
1519;7345
1470;7348
1468;7350
1474;7352
1480;7355
1486;7357
1463;7360
1447;7362
1447;7364
1443;7367
1459;7369
1469;7372
1468;7374
1481;7377
1486;7379
1491;7382
1511;7385
1551;7387
1572;7390
1592;7392
1548;7394
1499;7397
1473;7399
1458;7402
1456;7404
1466;7406
1480;7409
1478;7411
1473;7414
1488;7416
1508;7419
1533;7421
1519;7424
1482;7427
1459;7429
1434;7432
1420;7434
1444;7436
1482;7439
1513;7441
1511;7444
1494;7446
1491;7448
1499;7451
1503;7453
1466;7456
1466;7458
1480;7461
1479;7463
1482;7465
1475;7469
1469;7471
1478;7474
1503;7476
1529;7478
1524;7481
1522;7483
1512;7486
1510;7488
1486;7491
1446;7493
1448;7495
1460;7498
1463;7500
1466;7503
1456;7505
1448;7507
1447;7511
1448;7513
1430;7516
1428;7518
1444;7520
1456;7523
1455;7525
1436;7528
1428;7530
1460;7533
1504;7535
1529;7537
1536;7540
1516;7542
1468;7545
1452;7547
1424;7549
1410;7553
1425;7555
1455;7558
1494;7560
1486;7562
1460;7565
1452;7567
1456;7570
1469;7572
1497;7575
1500;7577
1504;7579
1541;7582
1545;7584
1489;7587
1439;7589
1429;7591
1435;7595
1444;7597
1453;7600
1425;7602
1405;7604
1407;7607
1419;7609
1443;7612
1444;7614
1417;7617
1403;7619
1405;7621
1419;7624
1429;7626
1423;7629
1424;7631
1447;7633
1475;7636
1473;7639
1464;7642
1469;7644
1457;7647
1446;7649
1448;7651
1456;7654
1459;7656
1475;7659
1515;7661
1525;7663
1523;7666
1490;7668
1452;7671
1449;7673
1473;7675
1482;7678
1483;7681
1459;7684
1458;7686
1476;7689
1485;7691
1475;7693
1449;7696
1438;7698
1457;7701
1487;7703
1527;7705
1535;7708
1514;7710
1521;7713
1515;7715
1524;7717
1553;7720
1560;7723
1563;7726
1568;7728
1575;7731
1577;7733
1562;7735
1529;7738
1498;7740
1487;7743
1501;7745
1533;7747
1548;7750
1560;7752
1591;7755
1631;7757
1637;7759
1589;7762
1545;7764
1520;7768
1508;7770
1500;7773
1525;7775
1526;7777
1512;7780
1493;7782
1462;7785
1458;7787
1456;7789
1451;7792
1476;7794
1502;7797
1504;7799
1493;7801
1468;7804
1455;7806
1455;7810
1444;7812
1438;7815
1458;7817
1494;7819
1550;7822
1579;7824
1507;7827
1455;7829
1449;7831
1465;7834
1483;7836
1479;7839
1455;7841
1462;7844
1514;7846
1556;7848
1595;7852
1553;7854
1488;7857
1471;7859
1462;7861
1448;7864
1444;7866
1437;7869
1445;7871
1459;7873
1478;7876
1470;7878
1443;7881
1434;7883
1419;7886
1415;7888
1423;7890
1442;7894
1457;7896
1462;7899
1447;7901
1449;7903
1468;7906
1465;7908
1449;7911
1427;7913
1433;7915
1451;7918
1491;7920
1524;7923
1499;7925
1482;7928
1511;7930
1556;7932
1576;7936
1518;7938
1459;7941
1426;7943
1416;7945
1415;7948
1419;7950
1418;7953
1424;7955
1437;7957
1440;7960
1429;7962
1417;7965
1421;7967
1427;7970
1430;7972
1425;7974
1443;7977
1476;7980
1484;7983
1484;7985
1472;7987
1446;7990
1443;7992
1486;7995
1528;7997
1529;8000
1487;8002
1474;8004
1473;8007
1464;8009
1449;8012
1461;8014
1473;8016
1487;8019
1453;8022
1406;8025
1394;8027
1401;8029
1409;8032
1415;8034
1419;8037
1429;8039
1468;8042
1499;8044
1497;8046
1488;8049
1489;8051
1493;8054
1497;8056
1522;8058
1549;8061
1548;8064
1533;8067
1496;8069
1486;8071
1490;8074
1487;8076
1490;8079
1480;8081
1458;8084
1454;8086
1460;8088
1468;8091
1463;8093
1457;8096
1468;8098
1494;8100
1536;8103
1552;8105
1550;8109
1527;8111
1498;8113
1495;8116
1503;8118
1511;8121
1522;8123
1517;8126
1506;8128
1513;8130
1557;8133
1553;8135
1521;8138
1502;8140
1478;8142
1480;8145
1462;8147
1453;8151
1457;8153
1473;8155
1517;8158
1567;8160
1593;8163
1605;8165
1597;8168
1538;8170
1473;8172
1448;8175
1437;8177
1432;8180
1442;8182
1469;8184
1490;8187
1499;8189
1473;8193
1456;8195
1493;8197
1521;8200
1546;8202
1571;8205
1554;8207
1547;8210
1513;8212
1502;8214
1467;8217
1436;8219
1442;8222
1479;8224
1498;8226
1487;8229
1465;8231
1438;8235
1438;8237
1459;8239
1487;8242
1477;8244
1430;8247
1403;8249
1396;8252
1395;8254
1403;8256
1405;8259
1391;8261
1388;8264
1406;8266
1442;8268
1486;8271
1509;8273
1518;8276
1513;8279
1493;8281
1463;8284
1474;8286
1512;8289
1564;8291
1564;8294
1488;8296
1449;8298
1420;8301
1417;8303
1433;8306
1451;8308
1465;8310
1499;8313
1517;8315
1514;8318
1530;8321
1550;8324
1567;8326
1566;8328
1552;8331
1508;8333
1453;8336
1433;8338
1428;8340
1427;8343
1449;8345
1465;8348
1496;8350
1492;8352
1455;8355
1468;8357
1493;8360
1517;8363
1476;8366
1443;8368
1447;8370
1451;8373
1453;8375
1459;8378
1471;8380
1458;8382
1464;8385
1468;8387
1461;8390
1460;8392
1468;8394
1461;8397
1432;8399
1428;8402
1443;8404
1442;8408
1435;8410
1435;8412
1441;8415
1463;8417
1482;8420
1497;8422
1485;8424
1473;8427
1485;8429
1493;8432
1474;8434
1476;8436
1497;8439
1513;8441
1502;8444
1479;8446
1479;8450
1478;8452
1478;8454
1467;8457
1450;8459
1440;8462
1457;8464
1457;8466
1436;8469
1430;8471
1441;8474
1463;8476
1495;8478
1531;8481
1557;8483
1588;8486
1530;8488
1474;8492
1455;8494
1467;8496
1486;8499
1488;8501
1472;8504
1501;8506
1509;8508
1512;8511
1528;8513
1529;8516
1531;8518
1484;8520
1457;8523
1463;8525
1466;8528
1456;8530
1470;8534
1501;8536
1553;8538
1552;8541
1502;8543
1505;8546
1531;8548
1566;8550
1557;8553
1529;8555
1511;8558
1529;8560
1524;8563
1535;8565
1527;8567
1478;8570
1482;8572
1515;8576
1573;8578
1587;8580
1534;8583
1486;8585
1476;8588
1481;8590
1459;8592
1441;8595
1437;8597
1453;8600
1443;8602
1421;8605
1454;8607
1501;8609
1531;8612
1525;8614
1475;8617
1457;8620
1477;8622
1497;8625
1543;8627
1558;8630
1562;8632
1560;8634
1526;8637
1489;8639
1462;8642
1449;8644
1474;8647
1518;8649
1549;8651
1507;8654
1480;8656
1469;8659
1473;8662
1491;8664
1517;8667
1507;8669
1483;8672
1469;8674
1472;8676
1485;8679
1488;8681
1468;8684
1456;8686
1455;8689
1455;8691
1470;8693
1464;8696
1474;8698
1482;8701
1453;8704
1425;8706
1426;8709
1443;8711
1485;8714
1527;8716
1502;8718
1483;8721
1481;8723
1486;8726
1488;8728
1477;8731
1451;8733
1441;8735
1430;8738
1415;8740
1405;8743
1399;8745
1410;8748
1444;8751
1450;8753
1445;8756
1441;8758
1436;8761
1409;8763
1422;8765
1470;8768
1507;8770
1514;8773
1498;8775
1477;8777
1442;8780
1423;8782
1421;8785
1431;8787
1463;8790
1485;8793
1492;8795
1482;8798
1475;8800
1467;8803
1476;8805
1488;8807
1464;8810
1457;8812
1458;8815
1456;8817
1470;8819
1498;8822
1532;8824
1531;8827
1465;8829
1435;8832
1429;8835
1447;8837
1462;8840
1441;8842
1422;8845
1419;8847
1418;8849
1438;8852
1467;8854
1531;8857
1570;8859
1583;8861
1532;8864
1449;8866
1420;8869
1409;8871
1425;8873
1461;8877
1485;8879
1492;8882
1446;8884
1438;8887
1465;8889
1492;8891
1492;8894
1465;8896
1446;8899
1440;8901
1461;8903
1500;8906
1522;8908
1495;8911
1478;8913
1485;8915
1487;8919
1436;8921
1400;8924
1395;8926
1399;8929
1415;8931
1438;8933
1483;8936
1525;8938
1550;8941
1557;8943
1478;8945
1445;8948
1431;8950
1419;8953
1408;8955
1405;8958
1408;8961
1425;8963
1479;8966
1533;8968
1548;8971
1545;8973
1537;8975
1549;8978
1545;8980
1515;8983
1504;8985
1492;8987
1468;8990
1450;8992
1456;8995
1484;8997
1505;9000
1529;9003
1520;9005
1449;9008
1419;9010
1407;9013
1413;9015
1419;9017
1418;9020
1420;9022
1436;9025
1458;9027
1457;9029
1450;9032
1451;9034
1471;9037
1500;9039
1545;9042
1563;9044
1568;9047
1553;9050
1535;9052
1542;9055
1530;9057
1487;9059
1482;9062
1484;9064
1505;9067
1528;9069
1498;9071
1461;9074
1447;9076
1440;9079
1429;9081
1424;9084
1441;9086
1466;9089
1449;9092
1428;9094
1417;9097
1408;9099
1403;9101
1413;9104
1433;9106
1440;9109
1435;9111
1430;9113
1430;9116
1466;9118
1502;9121
1533;9123
1553;9126
1511;9128
1463;9131
1441;9134
1438;9136
1447;9139
1433;9141
1423;9143
1434;9146
1467;9148
1483;9151
1486;9153
1479;9155
1465;9158
1474;9160
1459;9163
1419;9165
1408;9168
1406;9170
1392;9172
1378;9176
1364;9178
1373;9181
1398;9183
1429;9185
1452;9188
1472;9190
1483;9193
1484;9195
1472;9198
1477;9200
1480;9202
1480;9205
1487;9207
1510;9210
1539;9212
1528;9214
1507;9218
1495;9220
1475;9223
1484;9225
1524;9227
1556;9230
1563;9232
1528;9235
1497;9237
1493;9240
1502;9242
1494;9244
1459;9247
1460;9249
1476;9252
1511;9254
1552;9256
1566;9260
1568;9262
1526;9265
1513;9267
1525;9269
1557;9272
1574;9274
1573;9277
1609;9279
1655;9282
1643;9284
1584;9286
1521;9289
1495;9291
1485;9294
1483;9296
1491;9298
1515;9302
1529;9304
1559;9307
1560;9309
1555;9311
1540;9314
1528;9316
1523;9319
1521;9321
1481;9324
1455;9326
1465;9328
1514;9331
1538;9333
1533;9336
1522;9338
1503;9340
1485;9344
1473;9346
1467;9349
1460;9351
1442;9353
1424;9356
1420;9358
1422;9361
1430;9363
1442;9366
1449;9368
1460;9370
1444;9373
1426;9375
1430;9378
1438;9380
1449;9382
1459;9385
1471;9388
1501;9391
1528;9393
1542;9395
1505;9398
1503;9400
1538;9403
1555;9405
1560;9408
1565;9410
1554;9412
1553;9415
1512;9417
1475;9420
1468;9422
1463;9424
1458;9427
1448;9430
1450;9433
1465;9435
1469;9438
1456;9440
1421;9442
1427;9445
1441;9447
1467;9450
1464;9452
1459;9454
1450;9457
1445;9459
1447;9462
1466;9464
1509;9466
1556;9469
1544;9472
1533;9475
1494;9477
1480;9480
1493;9482
1486;9484
1453;9487
1450;9489
1466;9492
1478;9494
1487;9496
1480;9499
1465;9501
1466;9504
1449;9506
1430;9508
1423;9511
1424;9513
1423;9517
1423;9519
1424;9522
1426;9524
1451;9526
1489;9529
1534;9531
1575;9534
1582;9536
1556;9538
1524;9541
1471;9543
1448;9546
1439;9548
1452;9550
1470;9553
1482;9555
1487;9559
1491;9561
1482;9564
1466;9566
1460;9568
1454;9571
1435;9573
1427;9576
1429;9578
1434;9580
1448;9583
1481;9585
1513;9588
1523;9590
1515;9593
1489;9595
1469;9597
1479;9601
1489;9603
1486;9606
1482;9608
1485;9610
1504;9613
1520;9615
1537;9618
1555;9620
1581;9622
1539;9625
1504;9627
1491;9630
1472;9632
1471;9635
1464;9637
1493;9639
1533;9643
1537;9645
1484;9648
1442;9650
1422;9652
1413;9655
1416;9657
1436;9660
1466;9662
1500;9664
1534;9667
1528;9669
1511;9672
1501;9674
1498;9677
1497;9679
1507;9681
1524;9684
1528;9687
1537;9690
1523;9692
1514;9694
1514;9697
1512;9699
1512;9702
1509;9704
1483;9706
1461;9709
1463;9711
1470;9714
1449;9716
1436;9719
1433;9721
1438;9723
1451;9726
1469;9729
1480;9732
1485;9734
1479;9736
1480;9739
1472;9741
1460;9744
1462;9746
1484;9748
1502;9751
1537;9753
1565;9756
1535;9758
1493;9761
1460;9763
1462;9765
1473;9768
1473;9771
1475;9774
1473;9776
1468;9778
1455;9781
1451;9783
1461;9786
1476;9788
1497;9791
1484;9793
1459;9795
1445;9798
1444;9800
1461;9803
1501;9805
1554;9807
1589;9810
1566;9812
1536;9816
1502;9818
1490;9820
1480;9823
1484;9825
1495;9828
1504;9830
1508;9833
1505;9835
1514;9837
1519;9840
1507;9842
1499;9845
1491;9847
1491;9849
1509;9852
1504;9854
1482;9858
1463;9860
1455;9862
1470;9865
1479;9867
1490;9870
1505;9872
1533;9875
1555;9877
1540;9879
1485;9882
1454;9884
1455;9887
1468;9889
1498;9891
1528;9894
1546;9896
1551;9900
1522;9902
1479;9904
1471;9907
1473;9909
1477;9912
1491;9914
1515;9917
1525;9919
1527;9921
1523;9924
1533;9926
1513;9929
1504;9931
1488;9933
1463;9936
1449;9938
1439;9942
1430;9944
1417;9946
1419;9949
1426;9951
1438;9954
1436;9956
1429;9959
1437;9961
1458;9963
1481;9966
1490;9968
1470;9971
1466;9973
1494;9975
1515;9978
1511;9980
1476;9984
1478;9986
1493;9988
1506;9991
1503;9993
1473;9996
1460;9998
1464;10001
1481;10003
1500;10005
1510;10008
1501;10010
1472;10013
1445;10015
1448;10018
1474;10020
1484;10023
1469;10025
1462;10029
1460;10031
1463;10034
1458;10036
1450;10039
1464;10041
1491;10043
1510;10046
1507;10048
1490;10051
1471;10053
1479;10056
1492;10058
1492;10061
1506;10063
1505;10066
1490;10068
1485;10072
1468;10074
1458;10076
1463;10079
1472;10081
1497;10084
1523;10086
1534;10089
1523;10091
1489;10094
1494;10096
1509;10099
1549;10101
1553;10104
1537;10106
1537;10108
1492;10112
1458;10114
1451;10117
1450;10119
1449;10122
1438;10124
1432;10127
1435;10129
1442;10132
1470;10134
1504;10137
1526;10139
1530;10141
1520;10144
1499;10146
1497;10149
1524;10151
1528;10155
1517;10157
1509;10160
1490;10162
1460;10165
1447;10167
1456;10170
1472;10172
1481;10174
1480;10177
1479;10179
1482;10182
1499;10184
1517;10187
1516;10189
1505;10192
1502;10194
1519;10198
1546;10200
1533;10203
1500;10205
1497;10208
1468;10210
1441;10212
1441;10215
1440;10217
1451;10220
1445;10222
1441;10225
1442;10227
1444;10230
1460;10232
1448;10235
1444;10237
1446;10241
1446;10243
1469;10245
1497;10248
1522;10250
1528;10253
1510;10255
1516;10258
1524;10260
1510;10263
1489;10265
1474;10268
1473;10270
1489;10273
1503;10275
1515;10277
1493;10280
1475;10283
1470;10286
1479;10288
1496;10291
1506;10293
1498;10296
1482;10298
1458;10301
1441;10303
1432;10306
1454;10308
1487;10310
1503;10313
1486;10315
1474;10318
1483;10320
1504;10323
1536;10326
1563;10329
1553;10331
1536;10334
1518;10336
1526;10339
1520;10341
1497;10343
1491;10346
1495;10348
1510;10351
1522;10353
1517;10356
1485;10358
1468;10361
1461;10363
1461;10366
1457;10369
1468;10372
1484;10374
1502;10376
1526;10379
1535;10381
1531;10384
1522;10386
1543;10389
1548;10391
1539;10394
1537;10396
1515;10399
1502;10401
1484;10404
1498;10406
1521;10408
1503;10412
1494;10414
1501;10417
1503;10419
1492;10422
1474;10424
1483;10427
1489;10429
1486;10432
1484;10434
1476;10437
1468;10439
1469;10441
1464;10444
1452;10446
1432;10449
1431;10451
1441;10455
1455;10457
1479;10460
1491;10462
1507;10465
1515;10467
1536;10470
1552;10472
1551;10474
1542;10477
1510;10479
1497;10482
1508;10484
1496;10487
1473;10489
1454;10492
1441;10494
1435;10498
1455;10500
1486;10503
1508;10505
1522;10507
1516;10510
1500;10512
1469;10515
1448;10517
1448;10520
1455;10522
1446;10525
1427;10527
1423;10530
1421;10532
1428;10535
1447;10537
1461;10540
1485;10543
1484;10545
1468;10548
1459;10550
1470;10553
1485;10555
1485;10558
1486;10560
1488;10563
1465;10565
1454;10568
1452;10570
1449;10572
1460;10575
1469;10577
1456;10580
1445;10583
1441;10586
1458;10588
1483;10591
1512;10593
1489;10596
1464;10598
1455;10601
1451;10603
1448;10605
1445;10608
1435;10610
1439;10613
1465;10615
1495;10618
1523;10620
1534;10624
1555;10626
1593;10629
1611;10631
1575;10634
1538;10636
1519;10638
1526;10641
1526;10643
1497;10646
1488;10648
1488;10651
1509;10653
1536;10656
1541;10658
1551;10661
1571;10663
1571;10667
1542;10669
1529;10671
1544;10674
1583;10676
1601;10679
1595;10681
1551;10684
1512;10686
1534;10689
1579;10691
1621;10694
1589;10696
1521;10699
1499;10701
1493;10703
1488;10706
1468;10708
1445;10712
1443;10714
1450;10717
1456;10719
1459;10722
1441;10724
1420;10727
1415;10729
1418;10732
1447;10734
1494;10736
1559;10739
1565;10741
1506;10744
1486;10746
1466;10749
1438;10752
1434;10755
1447;10757
1446;10760
1439;10762
1434;10765
1441;10767
1451;10769
1440;10772
1440;10774
1444;10777
1452;10779
1455;10782
1444;10784
1438;10787
1436;10789
1434;10792
1417;10795
1411;10798
1418;10800
1432;10802
1448;10805
1463;10807
1493;10810
1517;10812
1508;10815
1508;10817
1495;10820
1472;10822
1458;10825
1454;10827
1450;10830
1447;10832
1443;10834
1474;10838
1537;10840
1577;10843
1568;10845
1496;10848
1457;10850
1454;10853
1448;10855
1440;10858
1442;10860
1438;10863
1432;10865
1423;10867
1418;10870
1411;10872
1414;10875
1440;10877
1475;10881
1507;10883
1496;10886
1488;10888
1471;10891
1470;10893
1472;10896
1480;10898
1490;10900
1508;10903
1510;10905
1481;10908
1470;10910
1480;10913
1506;10915
1486;10918
1469;10920
1464;10924
1452;10926
1431;10929
1420;10931
1421;10933
1429;10936
1431;10938
1437;10941
1452;10943
1467;10946
1492;10948
1490;10951
1472;10953
1469;10956
1489;10958
1511;10961
1518;10963
1511;10966
1509;10969
1515;10971
1548;10974
1577;10976
1558;10979
1532;10981
1514;10984
1509;10986
1496;10989
1483;10991
1474;10994
1454;10996
1443;10998
1446;11001
1450;11003
1454;11006
1470;11009
1490;11012
1490;11014
1465;11017
1433;11019
1422;11022
1431;11024
1442;11027
1451;11029
1445;11031
1426;11034
1418;11036
1436;11039
1475;11041
1495;11044
1504;11046
1515;11049
1520;11052
1520;11055
1521;11057
1484;11060
1459;11062
1446;11064
1433;11067
1436;11069
1444;11072
1466;11074
1476;11077
1461;11079
1474;11082
1486;11084
1508;11087
1484;11089
1468;11092
1471;11095
1485;11098
1489;11100
1485;11102
1476;11105
1475;11107
1482;11110
1476;11112
1484;11115
1492;11117
1485;11120
1474;11122
1470;11125
1495;11127
1533;11130
1564;11132
1580;11134
1581;11138
1588;11140
1581;11143
1539;11145
1517;11148
1516;11150
1522;11153
1536;11155
1541;11158
1529;11160
1509;11163
1514;11165
1547;11167
1582;11170
1587;11172
1565;11175
1530;11177
1504;11181
1495;11183
1511;11186
1543;11188
1542;11191
1513;11193
1490;11196
1486;11198
1509;11201
1536;11203
1535;11205
1531;11208
1546;11210
1561;11213
1539;11215
1518;11218
1481;11220
1482;11224
1481;11226
1471;11229
1480;11231
1485;11234
1475;11236
1471;11238
1483;11241
1485;11243
1491;11246
1478;11248
1467;11251
1472;11253
1470;11256
1474;11258
1466;11261
1466;11264
1474;11267
1475;11269
1465;11271
1454;11274
1446;11276
1432;11279
1431;11281
1442;11284
1456;11286
1455;11289
1464;11291
1480;11294
1505;11296
1524;11299
1479;11301
1469;11303
1473;11307
1467;11309
1463;11312
1489;11314
1511;11317
1536;11319
1520;11322
1524;11324
1518;11327
1484;11329
1474;11332
1481;11334
1472;11336
1440;11339
1425;11341
1431;11344
1460;11346
1490;11350
1479;11352
1436;11355
1414;11357
1406;11360
1414;11362
1424;11365
1434;11367
1438;11369
1434;11372
1452;11374
1484;11377
1525;11379
1564;11382
1575;11384
1599;11387
1557;11389
1475;11393
1446;11395
1433;11398
1440;11400
1446;11402
1457;11405
1485;11407
1486;11410
1497;11412
1519;11415
1531;11417
1540;11420
1491;11422
1437;11425
1439;11427
1453;11430
1462;11432
1463;11435
1459;11438
1439;11440
1433;11443
1441;11445
1431;11448
1424;11450
1414;11453
1422;11455
1441;11458
1462;11460
1458;11463
1449;11465
1477;11468
1522;11470
1543;11472
1554;11475
1527;11478
1490;11481
1485;11483
1479;11486
1455;11488
1430;11491
1446;11493
1492;11496
1513;11498
1496;11501
1485;11503
1471;11505
1468;11508
1482;11510
1492;11513
1506;11515
1504;11518
1493;11521
1450;11524
1420;11526
1401;11529
1396;11531
1395;11534
1393;11536
1407;11538
1434;11541
1455;11543
1487;11546
1507;11548
1532;11551
1522;11553
1492;11556
1463;11558
1436;11561
1427;11564
1428;11567
1426;11569
1410;11571
1408;11574
1424;11576
1432;11579
1453;11581
1469;11584
1472;11586
1471;11589
1470;11591
1468;11594
1477;11596
1487;11599
1506;11601
1523;11603
1518;11607
1465;11609
1430;11612
1421;11614
1417;11617
1423;11619
1432;11622
1447;11624
1474;11627
1502;11629
1508;11632
1499;11634
1487;11636
1479;11639
1487;11641
1495;11644
1519;11646
1525;11650
1493;11652
1472;11655
1476;11657
1489;11660
1513;11662
1547;11665
1553;11667
1547;11670
1537;11672
1521;11674
1514;11677
1522;11679
1519;11682
1514;11684
1501;11687
1504;11689
1524;11693
1561;11695
1545;11698
1485;11700
1455;11703
1438;11705
1442;11707
1456;11710
1488;11712
1525;11715
1530;11717
1550;11720
1554;11722
1529;11725
1519;11727
1525;11730
1487;11732
1453;11736
1442;11738
1445;11740
1474;11743
1495;11745
1507;11748
1486;11750
1487;11753
1468;11755
1448;11758
1455;11760
1478;11763
1515;11765
1543;11768
1532;11770
1488;11772
1480;11776
1483;11778
1491;11781
1487;11783
1471;11786
1464;11788
1457;11791
1445;11793
1434;11796
1435;11798
1459;11801
1487;11803
1487;11805
1486;11808
1484;11810
1478;11813
1464;11815
1450;11819
1449;11821
1458;11824
1463;11826
1475;11829
1479;11831
1486;11834
1489;11836
1477;11839
1484;11841
1504;11843
1509;11846
1505;11848
1474;11851
1442;11853
1436;11856
1459;11858
1464;11862
1446;11864
1414;11867
1415;11869
1439;11872
1468;11874
1505;11876
1509;11879
1475;11881
1452;11884
1453;11886
1458;11889
1461;11891
1453;11894
1456;11896
1460;11899
1467;11901
1479;11905
1486;11907
1488;11909
1480;11912
1471;11914
1467;11917
1475;11919
1479;11922
1485;11924
1514;11927
1549;11929
1562;11932
1535;11934
1487;11937
1467;11939
1467;11941
1480;11944
1503;11947
1530;11950
1535;11952
1560;11955
1519;11957
1465;11960
1449;11962
1441;11965
1436;11967
1423;11970
1421;11972
1423;11974
1446;11977
1479;11979
1507;11982
1503;11984
1473;11987
1463;11990
1451;11993
1436;11995
1420;11998
1421;12000
1447;12003
1480;12005
1539;12008
1545;12010
1532;12012
1517;12015
1502;12017
1506;12020
1510;12022
1529;12025
1486;12027
1456;12030
1467;12033
1495;12036
1550;12038
1543;12041
1493;12043
1472;12045
1445;12048
1425;12050
1427;12053
1448;12055
1466;12058
1479;12060
1471;12063
1455;12065
1456;12068
1445;12070
1424;12073
1427;12076
1441;12078
1462;12081
1482;12083
1483;12086
1480;12088
1500;12091
1533;12093
1557;12096
1546;12098
1527;12101
1512;12103
1501;12106
1501;12108
1492;12110
1486;12113
1483;12115
1478;12119
1470;12121
1462;12124
1468;12126
1475;12129
1477;12131
1475;12134
1470;12136
1474;12139
1483;12141
1478;12143
1475;12146
1473;12148
1466;12151
1476;12153
1497;12156
1538;12158
1580;12162
1596;12164
1591;12167
1558;12169
1552;12172
1552;12174
1535;12177
1527;12179
1511;12181
1500;12184
1483;12186
1467;12189
1470;12191
1475;12194
1484;12196
1488;12199
1479;12201
1496;12205
1527;12207
1552;12210
1541;12212
1501;12214
1498;12217
1515;12219
1530;12222
1516;12224
1485;12227
1467;12229
1469;12232
1465;12234
1471;12237
1481;12239
1488;12242
1501;12244
1512;12247
1522;12250
1513;12252
1524;12255
1558;12257
1585;12260
1602;12262
1560;12265
1497;12267
1480;12270
1470;12272
1453;12275
1436;12277
1441;12279
1489;12282
1529;12284
1527;12288
1503;12290
1483;12293
1480;12295
1486;12298
1486;12300
1467;12303
1470;12305
1480;12308
1484;12310
1474;12312
1459;12315
1457;12317
1469;12320
1488;12322
1501;12325
1519;12327
1527;12331
1530;12333
1540;12336
1534;12338
1525;12341
1516;12343
1480;12345
1456;12348
1459;12350
1473;12353
1468;12355
1448;12358
1426;12360
1408;12363
1404;12365
1411;12368
1420;12370
1418;12374
1401;12376
1391;12378
1399;12381
1416;12383
1435;12386
1457;12388
1481;12391
1494;12393
1509;12396
1511;12398
1502;12401
1502;12403
1511;12406
1516;12408
1519;12411
1538;12413
1563;12416
1570;12419
1543;12421
1521;12424
1507;12426
1496;12429
1485;12431
1493;12434
1485;12436
1454;12439
1439;12441
1435;12444
1442;12446
1442;12448
1450;12451
1463;12453
1471;12456
1468;12459
1453;12462
1449;12464
1460;12467
1484;12469
1486;12472
1473;12474
1455;12477
1447;12479
1459;12481
1472;12484
1474;12486
1473;12489
1469;12491
1500;12494
1523;12496
1530;12499
1519;12502
1491;12505
1488;12507
1497;12510
1486;12512
1462;12514
1447;12517
1454;12519
1467;12522
1482;12524
1484;12527
1468;12529
1456;12532
1440;12534
1429;12537
1423;12539
1432;12542
1456;12545
1479;12547
1491;12550
1469;12552
1455;12555
1466;12557
1478;12560
1476;12562
1477;12565
1484;12567
1489;12570
1481;12572
1453;12575
1450;12577
1453;12579
1450;12582
1444;12584
1442;12588
1462;12590
1503;12593
1554;12595
1584;12598
1585;12600
1557;12603
1518;12605
1510;12608
1522;12610
1523;12613
1498;12615
1466;12617
1455;12620
1465;12622
1497;12625
1537;12627
1546;12631
1520;12633
1507;12636
1526;12638
1556;12641
1580;12643
1531;12646
1487;12648
1459;12650
1445;12653
1446;12655
1455;12658
1472;12660
1491;12663
1499;12665
1472;12668
1466;12670
1481;12674
1482;12676
1461;12679
1447;12681
1455;12683
1486;12686
1509;12688
1512;12691
1487;12693
1470;12696
1481;12698
1503;12701
1510;12703
1494;12706
1474;12708
1472;12711
1489;12713
1507;12716
1499;12719
1495;12721
1498;12724
1524;12726
1538;12729
1506;12731
1497;12734
1470;12736
1447;12739
1447;12741
1449;12744
1447;12746
1455;12749
1462;12751
1452;12753
1450;12756
1461;12759
1476;12762
1486;12764
1478;12767
1469;12769
1463;12772
1457;12774
1459;12777
1470;12779
1491;12782
1500;12784
1500;12786
1492;12789
1490;12791
1498;12794
1499;12796
1507;12800
1503;12802
1513;12805
1501;12807
1476;12810
1471;12812
1449;12815
1437;12817
1447;12820
1475;12822
1500;12824
1536;12827
1532;12829
1501;12832
1483;12834
1462;12837
1457;12839
1453;12843
1455;12845
1454;12848
1442;12850
1443;12853
1452;12855
1470;12857
1481;12860
1474;12862
1474;12865
1462;12867
1451;12870
1453;12872
1455;12875
1452;12877
1446;12880
1445;12882
1454;12886
1470;12888
1499;12890
1534;12893
1541;12895
1546;12898
1544;12900
1538;12903
1541;12905
1544;12908
1526;12910
1502;12913
1493;12915
1498;12918
1511;12920
1518;12922
1491;12925
1471;12928
1471;12931
1476;12933
1466;12936
1457;12938
1445;12941
1443;12943
1445;12946
1455;12948
1477;12951
1488;12953
1493;12955
1490;12958
1484;12960
1495;12963
1485;12965
1476;12968
1488;12971
1521;12974
1540;12976
1527;12979
1512;12981
1523;12984
1563;12986
1616;12988
1599;12991
1549;12993
1500;12996
1465;12998
1450;13001
1452;13003
1449;13006
1448;13008
1451;13011
1437;13014
1429;13017
1421;13019
1420;13021
1421;13024
1425;13026
1445;13029
1461;13031
1481;13034
1492;13036
1490;13039
1495;13041
1511;13044
1529;13046
1531;13049
1523;13051
1530;13053
1545;13057
1546;13059
1524;13062
1488;13064
1478;13067
1508;13069
1533;13072
1536;13074
1548;13077
1569;13079
1556;13082
1521;13084
1499;13086
1463;13089
1442;13091
1432;13094
1428;13096
1437;13100
1445;13102
1445;13105
1447;13107
1455;13110
1470;13112
1479;13115
1494;13117
1522;13119
1541;13122
1542;13124
1516;13127
1503;13129
1513;13132
1530;13134
1504;13137
1463;13139
1451;13143
1461;13145
1490;13148
1515;13150
1514;13152
1509;13155
1508;13157
1493;13160
1463;13162
1429;13165
1430;13167
1445;13170
1466;13172
1482;13175
1481;13177
1484;13180
1486;13182
1476;13185
1446;13188
1437;13190
1448;13193
1461;13195
1474;13198
1477;13200
1445;13203
1432;13205
1433;13208
1439;13210
1445;13213
1460;13215
1490;13217
1514;13220
1536;13222
1518;13225
1486;13228
1474;13231
1471;13233
1476;13236
1491;13238
1486;13241
1484;13243
1487;13246
1495;13248
1494;13250
1470;13253
1456;13255
1457;13258
1465;13260
1494;13263
1502;13265
1471;13268
1460;13271
1453;13274
1465;13276
1509;13279
1571;13281
1600;13283
1608;13286
1570;13288
1506;13291
1508;13293
1554;13296
1614;13298
1623;13301
1565;13303
1520;13306
1491;13308
1485;13312
1494;13314
1516;13316
1512;13319
1483;13321
1462;13324
1467;13326
1478;13329
1502;13331
1526;13334
1531;13336
1539;13339
1526;13341
1541;13344
1581;13346
1627;13348
1625;13351
1583;13353
1565;13357
1541;13359
1508;13362
1507;13364
1495;13367
1471;13369
1490;13372
1503;13374
1513;13377
1493;13379
1457;13381
1446;13384
1463;13386
1491;13389
1511;13391
1489;13394
1445;13396
1425;13400
1435;13402
1453;13405
1488;13407
1485;13410
1440;13412
1434;13414
1443;13417
1464;13419
1470;13422
1464;13424
1461;13427
1444;13429
1437;13432
1425;13434
1429;13437
1437;13440
1451;13443
1478;13445
1499;13448
1503;13450
1502;13452
1474;13455
1464;13457
1483;13460
1533;13462
1592;13465
1582;13467
1502;13470
1441;13472
1422;13475
1412;13477
1408;13480
1413;13483
1449;13485
1499;13488
1501;13490
1493;13493
1472;13495
1439;13498
1428;13500
1421;13503
1419;13505
1437;13508
1441;13510
1434;13513
1411;13515
1413;13517
1431;13520
1493;13522
1553;13526
1565;13528
1531;13531
1466;13533
1465;13536
1488;13538
1497;13541
1494;13543
1469;13546
1450;13548
1460;13550
1482;13553
1505;13555
1491;13558
1458;13560
1454;13563
1437;13565
1424;13569
1425;13571
1424;13574
1414;13576
1410;13579
1402;13581
1411;13583
1435;13586
1470;13588
1514;13591
1528;13593
1487;13596
1475;13598
1466;13601
1470;13603
1458;13606
1414;13608
1395;13612
1423;13614
1477;13616
1512;13619
1467;13621
1429;13624
1428;13626
1444;13629
1461;13631
1467;13634
1478;13636
1492;13639
1504;13641
1486;13644
1459;13646
1461;13648
1475;13651
1485;13654
1489;13657
1484;13659
1499;13662
1520;13664
1512;13667
1506;13669
1511;13672
1504;13674
1504;13677
1495;13679
1465;13681
1449;13684
1454;13686
1459;13689
1457;13691
1449;13694
1438;13697
1421;13700
1432;13702
1454;13705
1465;13707
1477;13710
1478;13712
1490;13714
1524;13717
1553;13719
1561;13722
1542;13724
1502;13727
1467;13729
1466;13732
1477;13734
1478;13737
1453;13740
1424;13743
1419;13745
1441;13747
1477;13750
1516;13752
1527;13755
1501;13757
1483;13760
1441;13762
1448;13765
1481;13767
1485;13770
1470;13772
1461;13775
1449;13777
1462;13780
1484;13783
1508;13785
1484;13788
1434;13790
1413;13793
1405;13795
1411;13798
1438;13800
1486;13803
1539;13805
1547;13808
1517;13810
1499;13813
1515;13815
1530;13817
1534;13820
1526;13822
1506;13826
1512;13828
1545;13831
1570;13833
1583;13836
1503;13838
1448;13841
1441;13843
1456;13846
1464;13848
1459;13850
1447;13853
1425;13855
1408;13858
1412;13860
1427;13863
1432;13865
1435;13869
1427;13871
1448;13874
1492;13876
1532;13879
1556;13881
1530;13883
1513;13886
1520;13888
1527;13891
1499;13893
1483;13896
1465;13898
1460;13901
1455;13903
1448;13906
1449;13908
1475;13912
1500;13914
1469;13916
1438;13919
1418;13921
1414;13924
1409;13926
1407;13929
1418;13931
1426;13934
1434;13936
1453;13939
1475;13941
1485;13944
1465;13946
1476;13948
1519;13952
1569;13954
1583;13957
1505;13959
1468;13962
1482;13964
1494;13967
1487;13969
1505;13972
1537;13974
1577;13977
1592;13979
1522;13982
1473;13984
1457;13986
1464;13989
1489;13991
1508;13995
1495;13997
1469;14000
1425;14002
1407;14005
1395;14007
1379;14010
1378;14012
1402;14015
1431;14017
1471;14019
1499;14022
1495;14024
1478;14027
1448;14029
1429;14032
1416;14034
1440;14038
1489;14040
1549;14043
1584;14045
1558;14048
1553;14050
1537;14052
1504;14055
1500;14057
1498;14060
1501;14062
1485;14065
1468;14067
1449;14070
1438;14072
1453;14075
1498;14077
1518;14081
1511;14083
1490;14085
1467;14088
1455;14090
1455;14093
1459;14095
1451;14098
1433;14100
1420;14103
1426;14105
1432;14108
1445;14110
1439;14113
1450;14115
1460;14118
1467;14120
1477;14123
1504;14126
1524;14128
1518;14131
1537;14133
1553;14136
1561;14138
1530;14141
1495;14143
1494;14146
1537;14148
1522;14151
1457;14153
1427;14155
1427;14158
1451;14160
1469;14163
1472;14166
1476;14169
1473;14171
1463;14174
1495;14176
1513;14179
1525;14181
1508;14184
1503;14186
1526;14188
1524;14191
1512;14193
1506;14196
1473;14198
1429;14201
1403;14203
1406;14206
1430;14209
1453;14212
1476;14214
1491;14217
1459;14219
1430;14221
1430;14224
1450;14226
1491;14229
1475;14231
1450;14234
1411;14236
1387;14239
1388;14241
1431;14244
1484;14246
1505;14249
1476;14252
1460;14254
1438;14257
1440;14259
1450;14262
1433;14264
1395;14267
1373;14269
1371;14272
1400;14274
1444;14277
1473;14279
1513;14282
1540;14284
1536;14286
1480;14289
1448;14291
1444;14295
1452;14297
1458;14300
1460;14302
1450;14305
1414;14307
1398;14310
1408;14312
1434;14315
1451;14317
1474;14320
1481;14322
1475;14324
1472;14327
1491;14329
1512;14332
1515;14334
1492;14338
1475;14340
1468;14343
1454;14345
1448;14348
1453;14350
1460;14353
1482;14355
1469;14357
1460;14360
1480;14362
1509;14365
1515;14367
1511;14370
1529;14372
1507;14375
1461;14377
1432;14381
1429;14383
1415;14386
1420;14388
1427;14390
1455;14393
1478;14395
1491;14398
1499;14400
1486;14403
1490;14405
1471;14408
1451;14410
1439;14413
1455;14415
1448;14418
1441;14420
1434;14423
1437;14426
1446;14428
1451;14431
1458;14433
1464;14436
1462;14438
1485;14441
1490;14443
1472;14446
1481;14448
1521;14451
1543;14453
1549;14456
1502;14458
1459;14460
1446;14464
1444;14466
1443;14469
1440;14471
1446;14474
1469;14476
1505;14479
1527;14481
1518;14484
1498;14486
1472;14489
1445;14491
1437;14493
1425;14496
1422;14498
1437;14501
1448;14503
1457;14507
1472;14509
1506;14512
1522;14514
1532;14517
1521;14519
1466;14522
1442;14524
1428;14526
1420;14529
1440;14531
1474;14534
1492;14536
1507;14539
1513;14541
1511;14544
1492;14546
1478;14550
1459;14552
1434;14555
1425;14557
1440;14559
1462;14562
1478;14564
1469;14567
1450;14569
1442;14572
1442;14574
1439;14577
1460;14579
1499;14582
1549;14584
1531;14587
1496;14589
1476;14592
1472;14595
1466;14597
1482;14600
1509;14602
1545;14605
1516;14607
1455;14610
1434;14612
1428;14615
1432;14617
1432;14620
1425;14622
1428;14625
1439;14627
1431;14629
1435;14632
1447;14635
1480;14638
1518;14640
1505;14643
1478;14645
1467;14648
1488;14650
1524;14653
1558;14655
1552;14658
1488;14660
1445;14662
1431;14665
1432;14667
1447;14670
1465;14672
1464;14675
1449;14678
1428;14681
1432;14683
1455;14686
1474;14688
1474;14691
1455;14693
1461;14695
1482;14698
1499;14700
1514;14703
1526;14705
1504;14708
1485;14710
1480;14713
1478;14715
1480;14718
1527;14721
1570;14724
1590;14726
1575;14728
1519;14731
1466;14733
1431;14736
1411;14738
1412;14741
1428;14743
1447;14746
1448;14748
1440;14751
1422;14753
1402;14756
1416;14758
1454;14761
1490;14764
1499;14766
1506;14769
1507;14771
1515;14774
1513;14776
1484;14779
1478;14781
1475;14784
1471;14786
1473;14789
1443;14791
1447;14794
1463;14796
1463;14798
1444;14801
1434;14803
1443;14807
1466;14809
1488;14812
1508;14814
1508;14817
1482;14819
1435;14822
1421;14824
1426;14827
1432;14829
1429;14831
1429;14834
1431;14836
1438;14839
1446;14841
1478;14844
1514;14846
1520;14850
1490;14852
1469;14855
1463;14857
1477;14860
1498;14862
1523;14864
1533;14867
1548;14869
1555;14872
1543;14874
1533;14877
1492;14879
1462;14882
1443;14884
1431;14887
1431;14889
1441;14893
1463;14895
1511;14897
1562;14900
1610;14902
1612;14905
1553;14907
1491;14910
1449;14912
1430;14915
1424;14917
1422;14920
1423;14922
1436;14925
1446;14927
1473;14929
1488;14932
1493;14935
1503;14938
1532;14940
1559;14943
1565;14945
1564;14948
1527;14950
1490;14953
1468;14955
1471;14958
1497;14960
1522;14963
1508;14965
1488;14967
1484;14970
1480;14972
1514;14976
1527;14978
1517;14981
1514;14983
1502;14986
1481;14988
1453;14991
1460;14993
1466;14996
1457;14998
1455;15000
1458;15003
1454;15005
1447;15008
1440;15010
1439;15013
1444;15015
1459;15019
1481;15021
1505;15024
1513;15026
1519;15029
1520;15031
1549;15033
1534;15036
1486;15038
1482;15041
1516;15043
1556;15046
1524;15048
1488;15051
1487;15053
1503;15056
1516;15058
1508;15062
1507;15064
1509;15066
1549;15069
1548;15071
1552;15074
1542;15076
1505;15079
1474;15081
1455;15084
1446;15086
1460;15089
1484;15091
1524;15094
1543;15096
1499;15099
1470;15101
1480;15104
1497;15107
1503;15109
1520;15112
1551;15114
1607;15117
1619;15119
1585;15122
1571;15124
1568;15127
1580;15129
1593;15132
1597;15134
1573;15136
1580;15139
1594;15141
1579;15144
1517;15147
1472;15150
1434;15152
1404;15155
1395;15157
1405;15160
1426;15162
1461;15165
1484;15167
1485;15170
1464;15172
1439;15174
1465;15177
1511;15179
1558;15182
1553;15184
1466;15187
1430;15190
1419;15193
1439;15195
1476;15198
1463;15200
1429;15203
1418;15205
1431;15207
1448;15210
1445;15212
1415;15215
1390;15217
1387;15220
1408;15222
1442;15225
1459;15227
1427;15230
1374;15233
1356;15236
1373;15238
1413;15241
1451;15243
1485;15245
1500;15248
1484;15250
1476;15253
1461;15255
1421;15258
1401;15260
1392;15263
1389;15265
1393;15268
1401;15270
1407;15273
1412;15276
1410;15278
1421;15281
1457;15283
1494;15286
1495;15288
1492;15291
1494;15293
1501;15296
1496;15298
1486;15301
1472;15303
1446;15306
1424;15308
1445;15310
1479;15313
1507;15315
1516;15319
1498;15321
1478;15324
1469;15326
1465;15329
1444;15331
1432;15334
1429;15336
1413;15339
1393;15341
1384;15344
1374;15346
1377;15348
1386;15351
1392;15353
1382;15356
1364;15358
1370;15362
1395;15364
1420;15367
1441;15369
1469;15372
1468;15374
1479;15377
1521;15379
1549;15381
1566;15384
1530;15386
1471;15389
1456;15391
1447;15394
1430;15396
1427;15399
1449;15401
1472;15405
1484;15407
1478;15410
1475;15412
1484;15414
1480;15417
1476;15419
1465;15422
1467;15424
1462;15427
1463;15429
1464;15432
1449;15434
1428;15437
1434;15439
1449;15442
1469;15444
1459;15447
1449;15450
1475;15452
1506;15455
1515;15457
1487;15460
1465;15462
1455;15465
1465;15467
1475;15470
1450;15472
1434;15475
1452;15477
1492;15479
1508;15482
1505;15484
1520;15488
1521;15490
1527;15493
1531;15495
1515;15498
1518;15500
1523;15503
1542;15505
1532;15508
1528;15510
1502;15513
1458;15515
1431;15517
1432;15520
1455;15522
1468;15525
1479;15527
1455;15531
1431;15533
1424;15536
1420;15538
1421;15541
1438;15543
1455;15546
1459;15548
1470;15550
1476;15553
1463;15555
1471;15558
1487;15560
1486;15563
1487;15565
1498;15568
1517;15570
1528;15574
1549;15576
1558;15579
1538;15581
1486;15583
1470;15586
1455;15588
1440;15591
1436;15593
1438;15596
1441;15598
1438;15601
1434;15603
1437;15606
1454;15608
1484;15611
1525;15613
1535;15617
1494;15619
1455;15621
1444;15624
1441;15626
1451;15629
1462;15631
1468;15634
1453;15636
1444;15639
1453;15641
1502;15644
1547;15646
1593;15649
1587;15651
1562;15653
1578;15656
1597;15659
1606;15662
1621;15664
1616;15667
1613;15669
1622;15672
1605;15674
1591;15677
1607;15679
1631;15682
1622;15684
1607;15686
1542;15689
1532;15691
1563;15694
1570;15696
1568;15699
1535;15702
1509;15705
1531;15707
1562;15710
1585;15712
1562;15715
1491;15717
1435;15720
1426;15722
1451;15724
1506;15727
1573;15729
1573;15732
1511;15734
1501;15737
1486;15739
1469;15742
1463;15745
1456;15748
1437;15750
1423;15753
1428;15755
1438;15757
1450;15760
1463;15762
1472;15765
1504;15767
1522;15770
1470;15772
1453;15775
1463;15777
1487;15780
1505;15782
1500;15785
1461;15788
1443;15790
1442;15793
1433;15795
1424;15798
1415;15800
1397;15803
1385;15805
1376;15808
1386;15810
1410;15813
1414;15815
1390;15818
1409;15820
1426;15822
1451;15825
1444;15827
1426;15831
1433;15833
1428;15836
1429;15838
1440;15841
1444;15843
1455;15846
1449;15848
1461;15851
1504;15853
1544;15855
1564;15858
1535;15860
1475;15863
1449;15865
1463;15868
1479;15870
1494;15874
1455;15876
1412;15879
1391;15881
1385;15884
1397;15886
1414;15888
1421;15891
1441;15893
1456;15896
1484;15898
1463;15901
1460;15903
1487;15906
1521;15908
1542;15911
1524;15913
1471;15917
1456;15919
1473;15922
1492;15924
1540;15926
1559;15929
1559;15931
1576;15934
1528;15936
1459;15939
1433;15941
1431;15944
1435;15946
1447;15949
1471;15951
1475;15954
1474;15956
1448;15959
1397;15962
1387;15964
1405;15967
1418;15969
1425;15972
1430;15974
1435;15977
1448;15979
1462;15982
1480;15984
1506;15987
1495;15989
1485;15992
1492;15994
1507;15996
1510;16000
1525;16002
1507;16005
1484;16007
1458;16010
1440;16012
1437;16015
1469;16017
1509;16020
1552;16022
1528;16025
1481;16027
1470;16029
1491;16032
1510;16034
1492;16037
1460;16039
1442;16043
1435;16045
1442;16048
1446;16050
1461;16053
1456;16055
1446;16058
1440;16060
1442;16062
1452;16065
1469;16067
1510;16070
1528;16072
1554;16075
1575;16077
1581;16080
1591;16082
1596;16086
1543;16088
1486;16091
1458;16093
1439;16095
1441;16098
1480;16100
1543;16103
1598;16105
1563;16108
1500;16110
1454;16113
1437;16115
1444;16118
1463;16120
1472;16123
1462;16125
1441;16128
1451;16131
1489;16133
1524;16136
1524;16138
1504;16141
1507;16143
1505;16146
1509;16148
1513;16151
1517;16153
1505;16156
1496;16158
1518;16160
1553;16163
1604;16165
1580;16168
1503;16171
1423;16174
1410;16176
1447;16179
1485;16181
1509;16184
1490;16186
1449;16189
1430;16191
1454;16193
1485;16196
1471;16198
1470;16201
1475;16203
1492;16206
1478;16208
1447;16211
1452;16214
1458;16217
1464;16219
1470;16222
1488;16224
1510;16226
1493;16229
1476;16231
1488;16234
1522;16236
1584;16239
1629;16241
1602;16244
1596;16246
1602;16249
1575;16251
1567;16254
1538;16257
1501;16259
1477;16262
1458;16264
1455;16267
1458;16269
1435;16272
1415;16274
1410;16277
1400;16279
1394;16282
1386;16284
1410;16287
1447;16289
1479;16291
1489;16294
1481;16296
1464;16300
1440;16302
1433;16305
1428;16307
1476;16310
1544;16312
1566;16315
1532;16317
1473;16320
1467;16322
1484;16324
1491;16327
1469;16329
1443;16332
1432;16334
1437;16337
1446;16339
1446;16343
1431;16345
1425;16348
1427;16350
1432;16353
1415;16355
1403;16357
1406;16360
1431;16362
1458;16365
1473;16367
1480;16370
1500;16372
1533;16375
1562;16377
1554;16380
1507;16382
1463;16386
1467;16388
1490;16390
1508;16393
1507;16395
1477;16398
1494;16400
1532;16403
1509;16405
1478;16408
1469;16410
1442;16413
1416;16415
1402;16418
1414;16420
1442;16422
1474;16425
1491;16428
1491;16431
1500;16433
1495;16436
1474;16438
1482;16441
1512;16443
1544;16446
1573;16448
1595;16451
1573;16453
1569;16455
1608;16458
1655;16460
1635;16463
1578;16465
1505;16468
1484;16471
1486;16474
1499;16476
1510;16479
1496;16481
1507;16484
1499;16486
1449;16489
1394;16491
1376;16493
1378;16496
1383;16498
1388;16501
1387;16503
1384;16506
1391;16508
1441;16512
1504;16514
1563;16517
1554;16519
1496;16522
1486;16524
1522;16526
1560;16529
1590;16531
1604;16534
1560;16536
1497;16539
1498;16541
1511;16544
1523;16546
1480;16549
1413;16551
1383;16555
1382;16557
1389;16559
1398;16562
1388;16564
1389;16567
1398;16569
1416;16572
1438;16574
1434;16577
1412;16579
1400;16582
1421;16584
1470;16587
1510;16589
1532;16591
1489;16594
1478;16596
1500;16600
1563;16602
1631;16605
1676;16607
1645;16610
1578;16612
1556;16615
1568;16617
1557;16620
1542;16622
1529;16624
1474;16627
1416;16629
1409;16632
1429;16634
1446;16637
1428;16640
1405;16643
1393;16645
1395;16648
1390;16650
1389;16653
1389;16655
1411;16657
1445;16660
1461;16662
1441;16665
1411;16667
1397;16670
1406;16672
1446;16675
1514;16677
1559;16680
1551;16683
1505;16686
1442;16688
1410;16690
1393;16693
1386;16695
1391;16698
1392;16700
1402;16703
1421;16705
1490;16708
1549;16710
1543;16713
1478;16715
1415;16718
1398;16720
1388;16722
1384;16726
1385;16728
1390;16731
1396;16733
1395;16736
1405;16738
1421;16741
1445;16743
1453;16746
1435;16748
1428;16751
1429;16753
1424;16755
1415;16758
1425;16760
1458;16763
1518;16765
1554;16769
1581;16771
1605;16774
1574;16776
1551;16779
1518;16781
1498;16784
1478;16786
1453;16788
1421;16791
1417;16793
1415;16796
1412;16798
1431;16801
1462;16803
1482;16806
1495;16808
1481;16812
1468;16814
1467;16817
1464;16819
1466;16821
1466;16824
1469;16826
1483;16829
1515;16831
1534;16834
1546;16836
1524;16839
1499;16841
1486;16844
1482;16846
1474;16849
1470;16851
1451;16855
1441;16857
1459;16859
1527;16862
1602;16864
1656;16867
1653;16869
1615;16872
1575;16874
1585;16877
1584;16879
1533;16882
1483;16884
1451;16887
1445;16889
1446;16891
1452;16894
1464;16897
1464;16900
1457;16902
1438;16905
1430;16907
1432;16910
1438;16912
1457;16915
1491;16917
1519;16920
1510;16922
1475;16924
1478;16927
1513;16929
1550;16932
1560;16934
1528;16937
1472;16940
1454;16943
1439;16945
1431;16948
1439;16950
1444;16953
1449;16955
1466;16957
1516;16960
1567;16962
1620;16965
1645;16967
1597;16970
1544;16972
1502;16975
1461;16977
1427;16980
1421;16983
1415;16986
1420;16988
1423;16990
1424;16993
1426;16995
1428;16998
1429;17000
1429;17003
1432;17005
1450;17008
1498;17010
1550;17013
1594;17015
1571;17018
1508;17020
1496;17022
1498;17026
1490;17028
1493;17031
1514;17033
1539;17036
1551;17038
1547;17041
1561;17043
1564;17046
1570;17048
1546;17051
1517;17053
1497;17055
1496;17058
1502;17060
1476;17063
1462;17065
1465;17069
1476;17071
1479;17074
1471;17076
1466;17079
1466;17081
1447;17084
1417;17086
1406;17088
1420;17091
1431;17093
1432;17096
1426;17098
1423;17101
1439;17103
1465;17106
1498;17108
1527;17112
1510;17114
1470;17117
1456;17119
1450;17122
1447;17124
1445;17126
1441;17129
1441;17131
1446;17134
1450;17136
1446;17139
1447;17141
1455;17144
1464;17146
1464;17149
1461;17152
1450;17155
1448;17157
1447;17159
1447;17162
1446;17164
1445;17167
1445;17169
1446;17172
1447;17174
1447;17177
1448;17179
1449;17182
1450;17184
1451;17187
1452;17189
1453;17191
1454;17195
1455;17197
1457;17200
1463;17202
1472;17205
1478;17207
1478;17210
1475;17212
1473;17215
1475;17217
1482;17220
1494;17222
1501;17224
1499;17227
1493;17229
1482;17232
1478;17234
1474;17238
1470;17240
1466;17243
1464;17245
1464;17248
1463;17250
1464;17253
1464;17255
1462;17258
1458;17260
1458;17262
1460;17265
1460;17267
1459;17270
1458;17272
1459;17275
1463;17277
1466;17281
1468;17283
1471;17286
1477;17288
1494;17291
1523;17293
1552;17295
1566;17298
1544;17300
1514;17303
1497;17305
1491;17308
1491;17310
1495;17313
1494;17315
1497;17318
1496;17320
1490;17324
1482;17326
1476;17328
1474;17331
1474;17333
1475;17336
1476;17338
1479;17341
1477;17343
1475;17346
1476;17348
1476;17351
1477;17353
1478;17356
1479;17358
1481;17360
1483;17363
1485;17366
1489;17369
1492;17371
1495;17374
1499;17376
1506;17379
1513;17381
1519;17384
1525;17386
1534;17389
1546;17391
1559;17393
1570;17396
1570;17398
1561;17401
1560;17403
1574;17406
1595;17409
1619;17412
1617;17414
1591;17417
1563;17419
1544;17422
1532;17424
1528;17427
1525;17429
1522;17431
1521;17434
1521;17436
1522;17439
1522;17441
1521;17444
1522;17446
1523;17449
1523;17452
1522;17455
1519;17457
1517;17460
1518;17462
1518;17464
1518;17467
1520;17469
1522;17472
1524;17474
1525;17477
1527;17479
1533;17482
1545;17484
1555;17487
1569;17489
1577;17492
1561;17495
1555;17497
1554;17500
1546;17502
1547;17505
1542;17507
1525;17510
1520;17512
1515;17515
1501;17517
1493;17520
1491;17522
1489;17525
1488;17527
1487;17530
1487;17532
1487;17534
1487;17538
1486;17540
1486;17543
1488;17545
1490;17548
1491;17550
1492;17553
1493;17555
1494;17558
1496;17560
1498;17563
1502;17565
1504;17567
1507;17570
1523;17572
1547;17575
1572;17577
1586;17581
1557;17583
1523;17586
1506;17588
1496;17591
1490;17593
1486;17596
1485;17598
1484;17601
1480;17603
1479;17605
1476;17608
1473;17610
1472;17613
1471;17615
1471;17618
1471;17620
1471;17624
1472;17626
1472;17629
1473;17631
1474;17634
1475;17636
1475;17638
1475;17641
1475;17643
1476;17646
1480;17648
1485;17651
1488;17653
1487;17656
1488;17658
1485;17661
1486;17664
1492;17667
1499;17669
1508;17671
1523;17674
1526;17676
1519;17679
1512;17681
1502;17684
1496;17686
1492;17689
1490;17691
1488;17694
1485;17696
1481;17699
1479;17701
1478;17703
1477;17707
1476;17709
1475;17712
1474;17714
1474;17717
1474;17719
1473;17722
1473;17724
1473;17727
1472;17729
1472;17732
1471;17734
1471;17736
1470;17739
1469;17741
1469;17744
1468;17746
1467;17750
1466;17752
1466;17755
1466;17757
1468;17760
1470;17762
1470;17765
1474;17767
1487;17769
1502;17772
1516;17774
1513;17777
1495;17779
1476;17782
1463;17784
1453;17787
1449;17789
1443;17793
1435;17795
1434;17798
1432;17800
1430;17803
1430;17805
1429;17807
1430;17810
1430;17812
1430;17815
1430;17817
1431;17820
1431;17822
1432;17825
1432;17827
1433;17830
1434;17832
1435;17836
1436;17838
1437;17840
1438;17843
1440;17845
1441;17848
1442;17850
1444;17853
1446;17855
1448;17858
1450;17860
1453;17863
1458;17865
1463;17868
1471;17870
1482;17872
1491;17875
1492;17878
1488;17881
1477;17883
1466;17886
1464;17888
1464;17891
1462;17893
1456;17896
1452;17898
1454;17901
1456;17903
1458;17905
1458;17908
1459;17910
1460;17913
1458;17915
1457;17918
1456;17921
1455;17924
1456;17926
1457;17929
1458;17931
1457;17934
1457;17936
1458;17939
1460;17941
1460;17943
1459;17946
1460;17948
1463;17951
1468;17953
1471;17956
1477;17958
1481;17961
1474;17964
1464;17967
1459;17969
1455;17972
1453;17974
1452;17976
1453;17979
1456;17981
1458;17984
1461;17986
1462;17989
1461;17991
1464;17994
1467;17996
1465;17999
1457;18001
1447;18004
1445;18007
1445;18009
1443;18012
1438;18014
1437;18017
1443;18019
1446;18022
1449;18024
1452;18027
1456;18029
1460;18032
1463;18034
1464;18037
1460;18039
1459;18041
1459;18044
1459;18046
1460;18050
1460;18052
1460;18055
1460;18057
1461;18060
1462;18062
1462;18065
1462;18067
1462;18070
1466;18072
1470;18074
1472;18077
1473;18079
1476;18082
1477;18084
1475;18087
1478;18089
1485;18093
1499;18095
1519;18098
1522;18100
1492;18103
1471;18105
1461;18107
1455;18110
1453;18112
1451;18115
1451;18117
1452;18120
1452;18122
1451;18125
1452;18127
1453;18130
1454;18132
1455;18136
1457;18138
1460;18140
1461;18143
1461;18145
1462;18148
1464;18150
1468;18153
1472;18155
1475;18158
1478;18160
1481;18163
1479;18165
1478;18168
1477;18170
1477;18172
1479;18176
1480;18178
1473;18181
1467;18183
1469;18186
1473;18188
1477;18191
1478;18193
1474;18196
1472;18198
1476;18201
1479;18203
1478;18205
1474;18208
1478;18210
1478;18213
1471;18215
1467;18219
1465;18221
1464;18224
1463;18226
1463;18229
1462;18231
1461;18234
1460;18236
1460;18239
1459;18241
1458;18243
1457;18246
1457;18248
1457;18251
1456;18253
1456;18256
1458;18258
1460;18262
1463;18264
1469;18267
1477;18269
1484;18272
1489;18274
1495;18276
1488;18279
1475;18281
1466;18284
1462;18286
1464;18289
1471;18291
1474;18294
1476;18296
1477;18299
1474;18301
1473;18305
1479;18307
1476;18309
1466;18312
1456;18314
1452;18317
1450;18319
1449;18322
1449;18324
1449;18327
1450;18329
1450;18332
1452;18334
1454;18337
1454;18339
1454;18341
1454;18344
1454;18347
1455;18350
1455;18352
1455;18355
1457;18357
1460;18360
1468;18362
1476;18365
1484;18367
1486;18370
1479;18372
1472;18375
1462;18377
1459;18379
1463;18382
1467;18384
1472;18387
1476;18390
1474;18393
1469;18395
1467;18398
1466;18400
1466;18403
1464;18405
1462;18408
1460;18410
1459;18412
1459;18415
1459;18417
1460;18420
1461;18422
1463;18425
1465;18427
1464;18430
1464;18433
1465;18436
1466;18438
1468;18441
1472;18443
1481;18445
1491;18448
1500;18450
1500;18453
1490;18455
1482;18458
1483;18460
1486;18463
1487;18465
1482;18468
1486;18470
1492;18473
1500;18476
1498;18478
1500;18481
1498;18483
1481;18486
1471;18488
1465;18491
1463;18493
1461;18496
1458;18498
1455;18501
1454;18503
1455;18506
1458;18508
1462;18510
1464;18513
1463;18515
1457;18519
1458;18521
1462;18524
1468;18526
1473;18529
1473;18531
1474;18534
1480;18536
1482;18539
1481;18541
1472;18544
1470;18546
1475;18548
1484;18551
1486;18553
1473;18556
1468;18558
1469;18562
1473;18564
1469;18567
1459;18569
1449;18572
1448;18574
1452;18577
1460;18579
1466;18581
1465;18584
1455;18586
1451;18589
1452;18591
1452;18594
1451;18596
1449;18599
1449;18601
1449;18605
1449;18607
1450;18610
1452;18612
1453;18614
1454;18617
1455;18619
1456;18622
1456;18624
1457;18627
1459;18629
1463;18632
1466;18634
1467;18637
1470;18639
1476;18642
1482;18644
1482;18647
1485;18650
1490;18652
1488;18655
1491;18657
1495;18660
1485;18662
1477;18665
1473;18667
1473;18670
1474;18672
1476;18675
1475;18677
1473;18679
1472;18682
1472;18684
1472;18688
1472;18690
1473;18693
1474;18695
1478;18698
1482;18700
1487;18703
1492;18705
1493;18708
1486;18710
1483;18713
1483;18715
1487;18717
1495;18720
1504;18722
1516;18725
1526;18727
1516;18731
1501;18733
1492;18736
1487;18738
1489;18741
1488;18743
1485;18746
1486;18748
1484;18750
1485;18753
1487;18755
1482;18758
1475;18760
1473;18763
1472;18765
1470;18768
1470;18770
1470;18774
1469;18776
1469;18779
1469;18781
1469;18783
1470;18786
1471;18788
1474;18791
1478;18793
1486;18796
1494;18798
1495;18801
1490;18803
1487;18806
1483;18808
1485;18811
1491;18813
1495;18817
1489;18819
1485;18821
1481;18824
1474;18826
1470;18829
1468;18831
1467;18834
1469;18836
1474;18839
1476;18841
1476;18844
1478;18846
1480;18849
1478;18851
1474;18853
1474;18856
1474;18859
1473;18862
1474;18864
1476;18867
1477;18869
1477;18872
1479;18874
1482;18877
1486;18879
1491;18882
1494;18884
1495;18887
1495;18889
1494;18891
1494;18894
1497;18896
1499;18899
1504;18902
1505;18905
1493;18907
1485;18910
1480;18912
1476;18915
1473;18917
1475;18920
1475;18922
1473;18924
1473;18927
1472;18929
1472;18932
1472;18934
1473;18937
1473;18939
1473;18942
1473;18945
1474;18948
1477;18950
1482;18953
1486;18955
1490;18957
1490;18960
1490;18962
1490;18965
1490;18967
1493;18970
1493;18972
1487;18975
1484;18977
1481;18980
1481;18982
1484;18985
1490;18988
1499;18990
1505;18993
1507;18995
1502;18998
1496;19000
1491;19003
1486;19005
1486;19008
1491;19010
1497;19013
1500;19015
1493;19018
1484;19020
1483;19023
1489;19025
1499;19027
1512;19031
1512;19033
1497;19036
1487;19038
1482;19041
1479;19043
1477;19046
1475;19048
1475;19051
1475;19053
1475;19056
1474;19058
1475;19060
1475;19063
1477;19065
1479;19068
1485;19070
1493;19074
1492;19076
1491;19079
1495;19081
1491;19084
1487;19086
1485;19089
1480;19091
1478;19094
1478;19096
1478;19098
1478;19101
1474;19103
1474;19106
1477;19108
1484;19111
1485;19113
1474;19117
1470;19119
1467;19122
1467;19124
1467;19127
1466;19129
1466;19132
1466;19134
1467;19136
1467;19139
1466;19141
1466;19144
1466;19146
1466;19149
1466;19151
1467;19154
1468;19156
1470;19160
1475;19162
1483;19165
1492;19167
1495;19169
1489;19172
1484;19174
1479;19177
1478;19179
1475;19182
1475;19184
1473;19187
1469;19189
1464;19192
1466;19194
1469;19197
1471;19200
1468;19203
1466;19205
1468;19207
1468;19210
1468;19212
1467;19215
1468;19217
1469;19220
1469;19222
1468;19225
1468;19227
1468;19230
1468;19232
1468;19235
1469;19237
1470;19239
1471;19243
1475;19245
1475;19248
1475;19250
1478;19253
1486;19255
1495;19258
1502;19260
1503;19263
1500;19265
1497;19268
1487;19270
1479;19272
1474;19275
1474;19277
1475;19280
1476;19282
1477;19286
1475;19288
1476;19291
1478;19293
1480;19296
1482;19298
1479;19301
1474;19303
1472;19305
1472;19308
1472;19310
1472;19313
1474;19315
1478;19318
1483;19320
1490;19323
1502;19325
1506;19329
1506;19331
1498;19334
1492;19336
1487;19338
1481;19341
1471;19343
1467;19346
1464;19348
1462;19351
1463;19353
1464;19356
1465;19358
1467;19361
1469;19363
1473;19366
1480;19368
1483;19371
1481;19374
1474;19376
1470;19379
1469;19381
1468;19384
1468;19386
1468;19389
1469;19391
1470;19394
1472;19396
1473;19399
1473;19401
1474;19403
1474;19406
1475;19408
1476;19411
1477;19414
1480;19417
1483;19419
1486;19422
1487;19424
1484;19427
1482;19429
1480;19432
1481;19434
1486;19436
1492;19439
1498;19441
1505;19444
1510;19446
1502;19449
1493;19451
1488;19454
1486;19457
1481;19460
1480;19462
1479;19465
1475;19467
1472;19470
1471;19472
1471;19474
1470;19477
1469;19479
1469;19482
1469;19484
1469;19487
1468;19489
1470;19492
1473;19494
1478;19497
1485;19500
1494;19503
1499;19505
1497;19507
1495;19510
1494;19512
1494;19515
1496;19517
1499;19520
1500;19522
1502;19525
1495;19527
1481;19530
1472;19532
1470;19535
1465;19537
1462;19539
1460;19543
1461;19545
1465;19548
1469;19550
1471;19553
1472;19555
1469;19558
1469;19560
1469;19563
1470;19565
1469;19568
1468;19570
1468;19572
1469;19575
1471;19577
1475;19580
1477;19582
1479;19586
1480;19588
1482;19591
1481;19593
1477;19596
1477;19598
1481;19601
1485;19603
1486;19606
1482;19608
1482;19610
1479;19613
