1499;2
1499;4
1500;7
1501;9
1503;11
1504;13
1504;16
1506;18
1507;20
1506;23
1507;25
1508;27
1508;30
1508;32
1508;34
1508;37
1508;39
1509;41
1509;44
1508;47
1507;49
1506;51
1507;54
1508;56
1508;58
1509;61
1510;63
1509;65
1508;68
1507;70
1506;72
1504;75
1503;77
1501;79
1501;81
1501;84
1500;87
1499;89
1498;92
1497;94
1496;96
1495;99
1494;101
1493;103
1491;106
1489;108
1488;110
1486;113
1486;115
1485;117
1483;120
1480;122
1477;125
1475;128
1473;130
1472;133
1470;135
1469;137
1467;140
1467;142
1467;144
1466;147
1465;149
1464;152
1463;154
1462;156
1462;159
1461;161
1458;163
1457;166
1456;168
1454;171
1454;174
1453;176
1453;179
1453;181
1453;183
1453;186
1450;188
1450;190
1449;193
1449;195
1448;197
1448;200
1449;202
1450;204
1451;207
1451;209
1451;212
1450;215
1450;217
1450;220
1450;222
1451;224
1452;227
1452;229
1452;231
1453;234
1453;236
1454;239
1454;241
1455;243
1455;246
1456;248
1458;250
1460;253
1461;256
1463;258
1465;261
1466;263
1469;266
1469;268
1468;270
1469;273
1470;275
1471;277
1472;280
1472;282
1472;284
1474;287
1476;289
1477;292
1478;294
1479;296
1480;300
1481;302
1482;304
1484;307
1486;309
1488;311
1489;314
1490;316
1492;319
1493;321
1495;323
1497;326
1498;328
1498;330
1498;333
1500;335
1502;337
1503;340
1503;343
1504;346
1504;348
1504;350
1506;353
1507;355
1507;357
1508;360
1508;362
1508;364
1509;367
1511;369
1512;372
1513;374
1514;376
1515;379
1516;381
1515;384
1515;387
1515;389
1515;391
1516;394
1519;396
1521;398
1522;401
1524;403
1523;406
1523;408
1523;410
1522;413
1522;415
1520;417
1520;420
1519;422
1520;424
1520;428
1520;430
1520;433
1520;435
1521;437
1520;440
1520;442
1518;444
1517;447
1516;449
1516;451
1515;454
1514;456
1514;459
1513;461
1514;463
1514;466
1514;468
1514;471
1514;474
1514;476
1514;478
1513;481
1513;483
1513;486
1512;488
1511;490
1510;493
1509;495
1509;497
1509;500
1509;502
1508;504
1508;507
1510;509
1511;513
1511;515
1510;517
1509;520
1507;522
1505;524
1504;527
1504;529
1504;531
1503;534
1503;536
1502;539
1502;541
1502;543
1502;546
1500;548
1499;550
1496;553
1495;556
1495;558
1495;561
1494;563
1494;566
1493;568
1491;570
1490;573
1488;575
1488;577
1488;580
1487;582
1488;584
1488;587
1487;589
1487;592
1486;594
1485;596
1483;600
1482;602
1482;604
1481;607
1481;609
1481;611
1482;614
1482;616
1481;619
1481;621
1481;623
1481;626
1481;628
1483;630
1483;633
1483;635
1483;637
1483;641
1483;643
1483;646
1483;648
1483;650
1484;653
1484;655
1485;657
1486;660
1486;662
1487;664
1488;667
1488;669
1486;672
1486;674
1485;676
1484;679
1485;681
1485;684
1485;687
1486;689
1486;691
1485;694
1485;696
1485;699
1485;701
1486;703
1487;706
1488;708
1488;710
1488;713
1488;715
1489;717
1489;720
1490;722
1490;726
1490;728
1489;730
1489;733
1489;735
1489;737
1490;740
1490;742
1489;744
1489;747
1491;749
1491;752
1492;754
1492;756
1493;759
1493;761
1493;763
1492;766
1492;769
1491;771
1491;774
1492;776
1492;779
1492;781
1492;783
1492;786
1491;788
1489;790
1489;793
1489;795
1487;797
1485;800
1484;802
1483;805
1483;807
1482;809
1481;813
1479;815
1478;817
1477;820
1476;822
1475;824
1474;827
1473;829
1472;832
1470;834
1469;836
1469;839
1468;841
1469;843
1468;846
1468;848
1467;850
1467;854
1466;856
1466;859
1466;861
1466;863
1465;866
1466;868
1466;870
1465;873
1464;875
1464;877
1463;880
1463;882
1463;885
1463;887
1463;889
1463;892
1463;894
1463;897
1463;900
1461;902
1461;904
1460;907
1460;909
1460;912
1460;914
1460;916
1460;919
1461;921
1461;923
1462;926
1463;928
1464;930
1465;933
1466;935
1466;939
1467;941
1469;943
1470;946
1470;948
1470;950
1471;953
1471;955
1471;957
1471;960
1471;962
1472;965
1472;967
1471;969
1471;972
1471;974
1472;976
1472;979
1473;982
1474;984
1474;987
1475;989
1472;992
1471;994
1470;996
1469;999
1468;1001
1469;1003
1469;1006
1469;1008
1470;1011
1470;1013
1470;1015
1469;1018
1469;1020
1469;1024
1469;1026
1469;1029
1470;1031
1470;1033
1470;1036
1470;1038
1471;1041
1471;1043
1472;1045
1473;1048
1474;1050
1474;1053
1475;1055
1475;1057
1476;1060
1477;1062
1477;1065
1477;1068
1478;1071
1478;1073
1478;1075
1478;1078
1479;1080
1481;1083
1481;1085
1483;1087
1486;1090
1488;1092
1490;1095
1489;1097
1489;1099
1488;1102
1485;1104
1483;1107
1483;1110
1482;1113
1481;1115
1481;1117
1481;1120
1481;1122
1481;1125
1482;1127
1482;1129
1483;1132
1483;1134
1482;1137
1482;1139
1482;1141
1483;1144
1485;1146
1486;1149
1486;1152
1484;1155
1484;1157
1484;1159
1483;1162
1483;1164
1483;1167
1482;1169
1481;1171
1481;1174
1482;1176
1483;1179
1483;1181
1482;1183
1483;1186
1484;1188
1486;1191
1486;1193
1486;1197
1487;1199
1487;1201
1487;1204
1486;1206
1485;1209
1484;1211
1484;1213
1485;1216
1484;1218
1484;1221
1484;1223
1485;1225
1485;1228
1486;1230
1487;1233
1488;1235
1489;1239
1488;1241
1488;1243
1489;1246
1489;1248
1489;1251
1489;1253
1489;1255
1489;1258
1489;1260
1488;1263
1488;1265
1486;1268
1485;1270
1484;1272
1484;1275
1485;1277
1485;1281
1486;1283
1486;1285
1487;1288
1488;1290
1488;1293
1487;1295
1487;1297
1486;1300
1485;1302
1485;1305
1486;1307
1486;1310
1486;1312
1487;1314
1487;1317
1488;1319
1488;1323
1488;1325
1489;1327
1490;1330
1489;1332
1488;1335
1488;1337
1487;1339
1486;1342
1485;1344
1485;1347
1485;1349
1484;1352
1483;1354
1482;1356
1481;1359
1481;1361
1481;1364
1481;1367
1480;1369
1481;1372
1482;1374
1483;1377
1483;1379
1483;1381
1484;1384
1484;1386
1485;1389
1483;1391
1482;1394
1482;1396
1481;1398
1482;1401
1483;1403
1485;1406
1485;1409
1483;1411
1483;1414
1483;1416
1483;1419
1483;1421
1482;1423
1481;1426
1480;1428
1480;1431
1480;1433
1481;1436
1482;1438
1482;1440
1482;1443
1482;1445
1482;1448
1481;1451
1482;1453
1483;1456
1484;1458
1482;1461
1480;1463
1480;1465
1480;1468
1480;1470
1480;1473
1480;1475
1479;1478
1480;1480
1480;1482
1480;1485
1480;1487
1479;1490
1478;1492
1478;1495
1478;1498
1479;1500
1479;1503
1480;1505
1481;1508
1481;1510
1482;1512
1483;1515
1482;1517
1482;1520
1483;1522
1483;1524
1482;1527
1481;1529
1481;1532
1481;1534
1480;1537
1480;1540
1480;1542
1479;1545
1479;1547
1481;1550
1480;1552
1480;1554
1480;1557
1481;1559
1481;1562
1481;1564
1480;1566
1479;1569
1477;1571
1476;1574
1477;1576
1478;1579
1478;1582
1479;1584
1479;1587
1480;1589
1480;1592
1479;1594
1479;1596
1479;1599
1479;1601
1479;1604
1480;1606
1481;1608
1482;1611
1483;1613
1483;1616
1483;1618
1483;1620
1484;1624
1484;1626
1484;1629
1485;1631
1483;1634
1482;1636
1481;1638
1481;1641
1481;1643
1483;1646
1485;1648
1486;1650
1486;1653
1487;1655
1488;1658
1490;1660
1490;1662
1489;1666
1488;1668
1487;1671
1487;1673
1486;1676
1485;1678
1485;1680
1485;1683
1485;1685
1485;1688
1485;1690
1485;1692
1485;1695
1486;1697
1486;1700
1487;1702
1488;1704
1488;1708
1488;1710
1488;1713
1487;1715
1486;1718
1486;1720
1486;1722
1485;1725
1483;1727
1483;1730
1483;1732
1484;1734
1485;1737
1486;1739
1487;1742
1486;1744
1486;1747
1485;1750
1484;1752
1483;1755
1483;1757
1483;1760
1483;1762
1483;1764
1484;1767
1485;1769
1485;1772
1484;1774
1484;1776
1485;1779
1484;1781
1483;1784
1483;1786
1483;1789
1483;1792
1483;1794
1483;1797
1482;1799
1482;1802
1482;1804
1482;1806
1483;1809
1483;1811
1483;1814
1483;1816
1483;1818
1484;1821
1485;1823
1487;1826
1487;1828
1487;1831
1487;1833
1487;1836
1486;1839
1485;1841
1485;1844
1484;1846
1484;1848
1483;1851
1483;1853
1483;1856
1483;1858
1483;1860
1482;1863
1481;1865
1481;1868
1482;1870
1482;1873
1483;1875
1483;1878
1483;1881
1482;1883
1482;1886
1481;1888
1481;1890
1481;1893
1481;1895
1482;1898
1482;1900
1481;1902
1481;1905
1482;1907
1483;1910
1484;1912
1485;1915
1486;1917
1487;1920
1487;1923
1486;1925
1486;1928
1484;1930
1483;1932
1482;1935
1482;1937
1482;1940
1483;1942
1483;1944
1482;1947
1481;1949
1480;1952
1481;1954
1480;1957
1479;1959
1479;1961
1479;1965
1479;1967
1479;1970
1478;1972
1478;1974
1478;1977
1477;1979
1476;1982
1476;1984
1475;1987
1476;1989
1476;1991
1477;1994
1478;1996
1479;1999
1479;2001
1479;2003
1480;2007
1481;2009
1482;2012
1483;2014
1482;2016
1481;2019
1482;2021
1483;2024
1484;2026
1486;2029
1486;2031
1486;2033
1483;2036
1483;2038
1484;2041
1484;2043
1483;2045
1483;2049
1483;2051
1483;2054
1482;2056
1482;2058
1482;2061
1482;2063
1482;2066
1482;2068
1484;2071
1484;2073
1485;2075
1484;2078
1483;2080
1483;2083
1482;2085
1482;2087
1481;2091
1483;2093
1485;2096
1486;2098
1487;2100
1488;2103
1487;2105
1487;2108
1488;2110
1489;2113
1489;2115
1489;2117
1488;2120
1488;2122
1490;2125
1488;2127
1488;2129
1489;2132
1489;2135
1488;2138
1488;2140
1488;2142
1488;2145
1488;2147
1488;2150
1488;2152
1487;2155
1487;2157
1487;2159
1487;2162
1487;2164
1486;2167
1485;2169
1484;2171
1484;2174
1484;2177
1485;2180
1486;2182
1486;2185
1486;2187
1486;2189
1487;2192
1487;2194
1487;2197
1487;2199
1487;2201
1487;2204
1488;2206
1489;2209
1489;2211
1490;2213
1489;2216
1489;2219
1489;2222
1490;2224
1489;2227
1491;2229
1493;2231
1495;2234
1494;2236
1492;2239
1491;2241
1490;2243
1490;2246
1490;2248
1491;2251
1491;2253
1490;2255
1489;2258
1489;2260
1489;2264
1488;2266
1488;2269
1488;2271
1489;2273
1490;2276
1491;2278
1490;2281
1491;2283
1493;2285
1497;2288
1498;2290
1496;2293
1493;2295
1491;2297
1491;2300
1491;2302
1489;2306
1488;2308
1488;2311
1489;2313
1488;2315
1487;2318
1487;2320
1490;2323
1490;2325
1490;2327
1490;2330
1485;2332
1482;2335
1480;2337
1480;2339
1478;2342
1476;2344
1475;2348
1475;2350
1473;2353
1470;2355
1468;2357
1463;2360
1461;2362
1459;2365
1457;2367
1455;2369
1455;2372
1452;2374
1448;2377
1444;2379
1442;2382
1440;2384
1437;2386
1432;2390
1424;2392
1419;2395
1415;2397
1411;2399
1409;2402
1406;2404
1404;2407
1404;2409
1405;2411
1407;2414
1409;2416
1410;2419
1410;2421
1407;2424
1402;2426
1398;2428
1394;2432
1391;2434
1390;2437
1390;2439
1391;2441
1394;2444
1398;2446
1400;2449
1399;2451
1394;2453
1390;2456
1387;2458
1385;2461
1384;2463
1384;2466
1386;2468
1387;2470
1389;2473
1389;2476
1386;2479
1382;2481
1378;2483
1377;2486
1376;2488
1377;2491
1380;2493
1384;2495
1387;2498
1390;2500
1390;2503
1387;2505
1387;2508
1387;2510
1389;2512
1395;2515
1401;2518
1406;2521
1411;2523
1410;2525
1401;2528
1401;2530
1404;2533
1408;2535
1412;2537
1416;2540
1418;2542
1424;2545
1432;2547
1437;2550
1444;2552
1451;2554
1457;2557
1465;2560
1474;2563
1483;2565
1491;2567
1494;2570
1498;2572
1504;2575
1510;2577
1515;2580
1520;2582
1526;2584
1536;2587
1542;2589
1548;2592
1555;2594
1561;2596
1560;2599
1564;2601
1569;2605
1573;2607
1579;2609
1584;2612
1588;2614
1592;2617
1596;2619
1600;2622
1603;2624
1607;2626
1610;2629
1614;2631
1618;2634
1623;2636
1628;2638
1633;2641
1636;2643
1638;2647
1642;2649
1646;2651
1649;2654
1654;2656
1661;2659
1668;2661
1675;2664
1680;2666
1683;2668
1691;2671
1696;2673
1694;2676
1691;2678
1688;2680
1689;2683
1687;2685
1689;2689
1694;2691
1702;2693
1703;2696
1702;2698
1698;2701
1693;2703
1691;2706
1690;2708
1689;2710
1685;2713
1681;2715
1678;2718
1675;2720
1673;2722
1673;2725
1671;2727
1669;2731
1665;2733
1657;2735
1650;2738
1645;2740
1643;2743
1641;2745
1638;2748
1636;2750
1636;2752
1634;2755
1631;2757
1629;2760
1628;2762
1628;2764
1630;2767
1627;2769
1618;2772
1611;2775
1601;2777
1596;2780
1591;2782
1587;2785
1580;2787
1571;2790
1562;2792
1555;2794
1545;2797
1538;2799
1532;2802
1528;2804
1525;2806
1523;2809
1520;2811
1519;2814
1517;2817
1512;2820
1503;2822
1498;2824
1494;2827
1496;2829
1499;2832
1501;2834
1503;2836
1504;2839
1501;2841
1497;2844
1493;2846
1483;2848
1473;2851
1467;2853
1460;2856
1458;2859
1458;2862
1460;2864
1463;2866
1463;2869
1460;2871
1457;2874
1456;2876
1456;2878
1458;2881
1460;2883
1465;2886
1472;2888
1482;2890
1494;2893
1502;2895
1513;2898
1516;2900
1512;2904
1513;2906
1517;2908
1516;2911
1521;2913
1527;2916
1529;2918
1533;2920
1542;2923
1543;2925
1551;2928
1570;2930
1593;2932
1628;2935
1659;2937
1632;2940
1590;2942
1562;2946
1543;2948
1532;2950
1525;2953
1517;2955
1507;2958
1498;2960
1491;2962
1485;2965
1483;2967
1485;2970
1493;2972
1499;2974
1495;2977
1486;2979
1484;2982
1490;2984
1509;2988
1545;2990
1567;2992
1596;2995
1616;2997
1592;3000
1578;3002
1573;3004
1580;3007
1596;3009
1601;3012
1597;3014
1590;3017
1585;3019
1571;3021
1542;3024
1532;3026
1530;3030
1519;3032
1490;3034
1467;3037
1456;3039
1444;3042
1438;3044
1431;3046
1420;3049
1409;3051
1404;3054
1404;3056
1405;3059
1412;3061
1421;3063
1438;3066
1460;3068
1480;3072
1510;3074
1550;3076
1565;3079
1548;3081
1523;3084
1518;3086
1517;3088
1524;3091
1538;3093
1538;3096
1534;3098
1508;3101
1490;3103
1477;3105
1468;3108
1462;3110
1461;3113
1464;3116
1470;3118
1478;3121
1491;3123
1502;3126
1510;3128
1519;3130
1514;3133
1511;3135
1513;3138
1532;3140
1548;3143
1542;3145
1517;3147
1487;3150
1473;3152
1464;3155
1446;3158
1433;3160
1424;3163
1416;3165
1404;3168
1394;3170
1390;3172
1393;3175
1390;3177
1383;3180
1363;3182
1347;3185
1332;3187
1321;3189
1315;3192
1311;3194
1310;3197
1306;3200
1303;3202
1298;3205
1287;3207
1284;3210
1285;3212
1287;3215
1295;3217
1310;3219
1320;3222
1308;3224
1296;3227
1286;3229
1277;3231
1275;3234
1277;3236
1284;3239
1298;3241
1302;3244
1296;3247
1294;3249
1299;3252
1306;3254
1311;3257
1313;3259
1307;3261
1304;3264
1308;3266
1320;3269
1339;3271
1357;3273
1359;3276
1380;3278
1397;3281
1400;3283
1384;3286
1376;3289
1370;3291
1366;3294
1365;3296
1365;3299
1364;3301
1361;3303
1363;3306
1368;3308
1372;3311
1373;3313
1375;3315
1385;3318
1397;3320
1402;3323
1404;3325
1408;3328
1404;3331
1400;3333
1409;3336
1410;3338
1390;3341
1377;3343
1367;3345
1363;3348
1367;3350
1370;3353
1368;3355
1380;3357
1399;3360
1417;3362
1427;3365
1423;3367
1398;3369
1377;3373
1366;3375
1365;3378
1359;3380
1354;3383
1353;3385
1353;3387
1353;3390
1352;3392
1345;3395
1343;3397
1342;3399
1344;3402
1348;3404
1348;3407
1346;3409
1350;3412
1354;3415
1362;3417
1377;3420
1394;3422
1408;3425
1399;3427
1391;3429
1392;3432
1402;3434
1402;3437
1401;3439
1396;3441
1396;3444
1396;3446
1391;3449
1391;3451
1388;3454
1385;3457
1389;3459
1399;3462
1411;3464
1418;3467
1413;3469
1420;3471
1434;3474
1459;3476
1476;3479
1474;3481
1467;3483
1453;3486
1436;3488
1431;3491
1433;3493
1441;3496
1444;3499
1451;3501
1458;3504
1463;3506
1457;3509
1450;3511
1440;3513
1437;3516
1436;3518
1437;3521
1438;3523
1443;3525
1449;3528
1460;3530
1477;3533
1484;3535
1477;3538
1466;3540
1455;3543
1450;3546
1448;3548
1448;3551
1450;3553
1452;3555
1449;3558
1451;3560
1453;3563
1456;3565
1456;3567
1459;3570
1460;3572
1462;3575
1465;3577
1468;3580
1471;3582
1470;3585
1464;3588
1467;3590
1471;3593
1475;3595
1468;3597
1451;3600
1444;3602
1442;3605
1441;3607
1440;3609
1441;3612
1441;3614
1436;3617
1433;3619
1425;3622
1428;3624
1437;3627
1451;3630
1460;3632
1457;3635
1455;3637
1456;3639
1458;3642
1456;3644
1455;3647
1460;3649
1471;3652
1483;3654
1490;3656
1483;3659
1481;3661
1484;3664
1487;3666
1492;3668
1490;3672
1488;3674
1488;3677
1486;3679
1491;3681
1495;3684
1492;3686
1490;3689
1486;3691
1486;3694
1494;3696
1508;3698
1512;3701
1503;3703
1495;3706
1500;3708
1509;3710
1529;3714
1540;3716
1535;3719
1527;3721
1521;3723
1524;3726
1535;3728
1541;3731
1543;3733
1534;3736
1531;3738
1530;3740
1525;3743
1524;3745
1526;3748
1528;3750
1533;3752
1535;3756
1534;3758
1526;3761
1523;3763
1521;3765
1520;3768
1521;3770
1526;3773
1527;3775
1539;3778
1552;3780
1559;3782
1555;3785
1538;3787
1515;3790
1507;3792
1507;3794
1512;3798
1526;3800
1533;3803
1534;3805
1522;3807
1510;3810
1505;3812
1502;3815
1501;3817
1499;3820
1498;3822
1496;3824
1495;3827
1496;3829
1498;3832
1503;3834
1505;3836
1514;3840
1528;3842
1534;3845
1529;3847
1526;3850
1531;3852
1533;3854
1528;3857
1522;3859
1520;3862
1520;3864
1526;3866
1532;3869
1520;3871
1512;3874
1511;3876
1513;3878
1519;3881
1525;3884
1531;3887
1532;3889
1532;3892
1540;3894
1545;3896
1545;3899
1532;3901
1524;3904
1521;3906
1521;3908
1523;3911
1521;3913
1518;3916
1515;3918
1514;3920
1515;3923
1518;3926
1522;3929
1527;3931
1532;3934
1538;3936
1532;3938
1525;3941
1529;3943
1541;3946
1557;3948
1558;3950
1544;3953
1527;3955
1522;3958
1520;3960
1517;3962
1516;3965
1514;3968
1515;3971
1514;3973
1517;3976
1517;3978
1510;3980
1503;3983
1495;3985
1493;3988
1491;3990
1488;3992
1485;3995
1483;3997
1483;4000
1483;4002
1484;4004
1488;4007
1490;4009
1496;4013
1502;4015
1502;4018
1502;4020
1496;4022
1497;4025
1490;4027
1483;4030
1482;4032
1488;4034
1499;4037
1504;4039
1502;4042
1494;4044
1482;4047
1481;4049
1488;4051
1499;4055
1505;4057
1482;4060
1467;4062
1459;4064
1455;4067
1453;4069
1450;4072
1448;4074
1448;4076
1450;4079
1456;4081
1464;4084
1475;4086
1477;4089
1475;4091
1470;4093
1467;4097
1469;4099
1467;4102
1468;4104
1470;4106
1476;4109
1480;4111
1479;4114
1479;4116
1483;4118
1486;4121
1486;4123
1481;4126
1470;4128
1462;4131
1465;4133
1472;4135
1479;4139
1477;4141
1470;4144
1466;4146
1462;4148
1460;4151
1464;4153
1467;4156
1467;4158
1466;4160
1466;4163
1466;4165
1473;4168
1477;4170
1476;4173
1473;4175
1475;4177
1478;4180
1475;4183
1466;4186
1462;4188
1464;4190
1471;4193
1486;4195
1497;4198
1491;4200
1482;4202
1484;4205
1487;4207
1487;4210
1488;4212
1483;4215
1468;4217
1458;4219
1451;4222
1450;4225
1451;4228
1451;4230
1452;4232
1451;4235
1455;4237
1458;4240
1463;4242
1458;4245
1451;4247
1451;4249
1454;4252
1461;4254
1474;4257
1478;4259
1483;4261
1495;4264
1509;4267
1527;4270
1526;4272
1499;4274
1478;4277
1471;4279
1468;4282
1468;4284
1461;4287
1456;4289
1453;4291
1457;4294
1463;4296
1472;4299
1479;4301
1472;4303
1465;4306
1466;4308
1462;4312
1461;4314
1464;4316
1465;4319
1469;4321
1478;4324
1485;4326
1491;4329
1486;4331
1488;4333
1495;4336
1499;4338
1501;4341
1502;4343
1500;4345
1502;4348
1513;4350
1519;4354
1534;4356
1540;4358
1521;4361
1506;4363
1505;4366
1507;4368
1513;4371
1513;4373
1507;4375
1494;4378
1489;4380
1489;4383
1491;4385
1494;4387
1494;4390
1491;4392
1489;4396
1493;4398
1498;4400
1510;4403
1514;4405
1508;4408
1503;4410
1503;4413
1510;4415
1521;4417
1539;4420
1558;4422
1558;4425
1543;4427
1541;4429
1540;4432
1546;4434
1536;4438
1528;4440
1528;4442
1528;4445
1522;4447
1511;4450
1503;4452
1499;4455
1499;4457
1503;4459
1503;4462
1501;4464
1500;4467
1496;4469
1496;4471
1497;4474
1501;4476
1504;4480
1503;4482
1502;4484
1508;4487
1518;4489
1536;4492
1546;4494
1541;4497
1538;4499
1541;4501
1543;4504
1534;4506
1520;4509
1520;4511
1521;4513
1516;4516
1506;4518
1497;4521
1498;4524
1501;4526
1500;4529
1498;4531
1496;4534
1492;4536
1487;4539
1480;4541
1466;4543
1461;4546
1460;4548
1459;4551
1460;4553
1458;4555
1459;4558
1465;4560
1480;4563
1494;4566
1504;4569
1493;4571
1472;4573
1463;4576
1461;4578
1460;4581
1462;4583
1464;4585
1466;4588
1462;4590
1458;4593
1455;4595
1456;4597
1456;4600
1455;4602
1462;4605
1466;4608
1468;4611
1465;4613
1465;4615
1465;4618
1469;4620
1468;4623
1466;4625
1469;4627
1482;4630
1496;4632
1506;4635
1506;4637
1501;4639
1489;4642
1486;4644
1499;4647
1513;4649
1524;4653
1508;4655
1492;4657
1489;4660
1497;4662
1501;4665
1509;4667
1507;4669
1493;4672
1480;4674
1472;4677
1467;4679
1465;4681
1462;4684
1461;4686
1460;4689
1460;4691
1461;4695
1462;4697
1464;4699
1467;4702
1473;4704
1479;4707
1479;4709
1483;4711
1483;4714
1480;4716
1480;4719
1475;4721
1480;4723
1494;4726
1498;4728
1504;4731
1514;4733
1501;4737
1478;4739
1470;4741
1463;4744
1458;4746
1456;4749
1455;4751
1456;4753
1455;4756
1455;4758
1457;4761
1458;4763
1459;4766
1459;4768
1459;4770
1459;4773
1463;4775
1468;4779
1474;4781
1479;4783
1477;4786
1475;4788
1478;4791
1486;4793
1497;4795
1499;4798
1495;4800
1492;4803
1489;4805
1484;4808
1473;4810
1467;4812
1471;4815
1480;4817
1487;4820
1491;4823
1485;4825
1476;4828
1471;4830
1473;4833
1474;4835
1468;4837
1463;4840
1458;4842
1455;4845
1451;4847
1448;4850
1448;4852
1451;4854
1457;4857
1465;4859
1467;4862
1463;4865
1460;4867
1463;4870
1468;4872
1475;4875
1479;4877
1477;4879
1474;4882
1476;4884
1487;4887
1499;4889
1492;4892
1488;4894
1490;4896
1491;4899
1486;4901
1488;4904
1489;4907
1484;4909
1483;4912
1476;4914
1469;4917
1469;4919
1470;4921
1471;4924
1474;4926
1477;4929
1475;4931
1470;4934
1467;4936
1465;4938
1468;4941
1475;4943
1483;4946
1492;4948
1496;4951
1490;4954
1486;4956
1484;4959
1485;4961
1490;4964
1500;4966
1507;4968
1508;4971
1517;4973
1521;4976
1513;4978
1506;4980
1503;4983
1499;4985
1489;4988
1483;4990
1479;4993
1478;4996
1482;4998
1488;5001
1491;5003
1486;5006
1482;5008
1478;5010
1474;5013
1473;5015
1475;5018
1479;5020
1485;5022
1491;5025
1491;5027
1488;5030
1486;5032
1485;5035
1489;5038
1492;5040
1498;5043
1503;5045
1511;5048
1512;5050
1514;5052
1511;5055
1509;5057
1502;5060
1496;5062
1488;5064
1487;5067
1489;5069
1482;5072
1479;5074
1475;5076
1472;5080
1470;5082
1468;5085
1467;5087
1468;5090
1472;5092
1478;5094
1482;5097
1483;5099
1481;5102
1479;5104
1480;5106
1484;5109
1488;5111
1492;5114
1491;5116
1490;5118
1490;5122
1489;5124
1493;5127
1493;5129
1503;5132
1515;5134
1513;5136
1511;5139
1501;5141
1492;5144
1486;5146
1485;5148
1483;5151
1486;5153
1491;5156
1491;5158
1486;5160
1484;5164
1483;5166
1484;5169
1486;5171
1488;5174
1492;5176
1500;5178
1503;5181
1506;5183
1511;5186
1517;5188
1522;5190
1524;5193
1515;5195
1510;5198
1511;5200
1517;5203
1521;5206
1528;5208
1524;5211
1518;5213
1518;5216
1516;5218
1508;5220
1504;5223
1498;5225
1498;5228
1499;5230
1498;5232
1494;5235
1491;5237
1490;5240
1489;5242
1487;5245
1486;5248
1485;5250
1490;5253
1496;5255
1507;5258
1513;5260
1509;5262
1505;5265
1499;5267
1499;5270
1503;5272
1503;5274
1497;5277
1493;5279
1492;5282
1492;5284
1492;5287
1491;5289
1495;5292
1506;5295
1516;5297
1506;5300
1499;5302
1501;5304
1507;5307
1509;5309
1501;5312
1494;5314
1488;5316
1484;5319
1483;5321
1484;5324
1484;5326
1486;5329
1490;5331
1492;5334
1490;5337
1484;5339
1485;5342
1487;5344
1491;5346
1500;5349
1506;5351
1509;5354
1509;5356
1505;5358
1503;5361
1506;5363
1504;5366
1495;5368
1491;5371
1488;5373
1486;5376
1489;5379
1489;5381
1482;5384
1474;5386
1467;5388
1460;5391
1457;5393
1456;5396
1455;5398
1456;5401
1456;5403
1460;5405
1463;5408
1470;5410
1478;5413
1476;5415
1473;5417
1474;5421
1476;5423
1484;5426
1485;5428
1483;5430
1487;5433
1498;5435
1502;5438
1484;5440
1474;5443
1471;5445
1476;5447
1479;5450
1474;5452
1468;5455
1465;5457
1467;5459
1469;5463
1468;5465
1473;5468
1479;5470
1483;5472
1480;5475
1474;5477
1472;5480
1473;5482
1478;5485
1478;5487
1475;5489
1473;5492
1473;5494
1474;5497
1478;5499
1482;5501
1489;5505
1494;5507
1496;5510
1501;5512
1489;5514
1480;5517
1478;5519
1474;5522
1471;5524
1469;5527
1477;5529
1492;5531
1489;5534
1478;5536
1465;5539
1458;5541
1452;5543
1448;5547
1449;5549
1448;5552
1446;5554
1444;5556
1443;5559
1446;5561
1445;5564
1445;5566
1443;5569
1446;5571
1458;5573
1472;5576
1491;5578
1493;5581
1481;5583
1477;5585
1482;5588
1489;5591
1491;5594
1481;5596
1474;5599
1476;5601
1483;5603
1490;5606
1485;5608
1480;5611
1474;5613
1468;5615
1468;5618
1472;5620
1476;5623
1477;5625
1475;5627
1475;5630
1477;5633
1480;5636
1485;5638
1499;5641
1509;5643
1509;5645
1500;5648
1493;5650
1489;5653
1490;5655
1496;5657
1501;5660
1507;5662
1503;5665
1498;5667
1495;5669
1489;5672
1480;5675
1476;5678
1476;5680
1471;5683
1471;5685
1472;5687
1472;5690
1467;5692
1470;5695
1474;5697
1479;5699
1484;5702
1482;5704
1479;5707
1482;5709
1486;5711
1487;5714
1490;5716
1495;5720
1497;5722
1499;5725
1498;5727
1491;5729
1486;5732
1486;5734
1485;5737
1486;5739
1489;5741
1486;5744
1486;5746
1489;5749
1494;5751
1492;5753
1485;5756
1482;5758
1475;5762
1468;5764
1467;5767
1468;5769
1471;5771
1476;5774
1481;5776
1485;5779
1489;5781
1484;5783
1480;5786
1481;5788
1488;5791
1495;5793
1501;5796
1511;5798
1522;5800
1516;5804
1514;5806
1520;5809
1517;5811
1520;5813
1508;5816
1490;5818
1472;5821
1466;5823
1464;5825
1464;5828
1466;5830
1466;5833
1466;5835
1463;5838
1459;5840
1455;5842
1452;5846
1450;5848
1449;5851
1450;5853
1454;5855
1463;5858
1475;5860
1486;5863
1494;5865
1498;5867
1505;5870
1493;5872
1479;5875
1472;5877
1465;5880
1460;5882
1456;5884
1452;5888
1451;5890
1455;5893
1464;5895
1472;5897
1468;5900
1462;5902
1457;5905
1457;5907
1457;5909
1456;5912
1456;5914
1458;5917
1462;5919
1462;5922
1467;5924
1466;5926
1466;5929
1471;5932
1473;5935
1479;5937
1483;5939
1478;5942
1476;5944
1491;5947
1508;5949
1520;5951
1516;5954
1493;5956
1476;5959
1471;5961
1467;5964
1472;5966
1482;5968
1487;5971
1492;5974
1484;5977
1471;5979
1468;5981
1468;5984
1468;5986
1469;5989
1467;5991
1463;5994
1461;5996
1457;5998
1456;6001
1455;6003
1455;6006
1459;6008
1460;6010
1468;6013
1480;6016
1479;6019
1473;6021
1471;6023
1476;6026
1480;6028
1481;6031
1479;6033
1476;6036
1468;6038
1467;6040
1467;6043
1474;6045
1479;6048
1482;6050
1479;6052
1471;6055
1469;6057
1472;6061
1478;6063
1485;6065
1480;6068
1480;6070
1480;6073
1485;6075
1484;6078
1483;6080
1484;6082
1486;6085
1492;6087
1495;6090
1496;6092
1507;6094
1518;6097
1519;6099
1508;6103
1488;6105
1480;6107
1479;6110
1486;6112
1491;6115
1495;6117
1493;6120
1483;6122
1475;6124
1473;6127
1476;6129
1481;6132
1486;6134
1488;6136
1487;6139
1491;6141
1495;6145
1487;6147
1475;6149
1467;6152
1464;6154
1462;6157
1463;6159
1466;6162
1475;6164
1483;6166
1489;6169
1487;6171
1476;6174
1473;6176
1474;6178
1472;6181
1475;6183
1482;6187
1495;6189
1506;6192
1508;6194
1501;6196
1486;6199
1476;6201
1474;6204
1478;6206
1487;6208
1483;6211
1472;6213
1467;6216
1465;6218
1468;6220
1472;6223
1478;6225
1481;6228
1478;6231
1471;6234
1469;6236
1470;6238
1472;6241
1478;6243
1482;6246
1485;6248
1491;6250
1490;6253
1497;6255
1509;6258
1505;6260
1487;6262
1488;6265
1495;6267
1499;6270
1501;6273
1501;6276
1495;6278
1478;6280
1467;6283
1459;6285
1454;6288
1455;6290
1457;6292
1461;6295
1457;6297
1452;6300
1445;6302
1444;6304
1447;6307
1449;6309
1454;6312
1455;6315
1454;6318
1459;6320
1459;6322
1459;6325
1466;6327
1476;6330
1482;6332
1495;6334
1508;6337
1494;6339
1478;6342
1471;6344
1475;6347
1471;6349
1470;6351
1461;6354
1450;6356
1445;6360
1444;6362
1444;6364
1444;6367
1445;6369
1443;6372
1444;6374
1446;6376
1449;6379
1451;6381
1453;6384
1458;6386
1463;6389
1467;6391
1467;6393
1470;6396
1475;6398
1488;6402
1498;6404
1512;6406
1523;6409
1506;6411
1489;6414
1484;6416
1477;6418
1471;6421
1466;6423
1463;6426
1467;6428
1466;6431
1461;6433
1460;6435
1462;6438
1464;6440
1463;6444
1461;6446
1461;6448
1460;6451
1459;6453
1458;6456
1460;6458
1463;6460
1463;6463
1467;6465
1474;6468
1480;6470
1485;6473
1488;6475
1493;6477
1498;6480
1502;6482
1520;6486
1527;6488
1519;6490
1514;6493
1506;6495
1504;6498
1499;6500
1490;6502
1490;6505
1493;6507
1499;6510
1503;6512
1500;6515
1495;6517
1487;6519
1484;6522
1488;6524
1492;6528
1496;6530
1496;6532
1499;6535
1501;6537
1497;6540
1492;6542
1488;6544
1486;6547
1490;6549
1495;6552
1503;6554
1508;6557
1512;6559
1518;6561
1521;6564
1518;6566
1514;6569
1513;6572
1514;6574
1513;6577
1518;6579
1519;6582
1511;6584
1511;6586
1515;6589
1513;6591
1511;6594
1498;6596
1483;6599
1477;6601
1475;6603
1477;6606
1474;6608
1471;6611
1472;6614
1480;6616
1491;6619
1498;6621
1500;6624
1490;6626
1482;6628
1483;6631
1486;6633
1491;6636
1497;6638
1508;6641
1519;6643
1522;6645
1520;6648
1513;6650
1499;6653
1491;6656
1494;6658
1493;6661
1492;6663
1489;6666
1482;6668
1480;6671
1488;6673
1490;6675
1489;6678
1487;6680
1483;6683
1480;6685
1479;6687
1477;6690
1478;6692
1478;6695
1480;6697
1489;6700
1497;6703
1508;6705
1516;6708
1518;6710
1527;6713
1529;6715
1518;6717
1504;6720
1496;6722
1495;6725
1498;6727
1497;6729
1493;6732
1487;6734
1486;6737
1485;6739
1487;6742
1489;6745
1491;6747
1487;6750
1485;6752
1486;6755
1485;6757
1487;6759
1487;6762
1487;6764
1480;6767
1479;6769
1483;6771
1487;6774
1491;6776
1483;6779
1477;6781
1473;6784
1468;6787
1466;6789
1463;6792
1464;6794
1474;6797
1481;6799
1479;6801
1471;6804
1465;6806
1462;6809
1468;6811
1474;6813
1477;6816
1474;6818
1475;6821
1477;6823
1467;6825
1470;6829
1478;6831
1489;6834
1493;6836
1479;6839
1469;6841
1470;6843
1473;6846
1479;6848
1488;6851
1486;6853
1488;6855
1486;6858
1477;6860
1467;6863
1469;6865
1478;6868
1489;6871
1502;6873
1505;6876
1502;6878
1499;6881
1503;6883
1507;6885
1513;6888
1521;6890
1512;6893
1493;6895
1488;6897
1491;6900
1495;6902
1494;6905
1485;6907
1480;6910
1472;6913
1471;6915
1472;6918
1473;6920
1473;6923
1475;6925
1476;6927
1478;6930
1485;6932
1492;6935
1500;6937
1502;6939
1501;6942
1498;6944
1493;6947
1493;6949
1497;6952
1495;6955
1496;6957
1506;6960
1511;6962
1510;6965
1504;6967
1499;6969
1501;6972
1492;6974
1481;6977
1474;6979
1473;6981
1478;6984
1480;6986
1485;6989
1482;6991
1482;6994
1483;6996
1480;6999
1479;7002
1481;7004
1481;7007
1481;7009
1480;7011
1479;7014
1483;7016
1488;7019
1488;7021
1489;7023
1489;7026
1496;7028
1511;7031
1517;7033
1511;7036
1515;7038
1515;7041
1512;7044
1510;7046
1508;7049
1506;7051
1504;7053
1497;7056
1487;7058
1479;7061
1475;7063
1475;7066
1476;7068
1479;7070
1481;7073
1474;7075
1470;7078
1467;7080
1465;7083
1465;7086
1463;7088
1462;7091
1467;7093
1472;7095
1478;7098
1482;7100
1478;7103
1478;7105
1475;7108
1473;7110
1473;7112
1469;7115
1469;7117
1469;7120
1473;7122
1481;7124
1480;7128
1470;7130
1463;7133
1458;7135
1452;7137
1448;7140
1447;7142
1451;7145
1458;7147
1470;7150
1474;7152
1477;7154
1472;7157
1462;7159
1457;7162
1456;7164
1460;7166
1463;7170
1468;7172
1469;7175
1465;7177
1461;7179
1457;7182
1456;7184
1454;7187
1452;7189
1452;7192
1457;7194
1463;7196
1475;7199
1487;7201
1489;7204
1483;7206
1486;7208
1497;7212
1516;7214
1523;7217
1512;7219
1494;7221
1492;7224
1490;7226
1484;7229
1477;7231
1474;7234
1476;7236
1478;7238
1473;7241
1472;7243
1471;7246
1470;7248
1469;7250
1468;7254
1464;7256
1464;7259
1466;7261
1468;7264
1468;7266
1469;7268
1476;7271
1485;7273
1492;7276
1498;7278
1494;7280
1494;7283
1504;7285
1501;7288
1491;7290
1492;7292
1497;7296
1496;7298
1483;7301
1477;7303
1472;7306
1470;7308
1473;7310
1474;7313
1473;7315
1473;7318
1474;7320
1476;7322
1484;7325
1489;7327
1496;7330
1505;7332
1499;7334
1486;7337
1477;7340
1476;7343
1482;7345
1492;7348
1495;7350
1488;7352
1481;7355
1478;7357
1484;7360
1487;7362
1487;7364
1487;7367
1488;7369
1487;7372
1495;7374
1509;7376
1521;7379
1517;7382
1504;7385
1499;7387
1499;7390
1493;7392
1488;7394
1492;7397
1500;7399
1507;7402
1510;7404
1508;7406
1492;7409
1488;7411
1489;7414
1487;7416
1482;7419
1478;7421
1476;7424
1473;7427
1472;7429
1474;7432
1478;7434
1484;7436
1491;7439
1500;7441
1505;7444
1494;7446
1487;7448
1484;7451
1485;7453
1490;7456
1500;7458
1506;7461
1514;7463
1513;7465
1507;7469
1505;7471
1508;7474
1513;7476
1514;7478
1499;7481
1485;7483
1481;7486
1476;7488
1478;7490
1482;7493
1480;7495
1484;7498
1483;7500
1483;7503
1488;7505
1489;7507
1496;7511
1507;7513
1516;7516
1522;7518
1514;7520
1496;7523
1489;7525
1489;7528
1491;7530
1489;7532
1484;7535
1476;7537
1472;7540
1470;7542
1471;7545
1475;7547
1479;7549
1483;7553
1486;7555
1490;7558
1484;7560
1478;7562
1483;7565
1487;7567
1489;7570
1491;7572
1484;7574
1479;7577
1483;7579
1493;7582
1507;7584
1514;7587
1503;7589
1491;7591
1491;7595
1491;7597
1489;7600
1489;7602
1491;7604
1495;7607
1502;7609
1511;7612
1507;7614
1498;7616
1489;7619
1483;7621
1480;7624
1478;7626
1475;7629
1473;7631
1473;7633
1478;7636
1486;7639
1495;7642
1498;7644
1490;7646
1479;7649
1474;7651
1476;7654
1478;7656
1481;7659
1488;7661
1489;7663
1490;7666
1487;7668
1477;7671
1479;7673
1485;7675
1493;7678
1496;7681
1494;7684
1488;7686
1477;7688
1471;7691
1472;7693
1474;7696
1479;7698
1486;7701
1492;7703
1492;7705
1483;7708
1475;7710
1466;7713
1463;7715
1466;7717
1477;7720
1487;7723
1492;7726
1499;7728
1492;7730
1473;7733
1470;7735
1468;7738
1465;7740
1460;7743
1457;7745
1456;7747
1458;7750
1462;7752
1468;7755
1473;7757
1478;7759
1482;7762
1483;7764
1483;7768
1492;7770
1505;7772
1507;7775
1502;7777
1496;7780
1485;7782
1484;7785
1491;7787
1493;7789
1499;7792
1498;7794
1488;7797
1479;7799
1477;7801
1476;7804
1476;7806
1473;7810
1472;7812
1470;7814
1470;7817
1472;7819
1475;7822
1482;7824
1486;7827
1478;7829
1471;7831
1471;7834
1478;7836
1486;7839
1490;7841
1491;7843
1482;7846
1472;7848
1469;7852
1471;7854
1480;7857
1488;7859
1492;7861
1489;7864
1480;7866
1481;7869
1484;7871
1489;7873
1499;7876
1509;7878
1521;7881
1514;7883
1499;7885
1488;7888
1489;7890
1491;7894
1489;7896
1480;7899
1468;7901
1463;7903
1463;7906
1467;7908
1471;7911
1473;7913
1470;7915
1468;7918
1462;7920
1461;7923
1461;7925
1462;7927
1461;7930
1464;7932
1471;7936
1484;7938
1492;7941
1494;7943
1494;7945
1492;7948
1489;7950
1486;7953
1475;7955
1472;7957
1479;7960
1490;7962
1501;7965
1506;7967
1503;7969
1496;7972
1487;7974
1478;7977
1476;7980
1471;7983
1469;7985
1469;7987
1468;7990
1469;7992
1472;7995
1473;7997
1480;7999
1480;8002
1473;8004
1472;8007
1473;8009
1477;8011
1482;8014
1482;8016
1486;8019
1479;8022
1467;8025
1462;8027
1466;8029
1479;8032
1491;8034
1506;8037
1514;8039
1508;8041
1492;8044
1493;8046
1495;8049
1488;8051
1483;8053
1471;8056
1463;8058
1459;8061
1457;8064
1458;8067
1460;8069
1466;8071
1473;8074
1479;8076
1484;8079
1482;8081
1474;8083
1469;8086
1468;8088
1470;8091
1476;8093
1482;8095
1485;8098
1487;8100
1483;8103
1478;8105
1482;8109
1486;8111
1483;8113
1478;8116
1475;8118
1479;8121
1488;8123
1494;8125
1488;8128
1481;8130
1477;8133
1478;8135
1485;8138
1495;8140
1497;8142
1499;8145
1493;8147
1486;8151
1483;8153
1485;8155
1488;8158
1483;8160
1484;8163
1481;8165
1480;8167
1479;8170
1480;8172
1478;8175
1475;8177
1475;8180
1480;8182
1483;8184
1484;8187
1485;8189
1480;8193
1481;8195
1482;8197
1486;8200
1490;8202
1492;8205
1493;8207
1491;8209
1488;8212
1494;8214
1501;8217
1507;8219
1504;8222
1496;8224
1492;8226
1492;8229
1489;8231
1485;8235
1486;8237
1485;8239
1478;8242
1477;8244
1481;8247
1488;8249
1493;8251
1498;8254
1500;8256
1497;8259
1498;8261
1495;8264
1492;8266
1488;8268
1485;8271
1487;8273
1494;8276
1501;8279
1510;8281
1528;8284
1543;8286
1553;8289
1551;8291
1530;8293
1514;8296
1505;8298
1498;8301
1490;8303
1489;8306
1489;8308
1486;8310
1486;8313
1484;8315
1483;8318
1484;8321
1485;8323
1485;8326
1482;8328
1479;8331
1476;8333
1474;8336
1479;8338
1492;8340
1509;8343
1528;8345
1537;8348
1529;8350
1513;8352
1499;8355
1491;8357
1489;8360
1493;8363
1499;8365
1497;8368
1489;8370
1489;8373
1491;8375
1488;8378
1486;8380
1484;8382
1483;8385
1480;8387
1482;8390
1486;8392
1487;8394
1486;8397
1479;8399
1480;8402
1484;8404
1488;8407
1498;8410
1514;8412
1524;8415
1518;8417
1501;8420
1490;8422
1489;8424
1494;8427
1497;8429
1494;8432
1485;8434
1478;8436
1480;8439
1477;8441
1474;8444
1471;8446
1471;8449
1472;8452
1474;8454
1474;8457
1475;8459
1475;8462
1473;8464
1471;8466
1467;8469
1465;8471
1467;8474
1469;8476
1474;8478
1479;8481
1482;8483
1483;8486
1482;8488
1480;8492
1492;8494
1506;8496
1513;8499
1510;8501
1495;8504
1487;8506
1486;8508
1483;8511
1484;8513
1476;8516
1467;8518
1465;8520
1467;8523
1470;8525
1475;8528
1474;8530
1471;8534
1470;8536
1473;8538
1476;8541
1477;8543
1477;8546
1476;8548
1477;8550
1478;8553
1477;8555
1476;8558
1476;8560
1473;8562
1468;8565
1468;8567
1474;8570
1485;8572
1494;8576
1492;8578
1492;8580
1498;8583
1494;8585
1483;8588
1472;8590
1472;8592
1474;8595
1476;8597
1480;8600
1483;8602
1482;8604
1482;8607
1487;8609
1490;8612
1488;8614
1491;8617
1494;8620
1494;8622
1491;8625
1486;8627
1482;8630
1479;8632
1476;8634
1475;8637
1476;8639
1485;8642
1495;8644
1500;8646
1493;8649
1485;8651
1484;8654
1481;8656
1478;8659
1476;8662
1481;8664
1491;8667
1498;8669
1497;8672
1486;8674
1480;8676
1481;8679
1486;8681
1483;8684
1482;8686
1476;8688
1477;8691
1477;8693
1474;8696
1467;8698
1467;8701
1471;8704
1475;8706
1480;8709
1477;8711
1469;8714
1467;8716
1467;8718
1471;8721
1478;8723
1484;8726
1491;8728
1492;8731
1498;8733
1497;8735
1479;8738
1468;8740
1459;8743
1458;8745
1464;8748
1469;8751
1463;8753
1452;8756
1446;8758
1441;8760
1438;8763
1437;8765
1439;8768
1440;8770
1442;8773
1445;8775
1449;8777
1448;8780
1451;8782
1454;8785
1457;8787
1459;8790
1461;8793
1461;8795
1463;8798
1468;8800
1473;8802
1474;8805
1466;8807
1457;8810
1453;8812
1453;8815
1455;8817
1461;8819
1461;8822
1459;8824
1455;8827
1451;8829
1452;8832
1454;8835
1453;8837
1453;8840
1455;8842
1460;8844
1463;8847
1464;8849
1460;8852
1457;8854
1457;8857
1459;8859
1458;8861
1457;8864
1464;8866
1478;8869
1486;8871
1492;8873
1490;8877
1485;8879
1490;8882
1496;8884
1496;8886
1492;8889
1488;8891
1482;8894
1478;8896
1477;8899
1476;8901
1475;8903
1478;8906
1480;8908
1476;8911
1475;8913
1473;8915
1474;8919
1474;8921
1471;8924
1471;8926
1473;8929
1475;8931
1477;8933
1480;8936
1484;8938
1492;8941
1497;8943
1499;8945
1504;8948
1510;8950
1511;8953
1514;8955
1508;8957
1503;8961
1508;8963
1520;8966
1518;8968
1501;8971
1486;8973
1488;8975
1495;8978
1500;8980
1501;8983
1491;8985
1479;8987
1473;8990
1472;8992
1472;8995
1473;8997
1473;8999
1475;9003
1479;9005
1480;9008
1479;9010
1474;9013
1474;9015
1479;9017
1484;9020
1496;9022
1513;9025
1524;9027
1528;9029
1527;9032
1527;9034
1529;9037
1523;9039
1510;9041
1496;9044
1487;9047
1479;9050
1476;9052
1475;9055
1474;9057
1476;9059
1478;9062
1483;9064
1482;9067
1479;9069
1477;9071
1476;9074
1475;9076
1475;9079
1479;9081
1485;9084
1490;9086
1493;9089
1497;9092
1504;9094
1504;9097
1507;9099
1514;9101
1515;9104
1515;9106
1505;9109
1499;9111
1499;9113
1498;9116
1497;9118
1494;9121
1489;9123
1490;9126
1492;9128
1492;9131
1482;9134
1478;9136
1479;9139
1475;9141
1472;9143
1475;9146
1475;9148
1474;9151
1475;9153
1469;9155
1467;9158
1470;9160
1476;9163
1486;9165
1491;9168
1481;9170
1472;9172
1469;9176
1468;9178
1469;9181
1477;9183
1483;9185
1484;9188
1485;9190
1488;9193
1497;9195
1509;9197
1510;9200
1499;9202
1481;9205
1474;9207
1468;9210
1467;9212
1465;9214
1465;9218
1462;9220
1458;9223
1455;9225
1455;9227
1459;9230
1462;9232
1463;9235
1465;9237
1467;9239
1469;9242
1472;9244
1472;9247
1476;9249
1477;9252
1473;9254
1477;9256
1482;9260
1490;9262
1495;9265
1490;9267
1489;9269
1492;9272
1499;9274
1511;9277
1517;9279
1516;9282
1506;9284
1496;9286
1490;9289
1488;9291
1490;9294
1493;9296
1493;9298
1494;9302
1497;9304
1494;9307
1492;9309
1494;9311
1498;9314
1499;9316
1500;9319
1499;9321
1501;9324
1496;9326
1489;9328
1485;9331
1485;9333
1481;9336
1479;9338
1482;9340
1489;9344
1494;9346
1498;9349
1501;9351
1500;9353
1493;9356
1489;9358
1487;9361
1488;9363
1490;9366
1493;9368
1492;9370
1493;9373
1496;9375
1501;9378
1501;9380
1500;9382
1491;9385
1482;9388
1479;9391
1477;9393
1475;9395
1474;9398
1469;9400
1460;9403
1459;9405
1458;9408
1459;9410
1459;9412
1461;9415
1468;9417
1476;9420
1480;9422
1465;9424
1457;9427
1456;9430
1459;9433
1460;9435
1459;9437
1457;9440
1457;9442
1452;9445
1451;9447
1456;9450
1465;9452
1472;9454
1471;9457
1463;9459
1452;9462
1447;9464
1441;9466
1439;9469
1438;9472
1437;9475
1438;9477
1441;9479
1444;9482
1449;9484
1451;9487
1453;9489
1456;9492
1459;9494
1456;9496
1454;9499
1455;9501
1463;9504
1471;9506
1477;9508
1479;9511
1477;9513
1479;9517
1485;9519
1487;9522
1483;9524
1480;9526
1478;9529
1477;9531
1473;9534
1471;9536
1473;9538
1476;9541
1476;9543
1476;9546
1478;9548
1480;9550
1487;9553
1487;9555
1480;9559
1476;9561
1477;9564
1483;9566
1481;9568
1476;9571
1475;9573
1479;9576
1486;9578
1485;9580
1485;9583
1484;9585
1482;9588
1479;9590
1477;9592
1478;9595
1479;9597
1480;9601
1482;9603
1482;9606
1479;9608
1478;9610
1479;9613
1478;9615
1477;9618
1478;9620
1479;9622
1484;9625
1493;9627
1496;9630
1504;9632
1514;9634
1521;9637
1533;9639
1523;9643
1513;9645
1504;9648
1493;9650
1491;9652
1491;9655
1486;9657
1486;9660
1491;9662
1492;9664
1496;9667
1501;9669
1491;9672
1486;9674
1484;9676
1482;9679
1481;9681
1481;9684
1482;9687
1481;9690
1483;9692
1484;9694
1490;9697
1497;9699
1499;9702
1500;9704
1502;9706
1504;9709
1510;9711
1507;9714
1496;9716
1491;9719
1491;9721
1495;9723
1495;9726
1491;9729
1488;9732
1482;9734
1487;9736
1491;9739
1491;9741
1486;9744
1482;9746
1484;9748
1489;9751
1490;9753
1486;9756
1482;9758
1479;9761
1482;9763
1487;9765
1490;9768
1496;9771
1498;9774
1506;9776
1512;9778
1512;9781
1511;9783
1508;9786
1507;9788
1506;9790
1501;9793
1492;9795
1493;9798
1500;9800
1504;9803
1497;9805
1490;9807
1482;9810
1481;9812
1478;9816
1477;9818
1478;9820
1484;9823
1494;9825
1499;9828
1496;9830
1484;9832
1480;9835
1482;9837
1489;9840
1500;9842
1509;9845
1506;9847
1494;9849
1491;9852
1489;9854
1491;9858
1492;9860
1494;9862
1499;9865
1508;9867
1503;9870
1498;9872
1495;9874
1489;9877
1487;9879
1487;9882
1485;9884
1481;9887
1479;9889
1482;9891
1485;9894
1487;9896
1490;9900
1490;9902
1488;9904
1490;9907
1497;9909
1506;9912
1510;9914
1513;9916
1506;9919
1504;9921
1506;9924
1505;9926
1503;9929
1500;9931
1494;9933
1489;9936
1490;9938
1493;9942
1497;9944
1503;9946
1508;9949
1514;9951
1522;9954
1523;9956
1516;9959
1511;9961
1504;9963
1496;9966
1493;9968
1491;9971
1491;9973
1490;9975
1490;9978
1489;9980
1486;9984
1490;9986
1492;9988
1495;9991
1494;9993
1491;9996
1487;9998
1490;10001
1492;10003
1492;10005
1497;10008
1503;10010
1504;10013
1504;10015
1501;10018
1497;10020
1495;10023
1495;10025
1498;10029
1506;10031
1506;10034
1499;10036
1489;10038
1476;10041
1470;10043
1467;10046
1466;10048
1465;10051
1465;10053
1466;10056
1466;10058
1467;10061
1468;10063
1468;10066
1468;10068
1468;10071
1468;10074
1468;10076
1469;10079
1471;10081
1480;10084
1491;10086
1488;10089
1482;10091
1476;10094
1478;10096
1482;10099
1483;10101
1483;10103
1488;10106
1488;10108
1480;10112
1474;10114
1469;10117
1469;10119
1470;10122
1471;10124
1471;10127
1472;10129
1469;10132
1465;10134
1463;10136
1463;10139
1463;10141
1463;10144
1463;10146
1459;10149
1459;10151
1458;10155
1458;10157
1462;10160
1467;10162
1469;10165
1460;10167
1456;10170
1462;10172
1467;10174
1478;10177
1482;10179
1473;10182
1467;10184
1470;10187
1474;10189
1480;10192
1483;10194
1476;10198
1466;10200
1467;10203
1469;10205
1470;10207
1474;10210
1476;10212
1477;10215
1473;10217
1466;10220
1461;10222
1460;10225
1461;10227
1462;10230
1463;10232
1460;10235
1457;10237
1462;10240
1473;10243
1481;10245
1485;10248
1478;10250
1477;10253
1481;10255
1485;10258
1486;10260
1488;10263
1484;10265
1483;10268
1482;10270
1490;10272
1495;10275
1499;10277
1499;10280
1495;10283
1492;10286
1490;10288
1490;10291
1485;10293
1481;10296
1478;10298
1478;10301
1482;10303
1487;10306
1491;10308
1489;10310
1487;10313
1483;10315
1480;10318
1478;10320
1478;10323
1478;10326
1474;10329
1475;10331
1477;10334
1481;10336
1479;10339
1475;10341
1472;10343
1469;10346
1470;10348
1469;10351
1468;10353
1466;10356
1465;10358
1467;10361
1472;10363
1477;10366
1486;10369
1490;10372
1488;10374
1481;10376
1481;10379
1482;10381
1483;10384
1483;10386
1478;10389
1472;10391
1471;10394
1474;10396
1479;10399
1482;10401
1480;10404
1480;10406
1475;10408
1474;10412
1471;10414
1469;10417
1465;10419
1471;10422
1482;10424
1494;10427
1496;10429
1491;10432
1482;10434
1474;10437
1470;10439
1471;10441
1475;10444
1478;10446
1478;10449
1475;10451
1474;10455
1474;10457
1474;10460
1477;10462
1482;10465
1488;10467
1492;10470
1486;10472
1483;10474
1484;10477
1486;10479
1487;10482
1484;10484
1485;10487
1488;10489
1496;10492
1501;10494
1501;10498
1505;10500
1507;10503
1507;10505
1505;10507
1503;10510
1504;10512
1504;10515
1500;10517
1496;10520
1494;10522
1489;10525
1488;10527
1489;10530
1488;10532
1486;10535
1485;10537
1481;10540
1484;10543
1491;10545
1496;10548
1498;10550
1496;10553
1495;10555
1494;10558
1486;10560
1482;10563
1478;10565
1482;10568
1491;10570
1499;10572
1501;10575
1502;10577
1495;10580
1487;10583
1486;10586
1481;10588
1481;10591
1484;10593
1486;10596
1486;10598
1484;10601
1487;10603
1498;10605
1492;10608
1485;10610
1480;10613
1474;10615
1470;10618
1469;10620
1469;10624
1470;10626
1474;10629
1477;10631
1478;10634
1479;10636
1482;10638
1488;10641
1486;10643
1482;10646
1484;10648
1482;10651
1482;10653
1492;10656
1496;10658
1497;10661
1496;10663
1491;10667
1493;10669
1499;10671
1500;10674
1498;10676
1491;10679
1485;10681
1484;10684
1482;10686
1478;10689
1475;10691
1473;10694
1474;10696
1476;10699
1483;10701
1488;10703
1489;10706
1485;10708
1477;10712
1474;10714
1475;10717
1475;10719
1482;10722
1492;10724
1492;10727
1486;10729
1483;10732
1485;10734
1491;10736
1498;10739
1496;10741
1497;10744
1495;10746
1492;10749
1491;10752
1488;10755
1484;10757
1481;10760
1478;10762
1477;10765
1476;10767
1475;10769
1474;10772
1472;10774
1469;10777
1469;10779
1474;10782
1483;10784
1487;10787
1486;10789
1481;10792
1481;10795
1479;10798
1478;10800
1481;10802
1487;10805
1499;10807
1517;10810
1526;10812
1518;10815
1503;10817
1494;10820
1492;10822
1492;10825
1494;10827
1494;10830
1490;10832
1488;10834
1487;10838
1483;10840
1478;10843
1472;10845
1469;10848
1472;10850
1477;10853
1476;10855
1473;10858
1470;10860
1471;10863
1472;10865
1469;10867
1470;10870
1470;10872
1473;10875
1479;10877
1485;10881
1483;10883
1487;10886
1491;10888
1488;10891
1487;10893
1487;10896
1483;10898
1478;10900
1472;10903
1468;10905
1467;10908
1472;10910
1473;10913
1477;10915
1478;10918
1482;10920
1482;10924
1477;10926
1475;10929
1472;10931
1469;10933
1466;10936
1461;10938
1459;10941
1463;10943
1465;10946
1463;10948
1460;10951
1462;10953
1464;10956
1469;10958
1475;10961
1486;10963
1494;10967
1496;10969
1483;10971
1466;10974
1459;10976
1455;10979
1453;10981
1454;10984
1455;10986
1458;10989
1459;10991
1457;10994
1459;10996
1462;10999
1466;11001
1473;11003
1480;11006
1479;11009
1472;11012
1461;11014
1457;11017
1456;11019
1457;11022
1457;11024
1462;11027
1469;11029
1475;11032
1478;11034
1485;11036
1490;11039
1491;11041
1489;11044
1479;11046
1472;11049
1471;11052
1474;11055
1475;11057
1475;11060
1474;11062
1473;11065
1472;11067
1466;11069
1460;11072
1462;11074
1464;11077
1465;11079
1467;11082
1466;11084
1464;11087
1469;11089
1478;11092
1486;11095
1493;11098
1499;11100
1503;11102
1504;11105
1508;11107
1516;11110
1534;11112
1549;11115
1547;11117
1534;11120
1520;11122
1510;11125
1495;11127
1481;11130
1475;11132
1474;11134
1477;11138
1477;11140
1473;11143
1469;11145
1471;11148
1476;11150
1482;11153
1485;11155
1484;11158
1482;11160
1482;11163
1483;11165
1482;11167
1490;11170
1501;11172
1509;11175
1515;11177
1511;11181
1505;11183
1509;11186
1505;11188
1499;11191
1499;11193
1506;11196
1498;11198
1483;11201
1479;11203
1480;11205
1479;11208
1481;11210
1484;11213
1487;11215
1490;11218
1483;11220
1477;11224
1475;11226
1476;11229
1476;11231
1477;11234
1473;11236
1468;11238
1468;11241
1472;11243
1479;11246
1484;11248
1486;11251
1480;11253
1478;11256
1475;11258
1479;11261
1484;11264
1481;11267
1482;11269
1486;11271
1490;11274
1505;11276
1525;11279
1522;11281
1510;11284
1501;11286
1502;11289
1498;11291
1485;11294
1473;11296
1469;11299
1465;11301
1465;11303
1464;11307
1463;11309
1460;11312
1456;11314
1455;11317
1457;11319
1461;11322
1464;11324
1467;11327
1468;11329
1464;11332
1462;11334
1463;11336
1468;11339
1476;11341
1482;11344
1484;11346
1483;11350
1485;11352
1499;11355
1509;11357
1510;11360
1492;11362
1475;11365
1468;11367
1474;11369
1482;11372
1475;11374
1466;11377
1466;11379
1467;11382
1470;11384
1472;11387
1465;11389
1460;11393
1460;11395
1460;11398
1461;11400
1462;11402
1469;11405
1480;11407
1480;11410
1483;11412
1481;11415
1477;11417
1473;11420
1471;11422
1470;11425
1469;11427
1472;11430
1479;11432
1482;11435
1482;11438
1479;11440
1469;11443
1470;11445
1477;11448
1481;11450
1491;11453
1498;11455
1497;11458
1490;11460
1484;11463
1476;11465
1473;11468
1468;11470
1463;11472
1461;11475
1461;11478
1463;11481
1465;11483
1467;11486
1471;11488
1472;11491
1467;11493
1466;11496
1471;11498
1475;11501
1476;11503
1476;11505
1480;11508
1483;11510
1487;11513
1491;11515
1487;11518
1474;11521
1471;11524
1478;11526
1491;11529
1491;11531
1484;11534
1472;11536
1468;11538
1466;11541
1464;11543
1462;11546
1460;11548
1458;11551
1458;11553
1458;11556
1457;11558
1458;11561
1462;11564
1468;11567
1475;11569
1484;11571
1486;11574
1489;11576
1489;11579
1490;11581
1494;11584
1496;11586
1495;11589
1498;11591
1494;11594
1494;11596
1498;11599
1497;11601
1500;11603
1506;11607
1509;11609
1502;11612
1491;11614
1486;11617
1481;11619
1478;11622
1476;11624
1475;11627
1478;11629
1481;11632
1483;11634
1484;11636
1484;11639
1481;11641
1482;11644
1481;11646
1479;11650
1478;11652
1479;11655
1482;11657
1490;11660
1493;11662
1494;11665
1503;11667
1518;11670
1532;11672
1538;11674
1528;11677
1523;11679
1523;11682
1517;11684
1511;11687
1502;11689
1496;11693
1492;11695
1491;11698
1490;11700
1490;11703
1487;11705
1483;11707
1482;11710
1482;11712
1482;11715
1482;11717
1484;11720
1483;11722
1481;11725
1492;11727
1510;11730
1528;11732
1541;11736
1535;11738
1529;11740
1529;11743
1526;11745
1534;11748
1531;11750
1527;11753
1529;11755
1525;11758
1511;11760
1505;11763
1501;11765
1494;11768
1484;11770
1479;11772
1476;11776
1473;11778
1471;11781
1470;11783
1474;11786
1483;11788
1493;11791
1504;11793
1508;11796
1517;11798
1528;11801
1527;11803
1526;11805
1517;11808
1516;11810
1513;11813
1510;11815
1504;11819
1510;11821
1511;11824
1490;11826
1484;11829
1481;11831
1481;11834
1486;11836
1486;11839
1485;11841
1486;11843
1481;11846
1479;11848
1475;11851
1464;11853
1460;11856
1462;11858
1466;11862
1472;11864
1474;11867
1471;11869
1468;11872
1467;11874
1473;11876
1476;11879
1474;11881
1467;11884
1465;11886
1469;11889
1478;11891
1483;11894
1485;11896
1496;11899
1518;11901
1535;11905
1516;11907
1491;11909
1478;11912
1473;11914
1467;11917
1461;11919
1457;11922
1456;11924
1457;11927
1457;11929
1460;11932
1460;11934
1465;11937
1469;11939
1473;11941
1481;11944
1483;11947
1482;11950
1475;11952
1475;11955
1477;11957
1481;11960
1475;11962
1472;11965
1479;11967
1485;11970
1497;11972
1507;11974
1491;11977
1481;11979
1477;11982
1474;11984
1476;11987
1481;11990
1479;11993
1478;11995
1478;11998
1476;12000
1479;12003
1476;12005
1466;12008
1462;12010
1464;12012
1471;12015
1475;12017
1481;12020
1483;12022
1478;12025
1476;12027
1482;12030
1498;12033
1512;12036
1509;12038
1506;12041
1490;12043
1469;12045
1462;12048
1466;12050
1478;12053
1488;12055
1486;12058
1489;12060
1492;12063
1477;12065
1470;12068
1461;12070
1457;12073
1457;12076
1462;12078
1470;12081
1472;12083
1462;12086
1456;12088
1459;12091
1469;12093
1479;12096
1483;12098
1483;12101
1485;12103
1485;12106
1491;12108
1500;12110
1510;12113
1530;12115
1516;12119
1503;12121
1501;12124
1498;12126
1490;12129
1484;12131
1475;12134
1472;12136
1472;12139
1468;12141
1469;12143
1468;12146
1458;12148
1451;12151
1447;12153
1447;12156
1445;12158
1447;12162
1454;12164
1463;12167
1468;12169
1469;12172
1467;12174
1469;12177
1475;12179
1483;12181
1479;12184
1468;12186
1468;12189
1484;12191
1493;12194
1490;12196
1477;12199
1459;12201
1454;12205
1460;12207
1459;12210
1454;12212
1450;12214
1448;12217
1452;12219
1461;12222
1468;12224
1469;12227
1465;12229
1457;12232
1451;12234
1451;12237
1454;12239
1461;12242
1466;12244
1468;12247
1461;12250
1463;12252
1479;12255
1500;12257
1522;12260
1520;12262
1498;12265
1483;12267
1484;12270
1489;12272
1497;12275
1504;12277
1510;12279
1512;12282
1494;12284
1481;12288
1473;12290
1462;12293
1459;12295
1459;12298
1455;12300
1452;12303
1453;12305
1458;12308
1463;12310
1461;12312
1448;12315
1447;12317
1450;12320
1449;12322
1452;12325
1461;12327
1474;12331
1487;12333
1483;12336
1470;12338
1469;12341
1481;12343
1503;12345
1523;12348
1531;12350
1538;12353
1537;12355
1527;12358
1502;12360
1483;12363
1480;12365
1490;12368
1499;12370
1504;12374
1515;12376
1517;12379
1500;12381
1485;12383
1478;12386
1478;12388
1484;12391
1493;12393
1499;12396
1485;12398
1475;12401
1474;12403
1483;12406
1497;12408
1513;12411
1517;12413
1498;12416
1494;12419
1499;12421
1508;12424
1535;12426
1555;12429
1545;12431
1524;12434
1496;12436
1483;12439
1476;12441
1472;12444
1469;12446
1468;12448
1467;12451
1466;12453
1466;12456
1466;12459
1466;12462
1466;12464
1468;12467
1469;12469
1470;12472
1472;12474
1474;12477
1476;12479
1478;12481
1481;12484
1484;12486
1486;12489
1488;12491
1484;12494
1484;12496
1483;12499
1483;12502
1484;12505
1487;12507
1491;12510
1498;12512
1498;12514
1495;12517
1494;12519
1492;12522
1493;12524
1499;12527
1508;12529
1518;12532
1523;12534
1514;12537
1512;12539
1513;12542
1513;12545
1514;12548
1513;12550
1512;12552
1510;12555
1510;12557
1509;12560
1508;12562
1506;12565
1504;12567
1503;12570
1502;12572
1501;12575
1499;12577
1497;12580
1494;12582
1490;12584
1488;12588
1485;12590
1482;12593
1480;12595
1478;12598
1475;12600
1472;12603
1470;12605
1467;12608
1466;12610
1469;12613
1472;12615
1474;12617
1476;12620
1471;12622
1465;12625
1462;12627
1460;12631
1459;12633
1458;12636
1459;12638
1459;12641
1458;12643
1458;12646
1458;12648
1459;12650
1459;12653
1460;12655
1460;12658
1458;12660
1457;12663
1456;12665
1455;12668
1453;12670
1450;12674
1447;12676
1444;12679
1441;12681
1437;12684
1434;12686
1430;12688
1429;12691
1430;12693
1438;12696
1447;12698
1446;12701
1430;12703
1410;12706
1395;12708
1384;12711
1375;12713
1368;12717
1360;12719
1353;12721
1348;12724
1346;12726
1345;12729
1343;12731
1341;12734
1339;12736
1338;12739
1337;12741
1337;12744
1338;12746
1339;12749
1341;12751
1344;12754
1344;12756
1346;12759
1348;12762
1349;12764
1350;12767
1355;12769
1362;12772
1370;12774
1380;12777
1388;12779
1387;12782
1379;12784
1378;12787
1377;12789
1377;12791
1378;12794
1382;12796
1388;12800
1393;12802
1396;12805
1396;12807
1397;12810
1399;12812
1403;12815
1407;12817
1411;12820
1416;12822
1422;12824
1427;12827
1430;12829
1428;12832
1427;12834
1429;12837
1431;12839
1433;12843
1435;12845
1437;12848
1439;12850
1443;12853
1447;12855
1452;12857
1460;12860
1469;12862
1478;12865
1488;12867
1493;12870
1489;12872
1482;12875
1480;12877
1482;12880
1484;12882
1484;12886
1479;12888
1476;12890
1475;12893
1474;12895
1474;12898
1475;12900
1476;12903
1477;12905
1479;12908
1481;12910
1482;12913
1484;12915
1486;12918
1488;12920
1491;12922
1493;12925
1496;12928
1500;12931
1506;12933
1514;12936
1522;12938
1527;12941
1529;12943
1527;12946
1525;12948
1525;12951
1525;12953
1526;12955
1525;12958
1526;12960
1526;12963
1527;12965
1528;12968
1529;12971
1531;12974
1533;12976
1535;12979
1538;12981
1540;12984
1543;12986
1545;12988
1547;12991
1550;12993
1552;12996
1555;12998
1557;13001
1559;13003
1560;13006
1560;13008
1560;13011
1561;13014
1563;13017
1567;13019
1570;13021
1574;13024
1580;13026
1586;13029
1591;13031
1600;13034
1610;13036
1608;13039
1596;13041
1585;13044
1578;13046
1574;13049
1572;13051
1570;13053
1568;13057
1567;13059
1566;13062
1566;13064
1567;13067
1567;13069
1567;13072
1566;13074
1565;13077
1564;13079
1564;13082
1563;13084
1562;13086
1560;13089
1558;13091
1554;13094
1550;13096
1547;13100
1547;13102
1549;13105
1549;13107
1548;13110
1547;13112
1546;13115
1546;13117
1546;13119
1548;13122
1550;13124
1550;13127
1549;13129
1545;13132
1543;13134
1539;13137
1535;13139
1531;13143
1522;13145
1516;13148
1511;13150
1507;13152
1503;13155
1499;13157
1495;13160
1493;13162
1492;13165
1489;13167
1486;13170
1484;13172
1482;13175
1481;13177
1478;13180
1476;13182
1474;13186
1472;13188
1470;13190
1469;13193
1466;13195
1464;13198
1464;13200
1465;13203
1466;13205
1468;13208
1468;13210
1468;13213
1469;13215
1470;13218
1472;13220
1475;13222
1477;13225
1479;13228
1481;13231
1482;13233
1480;13236
1479;13238
1478;13241
1479;13243
1480;13246
1481;13248
1483;13251
1485;13253
1486;13255
1488;13258
1488;13260
1486;13263
1486;13265
1487;13268
1488;13271
1486;13274
1485;13276
1485;13279
1485;13281
1485;13284
1484;13286
1484;13288
1484;13291
1484;13293
1484;13296
1486;13298
1487;13301
1488;13303
1489;13306
1489;13308
1490;13312
1490;13314
1489;13317
1489;13319
1490;13321
1491;13324
1493;13326
1498;13329
1502;13331
1506;13334
1515;13336
1526;13339
1540;13341
1550;13344
1544;13346
1524;13349
1511;13351
1504;13353
1498;13357
1495;13359
1493;13362
1492;13364
1492;13367
1493;13369
1494;13372
1494;13374
1493;13377
1493;13379
1494;13382
1494;13384
1495;13386
1494;13389
1495;13391
1496;13394
1498;13396
1499;13400
1500;13402
1501;13405
1501;13407
1502;13410
1502;13412
1501;13415
1501;13417
1501;13419
1501;13422
1502;13424
1502;13427
1502;13429
1502;13432
1502;13434
1503;13437
1504;13440
1506;13443
1510;13445
1515;13448
1519;13450
1520;13453
1515;13455
1510;13457
1508;13460
1508;13462
1509;13465
1510;13467
1511;13470
1512;13472
1513;13475
1514;13477
1515;13480
1516;13483
1517;13486
1518;13488
1518;13490
1519;13493
1519;13495
1519;13498
1520;13500
1520;13503
1521;13505
1521;13508
1521;13510
1521;13513
1521;13515
1521;13518
1521;13520
1521;13522
1520;13526
1520;13528
1519;13531
1519;13533
1518;13536
1517;13538
1517;13541
1516;13543
1515;13546
1515;13548
1517;13551
1522;13553
1529;13555
1532;13558
1529;13560
1522;13563
1520;13565
1522;13569
1525;13571
1521;13574
1511;13576
1500;13579
1491;13581
1486;13584
1481;13586
1477;13588
1474;13591
1472;13593
1470;13596
1468;13598
1466;13601
1464;13603
1463;13606
1462;13608
1461;13612
1460;13614
1460;13617
1459;13619
1459;13621
1459;13624
1458;13626
1458;13629
1458;13631
1457;13634
1457;13636
1457;13639
1456;13641
1456;13644
1455;13646
1454;13649
1454;13651
1452;13654
1452;13657
1451;13659
1450;13662
1450;13664
1449;13667
1448;13669
1449;13672
1450;13674
1454;13677
1459;13679
1466;13682
1469;13684
1465;13687
1454;13689
1444;13691
1438;13694
1434;13697
1431;13700
1429;13702
1427;13705
1426;13707
1425;13710
1424;13712
1424;13715
1425;13717
1424;13720
1425;13722
1425;13724
1426;13727
1427;13729
1428;13732
1429;13734
1431;13737
1432;13740
1434;13743
1436;13745
1438;13748
1439;13750
1440;13753
1441;13755
1442;13757
1445;13760
1447;13762
1451;13765
1455;13767
1457;13770
1457;13772
1457;13775
1458;13777
1458;13780
1458;13783
1460;13786
1464;13788
1467;13790
1471;13793
1473;13795
1475;13798
1472;13800
1469;13803
1468;13805
1469;13808
1470;13810
1473;13813
1476;13815
1475;13818
1472;13820
1470;13822
1470;13826
1469;13828
1468;13831
1467;13833
1467;13836
1467;13838
1467;13841
1467;13843
1467;13846
1467;13848
1467;13851
1466;13853
1466;13855
1468;13858
1470;13860
1473;13863
1476;13865
1479;13869
1483;13871
1484;13874
1484;13876
1482;13879
1482;13881
1481;13884
1483;13886
1486;13888
1491;13891
1493;13893
1495;13896
1494;13898
1492;13901
1491;13903
1489;13906
1487;13908
1486;13912
1486;13914
1488;13917
1489;13919
1491;13921
1492;13924
1493;13926
1492;13929
1491;13931
1490;13934
1490;13936
1490;13939
1489;13941
1489;13944
1489;13946
1490;13949
1491;13952
1492;13955
1494;13957
1497;13959
1499;13962
1500;13964
1502;13967
1502;13969
1501;13972
1501;13974
1501;13977
1502;13979
1504;13982
1504;13984
1505;13987
1506;13989
1509;13991
1513;13995
1518;13997
1525;14000
1529;14002
1528;14005
1523;14007
1521;14010
1520;14012
1523;14015
1523;14017
1519;14020
1514;14022
1510;14024
1507;14027
1503;14029
1501;14032
1499;14034
1499;14038
1497;14040
1495;14043
1494;14045
1494;14048
1493;14050
1492;14053
1492;14055
1493;14057
1493;14060
1493;14062
1494;14065
1495;14067
1495;14070
1496;14072
1498;14075
1499;14077
1501;14081
1501;14083
1502;14086
1503;14088
1505;14091
1506;14093
1506;14095
1504;14098
1503;14100
1503;14103
1502;14105
1503;14108
1505;14110
1507;14113
1510;14115
1511;14118
1508;14120
1506;14124
1504;14126
1503;14128
1501;14131
1497;14133
