1504;2
1505;4
1507;7
1508;9
1507;11
1506;13
1505;16
1505;18
1507;20
1508;23
1508;25
1506;27
1506;30
1507;32
1508;34
1510;37
1513;39
1515;41
1513;44
1512;47
1511;49
1510;51
1513;54
1513;56
1512;58
1510;61
1511;63
1512;65
1510;68
1507;70
1505;72
1503;75
1502;77
1504;79
1505;81
1505;84
1505;87
1503;89
1502;92
1503;94
1506;96
1510;99
1509;101
1506;103
1502;106
1500;108
1498;110
1498;113
1499;115
1501;117
1505;120
1507;122
1506;125
1504;128
1504;130
1502;133
1498;135
1496;137
1495;140
1494;142
1496;144
1500;147
1504;149
1508;152
1510;154
1506;156
1498;159
1495;161
1493;163
1493;166
1493;168
1495;171
1497;174
1499;176
1500;179
1500;181
1500;183
1498;186
1497;188
1496;190
1494;193
1494;195
1494;197
1491;200
1489;202
1486;205
1485;207
1484;209
1483;212
1484;215
1485;217
1487;220
1487;222
1488;224
1489;227
1490;229
1495;232
1499;234
1501;236
1500;239
1499;241
1498;243
1497;246
1496;248
1495;250
1495;253
1494;256
1494;259
1492;261
1489;263
1488;266
1487;268
1487;270
1488;273
1489;275
1490;277
1491;280
1491;282
1490;284
1489;287
1489;289
1489;292
1489;294
1489;296
1490;300
1491;302
1492;304
1492;307
1492;309
1492;311
1493;314
1496;316
1499;319
1503;321
1505;323
1504;326
1503;328
1501;330
1498;333
1495;335
1492;337
1490;340
1486;343
1483;346
1481;348
1482;350
1484;353
1483;355
1481;357
1479;360
1478;362
1475;364
1474;367
1473;369
1473;372
1474;374
1476;376
1477;379
1478;381
1478;384
1478;387
1476;389
1476;391
1476;394
1476;396
1477;399
1478;401
1480;403
1480;406
1482;408
1484;410
1486;413
1484;415
1480;417
1480;420
1480;422
1480;425
1480;428
1483;430
1488;433
1494;435
1501;437
1501;440
1491;442
1482;444
1478;447
1475;449
1473;452
1472;454
1472;456
1472;459
1472;461
1472;463
1473;466
1474;468
1475;471
1476;474
1477;476
1479;479
1481;481
1484;483
1486;486
1486;488
1487;490
1487;493
1487;495
1487;497
1487;500
1485;502
1483;505
1480;507
1477;509
1474;513
1473;515
1473;517
1475;520
1479;522
1484;524
1482;527
1479;529
1477;532
1476;534
1475;536
1474;539
1473;541
1471;543
1469;546
1468;548
1467;550
1465;553
1463;556
1461;559
1458;561
1457;563
1456;566
1456;568
1457;570
1458;573
1458;575
1459;577
1464;580
1467;582
1471;585
1475;587
1477;589
1479;592
1481;594
1483;596
1479;600
1473;602
1470;604
1469;607
1471;609
1475;612
1475;614
1467;616
1463;619
1461;621
1460;623
1459;626
1460;628
1461;630
1463;633
1464;635
1467;638
1469;641
1469;643
1470;646
1468;648
1468;650
1468;653
1470;655
1472;657
1475;660
1478;662
1483;665
1487;667
1493;669
1496;672
1492;674
1490;676
1486;679
1483;681
1481;684
1482;687
1484;689
1486;692
1488;694
1491;696
1491;699
1490;701
1488;703
1487;706
1488;708
1489;710
1489;713
1489;715
1490;718
1491;720
1494;722
1496;726
1497;728
1498;730
1501;733
1503;735
1505;737
1505;740
1502;742
1499;745
1496;747
1495;749
1495;752
1496;754
1497;756
1499;759
1500;761
1503;763
1505;766
1503;769
1501;772
1501;774
1502;776
1499;779
1499;781
1501;783
1504;786
1502;788
1498;790
1492;793
1489;795
1486;798
1485;800
1484;802
1479;805
1476;807
1474;809
1472;813
1471;815
1470;817
1469;820
1470;822
1471;825
1471;827
1470;829
1471;832
1472;834
1473;836
1472;839
1472;841
1471;843
1470;846
1470;848
1472;851
1477;854
1482;856
1485;859
1483;861
1481;863
1482;866
1483;868
1486;870
1493;873
1498;875
1500;878
1500;880
1498;882
1495;885
1490;887
1486;889
1484;892
1485;894
1486;897
1486;900
1485;902
1487;905
1489;907
1492;909
1493;912
1493;914
1492;916
1492;919
1495;921
1498;923
1498;926
1497;928
1496;931
1496;933
1498;935
1498;939
1498;941
1498;943
1498;946
1499;948
1502;950
1505;953
1507;955
1509;958
1507;960
1507;962
1508;965
1511;967
1514;969
1516;972
1516;974
1514;976
1512;979
1513;982
1515;985
1520;987
1524;989
1523;992
1522;994
1522;996
1522;999
1522;1001
1524;1003
1523;1006
1519;1008
1518;1011
1514;1013
1513;1016
1512;1018
1513;1020
1513;1024
1511;1026
1511;1029
1511;1031
1511;1033
1511;1036
1512;1038
1513;1041
1515;1043
1517;1046
1520;1048
1522;1050
1522;1053
1521;1055
1521;1058
1525;1060
1525;1062
1523;1065
1521;1068
1524;1071
1528;1073
1531;1075
1527;1078
1517;1080
1509;1083
1505;1085
1502;1088
1499;1090
1497;1092
1495;1095
1494;1097
1495;1100
1496;1102
1497;1104
1497;1107
1494;1110
1489;1113
1486;1115
1483;1117
1482;1120
1480;1122
1478;1125
1477;1127
1479;1130
1482;1132
1486;1134
1490;1137
1491;1139
1483;1142
1474;1144
1470;1146
1469;1149
1469;1152
1465;1155
1461;1157
1459;1159
1456;1162
1454;1164
1453;1167
1454;1169
1457;1172
1462;1174
1465;1176
1466;1179
1460;1181
1457;1184
1454;1186
1452;1188
1450;1191
1449;1193
1448;1197
1447;1199
1447;1201
1447;1204
1448;1206
1451;1209
1451;1211
1451;1214
1453;1216
1453;1218
1454;1221
1458;1223
1464;1226
1469;1228
1463;1230
1457;1233
1452;1235
1453;1239
1457;1241
1461;1243
1464;1246
1463;1248
1460;1251
1458;1253
1458;1256
1459;1258
1457;1260
1455;1263
1457;1265
1459;1268
1461;1270
1463;1272
1465;1275
1468;1277
1472;1281
1471;1283
1470;1286
1472;1288
1475;1290
1480;1293
1487;1295
1487;1298
1482;1300
1481;1302
1482;1305
1481;1307
1483;1310
1480;1312
1475;1314
1472;1317
1472;1319
1474;1323
1478;1325
1483;1328
1487;1330
1486;1332
1480;1335
1476;1337
1473;1340
1472;1342
1471;1344
1471;1347
1473;1349
1476;1352
1478;1354
1477;1356
1475;1359
1473;1361
1472;1364
1471;1367
1472;1370
1472;1372
1473;1374
1474;1377
1476;1379
1478;1382
1483;1384
1487;1386
1487;1389
1490;1391
1490;1394
1488;1396
1485;1398
1486;1401
1487;1403
1487;1406
1485;1409
1483;1412
1482;1414
1482;1416
1484;1419
1487;1421
1489;1424
1489;1426
1488;1428
1486;1431
1485;1433
1484;1436
1484;1438
1487;1440
1491;1443
1492;1445
1487;1448
1484;1451
1482;1454
1480;1456
1479;1458
1478;1461
1478;1463
1477;1466
1477;1468
1478;1470
1478;1473
1477;1475
1476;1478
1476;1480
1475;1483
1474;1485
1473;1487
1474;1490
1476;1492
1478;1496
1481;1498
1484;1500
1483;1503
1480;1505
1478;1508
1477;1510
1477;1512
1476;1515
1477;1517
1478;1520
1478;1522
1478;1525
1479;1527
1478;1529
1474;1532
1472;1534
1472;1538
1471;1540
1471;1542
1471;1545
1472;1547
1474;1550
1477;1552
1482;1554
1484;1557
1485;1559
1485;1562
1483;1564
1479;1567
1478;1569
1478;1571
1479;1574
1480;1576
1483;1580
1483;1582
1479;1584
1479;1587
1479;1589
1478;1592
1479;1594
1478;1596
1477;1599
1476;1601
1477;1604
1478;1606
1478;1609
1478;1611
1479;1613
1480;1616
1482;1618
1485;1622
1488;1624
1484;1626
1481;1629
1478;1631
1477;1634
1476;1636
1475;1638
1476;1641
1478;1643
1480;1646
1482;1648
1484;1651
1485;1653
1485;1655
1486;1658
1489;1660
1492;1664
1491;1666
1486;1668
1485;1671
1485;1673
1487;1676
1488;1678
1487;1681
1483;1683
1481;1685
1480;1688
1482;1690
1484;1693
1488;1695
1495;1697
1496;1700
1493;1702
1490;1705
1486;1708
1481;1710
1479;1713
1478;1715
1477;1718
1476;1720
1474;1723
1472;1725
1472;1727
1473;1730
1473;1732
1471;1735
1469;1737
1469;1739
1469;1742
1468;1744
1468;1747
1470;1750
1473;1752
1477;1755
1481;1757
1481;1760
1478;1762
1475;1765
1473;1767
1472;1769
1473;1772
1475;1774
1478;1777
1481;1779
1482;1781
1480;1784
1479;1786
1479;1789
1478;1792
1479;1794
1483;1797
1487;1799
1492;1802
1494;1804
1496;1807
1493;1809
1487;1811
1485;1814
1483;1816
1482;1819
1481;1821
1479;1823
1479;1826
1481;1828
1484;1831
1486;1833
1487;1837
1488;1839
1489;1841
1485;1844
1482;1846
1480;1849
1478;1851
1477;1853
1478;1856
1479;1858
1481;1861
1482;1863
1483;1865
1484;1868
1485;1870
1487;1873
1491;1875
1489;1879
1486;1881
1483;1883
1480;1886
1479;1888
1479;1891
1481;1893
1483;1895
1485;1898
1487;1900
1486;1903
1482;1905
1478;1907
1479;1910
1479;1912
1482;1915
1482;1917
1477;1921
1473;1923
1472;1925
1471;1928
1470;1930
1470;1933
1470;1935
1471;1937
1472;1940
1475;1942
1476;1945
1478;1947
1478;1949
1478;1952
1477;1954
1481;1957
1485;1959
1490;1963
1491;1965
1488;1967
1482;1970
1481;1972
1483;1975
1483;1977
1484;1979
1486;1982
1487;1984
1486;1987
1483;1989
1480;1991
1480;1994
1476;1996
1473;1999
1470;2001
1469;2004
1469;2007
1469;2009
1470;2012
1471;2014
1472;2017
1473;2019
1473;2021
1473;2024
1475;2026
1478;2029
1480;2031
1479;2033
1478;2036
1478;2038
1479;2041
1479;2043
1478;2046
1477;2049
1478;2051
1479;2054
1482;2056
1485;2059
1483;2061
1482;2063
1482;2066
1482;2068
1480;2071
1478;2073
1479;2076
1481;2078
1484;2080
1487;2083
1488;2085
1485;2088
1480;2091
1475;2093
1472;2096
1471;2098
1470;2101
1470;2103
1470;2105
1470;2108
1469;2110
1469;2113
1467;2115
1467;2118
1466;2120
1466;2122
1466;2125
1466;2127
1467;2130
1467;2132
1468;2135
1472;2138
1476;2140
1479;2143
1476;2145
1471;2147
1471;2150
1474;2152
1477;2155
1482;2157
1486;2160
1485;2162
1482;2164
1479;2167
1478;2169
1480;2172
1476;2174
1473;2177
1469;2180
1464;2182
1463;2185
1461;2187
1459;2189
1456;2192
1455;2194
1454;2197
1453;2199
1453;2202
1452;2204
1451;2206
1452;2209
1452;2211
1453;2214
1455;2216
1457;2219
1461;2222
1463;2224
1462;2227
1462;2229
1459;2231
1458;2234
1460;2236
1463;2239
1465;2241
1466;2244
1466;2246
1467;2248
1468;2251
1469;2253
1466;2256
1465;2258
1465;2260
1465;2264
1468;2266
1471;2269
1473;2271
1473;2274
1473;2276
1470;2278
1470;2281
1470;2283
1471;2286
1471;2288
1472;2290
1472;2293
1473;2295
1475;2298
1477;2300
1477;2302
1476;2306
1472;2308
1467;2311
1466;2313
1466;2316
1466;2318
1467;2320
1467;2323
1468;2325
1470;2328
1470;2330
1472;2332
1473;2335
1470;2337
1468;2340
1467;2342
1467;2344
1466;2348
1464;2350
1463;2353
1463;2355
1463;2358
1463;2360
1463;2362
1465;2365
1467;2367
1468;2370
1470;2372
1471;2374
1472;2377
1473;2379
1472;2382
1473;2384
1475;2386
1474;2390
1471;2392
1472;2395
1473;2397
1474;2400
1471;2402
1470;2404
1471;2407
1470;2409
1469;2412
1470;2414
1472;2416
1473;2419
1473;2421
1470;2424
1468;2426
1467;2428
1468;2432
1472;2434
1476;2437
1480;2439
1479;2442
1478;2444
1475;2446
1474;2449
1471;2451
1468;2454
1467;2456
1466;2458
1467;2461
1469;2463
1470;2466
1472;2468
1475;2471
1478;2473
1482;2476
1482;2479
1482;2481
1480;2484
1482;2486
1487;2488
1488;2491
1490;2493
1494;2496
1490;2498
1484;2500
1480;2503
1480;2505
1482;2508
1481;2510
1482;2513
1485;2515
1489;2518
1484;2521
1476;2523
1474;2526
1472;2528
1469;2530
1467;2533
1465;2535
1465;2538
1464;2540
1464;2542
1464;2545
1464;2547
1464;2550
1464;2552
1465;2555
1465;2557
1466;2560
1467;2563
1467;2565
1469;2568
1472;2570
1474;2572
1477;2575
1474;2577
1470;2580
1468;2582
1467;2584
1467;2587
1467;2589
1467;2592
1466;2594
1466;2597
1466;2599
1466;2601
1466;2605
1467;2607
1467;2610
1469;2612
1474;2614
1481;2617
1486;2619
1488;2622
1479;2624
1467;2626
1457;2629
1451;2631
1448;2634
1446;2636
1447;2639
1448;2641
1447;2643
1446;2647
1445;2649
1444;2652
1444;2654
1445;2656
1446;2659
1447;2661
1449;2664
1452;2666
1457;2669
1463;2671
1467;2673
1466;2676
1463;2678
1461;2681
1461;2683
1466;2685
1469;2689
1474;2691
1479;2694
1485;2696
1492;2698
1500;2701
1510;2703
1525;2706
1544;2708
1562;2711
1583;2713
1589;2715
1585;2718
1589;2720
1598;2723
1610;2725
1624;2727
1642;2731
1665;2733
1684;2736
1709;2738
1730;2740
1742;2743
1743;2745
1751;2748
1762;2750
1776;2753
1791;2755
1804;2757
1813;2760
1823;2762
1833;2765
1847;2767
1857;2769
1866;2772
1875;2775
1880;2778
1887;2780
1892;2782
1898;2785
1904;2787
1909;2790
1913;2792
1913;2795
1913;2797
1909;2799
1899;2802
1894;2804
1897;2807
1898;2809
1895;2811
1891;2814
1886;2817
1882;2820
1884;2822
1886;2824
1884;2827
1867;2829
1850;2832
1827;2834
1811;2837
1798;2839
1790;2841
1783;2844
1779;2846
1773;2849
1770;2851
1769;2853
1764;2856
1744;2859
1729;2862
1720;2864
1716;2866
1719;2869
1721;2871
1723;2874
1723;2876
1721;2879
1713;2881
1705;2883
1692;2886
1687;2888
1694;2891
1711;2893
1736;2895
1750;2898
1746;2900
1746;2904
1727;2906
1686;2908
1656;2911
1636;2913
1629;2916
1627;2918
1630;2921
1633;2923
1618;2925
1609;2928
1600;2930
1572;2933
1538;2935
1525;2937
1521;2940
1526;2942
1543;2946
1566;2948
1546;2951
1505;2953
1439;2955
1386;2958
1350;2960
1322;2963
1302;2965
1295;2967
1291;2970
1280;2972
1270;2975
1265;2977
1249;2979
1234;2982
1221;2984
1215;2988
1214;2990
1220;2993
1230;2995
1236;2997
1221;3000
1208;3002
1201;3005
1207;3007
1208;3009
1224;3012
1236;3014
1234;3017
1233;3019
1222;3021
1217;3024
1202;3026
1177;3030
1148;3032
1118;3035
1102;3037
1084;3039
1060;3042
1050;3044
1042;3047
1045;3049
1059;3051
1069;3054
1083;3056
1098;3059
1080;3061
1059;3063
1052;3066
1058;3068
1073;3072
1081;3074
1089;3077
1099;3079
1115;3081
1124;3084
1133;3086
1136;3089
1141;3091
1153;3093
1168;3096
1199;3098
1221;3101
1238;3103
1242;3105
1239;3108
1240;3110
1231;3113
1208;3116
1202;3119
1199;3121
1191;3123
1175;3126
1164;3128
1166;3131
1168;3133
1172;3135
1181;3138
1180;3140
1178;3143
1185;3145
1198;3148
1196;3150
1194;3152
1202;3155
1188;3158
1191;3161
1198;3163
1194;3165
1204;3168
1198;3170
1163;3173
1124;3175
1108;3177
1111;3180
1120;3182
1114;3185
1096;3187
1067;3190
1040;3192
1027;3194
1015;3197
1014;3200
1018;3203
1019;3205
1023;3207
1032;3210
1044;3212
1061;3215
1081;3217
1100;3219
1129;3222
1152;3224
1123;3227
1080;3229
1059;3232
1062;3234
1075;3236
1081;3239
1088;3241
1097;3245
1088;3247
1089;3249
1081;3252
1057;3254
1048;3257
1056;3259
1068;3261
1069;3264
1067;3266
1051;3269
1032;3271
1028;3274
1029;3276
1054;3278
1099;3281
1145;3283
1139;3287
1100;3289
1083;3291
1072;3294
1058;3296
1044;3299
1037;3301
1021;3303
1005;3306
987;3308
969;3311
958;3313
948;3315
941;3318
935;3320
926;3322
927;3325
933;3328
929;3331
940;3333
957;3335
977;3338
986;3340
1019;3342
1065;3345
1076;3347
1075;3350
1081;3352
1079;3354
1054;3357
1033;3359
1005;3362
1000;3364
1031;3367
1078;3369
1122;3372
1142;3375
1130;3377
1103;3380
1093;3382
1080;3384
1079;3387
1090;3389
1118;3392
1137;3394
1147;3396
1159;3399
1167;3401
1178;3404
1191;3406
1202;3409
1235;3411
1272;3414
1312;3417
1346;3419
1348;3422
1357;3424
1378;3426
1389;3429
1396;3431
1408;3434
1416;3436
1433;3438
1485;3441
1521;3443
1546;3446
1549;3448
1503;3451
1478;3453
1472;3456
1463;3459
1462;3461
1469;3464
1478;3466
1499;3468
1522;3471
1542;3473
1577;3476
1597;3478
1619;3480
1644;3483
1638;3485
1651;3488
1674;3490
1697;3493
1725;3495
1737;3497
1730;3501
1733;3503
1723;3506
1725;3508
1747;3510
1792;3513
1811;3515
1826;3518
1804;3520
1745;3522
1682;3525
1637;3527
1622;3530
1623;3532
1630;3535
1636;3537
1640;3539
1637;3543
1632;3545
1632;3548
1634;3550
1651;3552
1676;3555
1704;3557
1727;3560
1731;3562
1726;3565
1750;3567
1767;3569
1753;3572
1739;3574
1730;3577
1712;3579
1690;3581
1668;3585
1660;3587
1665;3590
1681;3592
1695;3594
1684;3597
1671;3599
1664;3602
1664;3604
1676;3607
1672;3609
1658;3611
1653;3614
1665;3616
1669;3619
1661;3621
1650;3623
1645;3627
1648;3629
1660;3632
1661;3634
1665;3636
1661;3639
1677;3641
1690;3644
1683;3646
1656;3649
1643;3651
1621;3653
1603;3656
1591;3658
1588;3661
1599;3663
1616;3665
1623;3668
1620;3671
1602;3674
1574;3676
1566;3678
1552;3681
1548;3683
1565;3686
1598;3688
1618;3691
1616;3693
1602;3695
1594;3698
1588;3700
1585;3703
1591;3705
1600;3707
1598;3710
1590;3713
1584;3716
1592;3718
1605;3720
1610;3723
1612;3725
1598;3728
1595;3730
1586;3733
1572;3735
1577;3737
1594;3740
1610;3742
1622;3745
1624;3747
1628;3749
1653;3752
1676;3755
1691;3758
1689;3760
1687;3763
1698;3765
1712;3767
1702;3770
1696;3772
1690;3775
1701;3777
1706;3779
1709;3782
1695;3784
1698;3787
1710;3789
1703;3791
1696;3794
1683;3796
1676;3800
1680;3802
1676;3805
1669;3807
1663;3809
1675;3812
1708;3814
1730;3817
1748;3819
1754;3821
1752;3824
1743;3826
1724;3829
1726;3831
1738;3833
1740;3836
1742;3838
1747;3842
1745;3844
1733;3847
1729;3849
1730;3851
1722;3854
1704;3856
1697;3859
1690;3861
1690;3863
1697;3866
1699;3868
1708;3871
1704;3873
1704;3875
1706;3878
1710;3880
1712;3884
1720;3886
1722;3889
1728;3891
1739;3893
1739;3896
1723;3898
1709;3901
1699;3903
1697;3905
1698;3908
1707;3910
1706;3913
1714;3915
1722;3917
1719;3920
1720;3922
1706;3926
1695;3928
1691;3931
1686;3933
1681;3935
1682;3938
1686;3940
1705;3943
1704;3945
1687;3947
1684;3950
1699;3952
1708;3955
1698;3957
1681;3960
1685;3962
1692;3964
1691;3968
1684;3970
1676;3973
1675;3975
1666;3977
1654;3980
1643;3982
1640;3985
1632;3987
1638;3989
1645;3992
1647;3994
1644;3997
1644;3999
1637;4002
1627;4004
1625;4006
1640;4009
1650;4012
1677;4015
1694;4017
1669;4019
1635;4022
1621;4024
1637;4027
1664;4029
1684;4031
1672;4034
1656;4036
1633;4039
1626;4041
1641;4044
1643;4046
1640;4048
1647;4051
1649;4054
1646;4057
1645;4059
1646;4061
1644;4064
1636;4066
1641;4069
1652;4071
1668;4073
1658;4076
1624;4078
1617;4081
1620;4083
1626;4086
1623;4088
1604;4090
1592;4093
1592;4096
1597;4099
1597;4101
1607;4103
1599;4106
1600;4108
1608;4111
1615;4113
1611;4115
1581;4118
1562;4120
1553;4123
1551;4125
1553;4128
1546;4130
1542;4132
1544;4135
1553;4137
1566;4141
1577;4143
1560;4145
1538;4148
1535;4150
1537;4153
1538;4155
1544;4157
1540;4160
1529;4162
1516;4165
1509;4167
1503;4170
1491;4172
1482;4174
1488;4177
1494;4179
1519;4183
1536;4185
1543;4187
1532;4190
1514;4192
1499;4195
1492;4197
1486;4199
1482;4202
1487;4204
1502;4207
1521;4209
1522;4212
1512;4214
1494;4216
1482;4219
1470;4221
1479;4225
1508;4227
1534;4229
1534;4232
1505;4234
1489;4237
1486;4239
1493;4242
1482;4244
1470;4246
1466;4249
1466;4251
1468;4254
1464;4256
1461;4258
1455;4261
1447;4263
1445;4267
1447;4269
1449;4271
1459;4274
1460;4276
1478;4279
1507;4281
1499;4284
1489;4286
1473;4288
1461;4291
1460;4293
1454;4296
1465;4298
1480;4300
1484;4303
1483;4305
1462;4308
1446;4311
1459;4313
1472;4316
1473;4318
1463;4321
1452;4323
1450;4326
1443;4328
1447;4330
1445;4333
1438;4335
1431;4338
1433;4340
1436;4342
1437;4345
1440;4347
1450;4350
1470;4353
1495;4355
1513;4358
1482;4360
1452;4363
1451;4365
1473;4368
1509;4370
1513;4372
1504;4375
1507;4377
1502;4380
1487;4382
1479;4384
1468;4387
1465;4389
1467;4392
1443;4395
1428;4397
1421;4400
1434;4402
1444;4405
1444;4407
1452;4410
1475;4412
1487;4414
1487;4417
1474;4419
1463;4422
1461;4424
1471;4426
1487;4429
1492;4431
1502;4434
1496;4436
1496;4439
1482;4442
1469;4444
1470;4447
1462;4449
1450;4452
1450;4454
1459;4456
1467;4459
1460;4461
1458;4464
1452;4466
1445;4468
1432;4471
1425;4473
1437;4476
1454;4478
1467;4481
1486;4484
1489;4486
1490;4489
1479;4491
1470;4494
1461;4496
1456;4498
1459;4501
1459;4503
1441;4506
1435;4508
1431;4510
1439;4513
1445;4515
1457;4518
1465;4520
1464;4523
1473;4526
1471;4528
1439;4531
1422;4533
1417;4536
1432;4538
1447;4540
1459;4543
1461;4545
1473;4548
1477;4550
1460;4552
1449;4555
1449;4557
1469;4560
1484;4562
1502;4564
1504;4568
1487;4570
1470;4573
1458;4575
1455;4578
1446;4580
1440;4582
1439;4585
1437;4587
1434;4590
1440;4592
1444;4594
1440;4597
1438;4599
1435;4602
1426;4604
1422;4608
1427;4610
1432;4612
1434;4615
1439;4617
1446;4620
1468;4622
1492;4624
1505;4627
1507;4629
1491;4632
1494;4634
1503;4636
1511;4639
1508;4641
1489;4644
1473;4646
1467;4649
1458;4652
1444;4654
1436;4657
1430;4659
1440;4662
1448;4664
1431;4666
1413;4669
1407;4671
1398;4674
1389;4676
1385;4678
1389;4681
1394;4683
1396;4686
1407;4688
1430;4691
1445;4694
1450;4696
1463;4699
1479;4701
1495;4704
1499;4706
1499;4708
1488;4711
1473;4713
1462;4716
1451;4718
1449;4720
1456;4723
1460;4725
1457;4728
1459;4730
1458;4733
1448;4736
1436;4738
1435;4741
1428;4743
1421;4746
1415;4748
1397;4750
1385;4753
1389;4755
1409;4758
1432;4760
1466;4762
1480;4765
1494;4767
1488;4770
1476;4772
1462;4775
1469;4777
1491;4780
1518;4783
1536;4785
1532;4788
1491;4790
1456;4792
1452;4795
1461;4797
1463;4800
1477;4802
1484;4805
1489;4807
1490;4809
1463;4812
1437;4814
1428;4817
1438;4819
1452;4822
1468;4825
1496;4827
1514;4830
1534;4832
1545;4834
1531;4837
1501;4839
1490;4842
1494;4844
1500;4847
1486;4849
1489;4851
1492;4854
1491;4856
1484;4859
1463;4861
1456;4864
1463;4867
1468;4869
1481;4872
1495;4874
1517;4876
1531;4879
1525;4881
1492;4884
1462;4886
1448;4889
1439;4891
1457;4893
1473;4896
1480;4898
1488;4901
1495;4903
1492;4905
1479;4909
1476;4911
1479;4914
1475;4916
1458;4918
1450;4921
1456;4923
1467;4926
1473;4928
1469;4931
1468;4933
1470;4935
1472;4938
1477;4940
1489;4943
1471;4945
1450;4947
1444;4951
1443;4953
1449;4956
1470;4958
1492;4960
1502;4963
1503;4965
1497;4968
1484;4970
1486;4973
1483;4975
1476;4977
1463;4980
1455;4982
1459;4985
1447;4987
1436;4989
1439;4993
1440;4995
1447;4998
1453;5000
1450;5003
1443;5005
1457;5007
1475;5010
1488;5012
1484;5015
1466;5017
1467;5019
1500;5022
1537;5024
1548;5027
1556;5029
1561;5031
1541;5035
1520;5037
1509;5040
1524;5042
1553;5045
1561;5047
1544;5049
1525;5052
1496;5054
1483;5057
1480;5059
1478;5061
1483;5064
1488;5066
1494;5069
1499;5071
1501;5073
1491;5076
1479;5079
1464;5082
1466;5084
1479;5087
1501;5089
1525;5091
1538;5094
1564;5096
1559;5099
1540;5101
1518;5103
1505;5106
1499;5108
1504;5111
1499;5113
1490;5115
1488;5118
1492;5121
1493;5124
1477;5126
1447;5129
1428;5131
1423;5133
1426;5136
1430;5138
1430;5141
1425;5143
1430;5145
1440;5148
1461;5150
1480;5153
1497;5155
1509;5157
1512;5160
1513;5163
1506;5166
1489;5168
1469;5171
1459;5173
1454;5175
1447;5178
1462;5180
1489;5183
1512;5185
1522;5187
1497;5190
1469;5192
1452;5195
1446;5197
1439;5200
1427;5202
1423;5204
1414;5208
1393;5210
1378;5213
1388;5215
1414;5217
1441;5220
1455;5222
1479;5225
1477;5227
1474;5229
1488;5232
1495;5234
1499;5237
1485;5239
1481;5242
1472;5244
1454;5246
1432;5250
1427;5252
1435;5255
1448;5257
1451;5259
1447;5262
1434;5264
1419;5267
1419;5269
1442;5271
1454;5274
1448;5276
1437;5279
1442;5281
1439;5284
1434;5286
1438;5288
1458;5292
1471;5294
1478;5297
1462;5299
1430;5301
1414;5304
1408;5306
1410;5309
1409;5311
1415;5313
1421;5316
1428;5318
1439;5321
1436;5323
1455;5326
1493;5328
1515;5330
1522;5334
1510;5336
1472;5339
1461;5341
1461;5343
1470;5346
1479;5348
1488;5351
1482;5353
1475;5355
1479;5358
1483;5360
1515;5363
1548;5365
1557;5368
1539;5370
1507;5372
1478;5376
1469;5378
1470;5381
1468;5383
1460;5385
1440;5388
1430;5390
1430;5393
1435;5395
1441;5397
1445;5400
1445;5402
1460;5405
1489;5407
1522;5410
1535;5412
1510;5414
1486;5417
1484;5420
1480;5423
1489;5425
1510;5427
1532;5430
1546;5432
1521;5435
1490;5437
1482;5440
1475;5442
1466;5444
1445;5447
1436;5449
1442;5452
1445;5454
1448;5456
1445;5459
1450;5462
1447;5465
1445;5467
1453;5469
1452;5472
1456;5474
1464;5477
1485;5479
1516;5482
1518;5484
1526;5486
1534;5489
1513;5491
1491;5494
1502;5496
1523;5498
1528;5501
1512;5504
1505;5507
1508;5509
1512;5511
1489;5514
1464;5516
1449;5519
1434;5521
1429;5524
1424;5526
1416;5528
1418;5531
1420;5533
1426;5536
1429;5538
1444;5540
1463;5543
1482;5545
1482;5549
1463;5551
1457;5553
1468;5556
1489;5558
1525;5561
1554;5563
1565;5566
1535;5568
1492;5570
1469;5573
1460;5575
1463;5578
1474;5580
1477;5582
1470;5585
1460;5587
1459;5591
1448;5593
1439;5595
1434;5598
1437;5600
1441;5603
1454;5605
1459;5608
1448;5610
1440;5612
1449;5615
1477;5617
1503;5620
1524;5622
1540;5624
1577;5627
1623;5629
1638;5633
1599;5635
1521;5638
1487;5640
1486;5642
1498;5645
1513;5647
1513;5650
1495;5652
1476;5654
1465;5657
1458;5659
1455;5662
1460;5664
1465;5666
1477;5669
1465;5671
1454;5675
1451;5677
1458;5680
1456;5682
1469;5684
1505;5687
1528;5689
1544;5692
1552;5694
1525;5696
1490;5699
1484;5701
1487;5704
1477;5706
1477;5708
1472;5711
1471;5713
1477;5716
1468;5719
1467;5722
1464;5724
1468;5726
1473;5729
1466;5731
1457;5734
1446;5736
1444;5738
1452;5741
1460;5743
1456;5746
1427;5748
1422;5750
1438;5753
1464;5755
1482;5758
1460;5761
1440;5764
1434;5766
1448;5768
1476;5771
1470;5773
1438;5776
1428;5778
1445;5780
1471;5783
1479;5785
1458;5788
1441;5790
1435;5792
1432;5795
1438;5797
1442;5800
1441;5803
1438;5806
1431;5808
1421;5810
1415;5813
1434;5815
1464;5818
1487;5820
1513;5822
1548;5825
1550;5827
1529;5830
1502;5832
1496;5835
1514;5837
1539;5839
1531;5842
1516;5844
1500;5848
1507;5850
1503;5852
1506;5855
1494;5857
1455;5860
1431;5862
1426;5864
1431;5867
1443;5869
1450;5872
1459;5874
1470;5877
1467;5879
1470;5881
1479;5884
1496;5886
1525;5890
1551;5892
1561;5894
1584;5897
1600;5899
1577;5902
1571;5904
1558;5906
1546;5909
1545;5911
1519;5914
1513;5916
1511;5919
1503;5921
1505;5923
1485;5926
1453;5928
1437;5932
1430;5934
1425;5936
1426;5939
1428;5941
1434;5944
1433;5946
1437;5948
1448;5951
1456;5953
1468;5956
1493;5958
1506;5961
1514;5963
1504;5965
1493;5968
1501;5970
1488;5974
1458;5976
1439;5978
1447;5981
1468;5983
1482;5986
1465;5988
1432;5991
1416;5993
1419;5995
1424;5998
1432;6000
1442;6003
1434;6005
1428;6007
1424;6010
1420;6012
1415;6016
1400;6018
1388;6020
1392;6023
1404;6025
1416;6028
1438;6030
1453;6033
1454;6035
1450;6037
1420;6040
1413;6042
1415;6045
1416;6047
1429;6049
1449;6052
1488;6054
1513;6057
1492;6060
1457;6062
1432;6065
1433;6067
1446;6070
1462;6072
1433;6075
1425;6077
1431;6079
1437;6082
1440;6084
1423;6087
1402;6089
1393;6091
1389;6094
1388;6096
1391;6099
1397;6102
1405;6104
1418;6107
1414;6109
1420;6112
1440;6114
1447;6117
1453;6119
1465;6121
1465;6124
1461;6126
1470;6129
1505;6131
1526;6133
1489;6136
1473;6138
1462;6141
1474;6144
1491;6146
1511;6149
1506;6151
1481;6154
1443;6156
1411;6159
1387;6161
1382;6163
1393;6166
1411;6168
1422;6171
1430;6173
1427;6175
1434;6178
1450;6180
1461;6183
1459;6185
1466;6189
1476;6191
1498;6193
1509;6196
1511;6198
1502;6201
1495;6203
1500;6205
1494;6208
1508;6210
1505;6213
1497;6215
1477;6217
1465;6220
1465;6222
1470;6225
1491;6227
1503;6231
1497;6233
1494;6235
1472;6238
1439;6240
1421;6243
1412;6245
1424;6247
1440;6250
1433;6252
1433;6255
1441;6257
1461;6259
1487;6262
1495;6264
1484;6267
1480;6269
1482;6273
1488;6275
1524;6277
1556;6280
1577;6282
1571;6285
1548;6287
1521;6289
1525;6292
1500;6294
1484;6297
1475;6299
1514;6301
1599;6304
1661;6306
1704;6309
1696;6311
1630;6315
1576;6317
1534;6319
1492;6322
1472;6324
1474;6327
1473;6329
1472;6331
1476;6334
1496;6336
1517;6339
1556;6341
1556;6343
1524;6346
1524;6348
1522;6351
1535;6353
1545;6356
1536;6359
1528;6361
1507;6364
1520;6366
1544;6369
1529;6371
1488;6373
1463;6376
1443;6378
1429;6381
1426;6383
1417;6385
1416;6388
1428;6390
1450;6393
1472;6395
1453;6398
1439;6401
1432;6403
1433;6406
1443;6408
1451;6411
1471;6413
1501;6415
1528;6418
1530;6420
1482;6423
1451;6425
1438;6427
1435;6430
1431;6432
1448;6435
1470;6437
1466;6440
1449;6443
1439;6445
1430;6448
1439;6450
1460;6453
1483;6455
1504;6457
1484;6460
1470;6462
1454;6465
1426;6467
1418;6469
1409;6472
1405;6474
1404;6477
1407;6479
1423;6482
1418;6484
1414;6487
1422;6490
1439;6492
1464;6495
1482;6497
1517;6499
1532;6502
1523;6504
1505;6507
1495;6509
1483;6512
1473;6514
1467;6516
1465;6519
1466;6521
1469;6524
1472;6526
1468;6529
1455;6532
1449;6534
1441;6537
1442;6539
1437;6541
1419;6544
1421;6546
1425;6549
1436;6551
1446;6554
1454;6556
1468;6558
1463;6561
1465;6563
1481;6566
1467;6568
1464;6571
1480;6574
1506;6576
1537;6579
1538;6581
1520;6583
1497;6586
1468;6588
1460;6591
1470;6593
1476;6596
1469;6598
1465;6600
1448;6603
1429;6605
1426;6608
1422;6610
1417;6612
1416;6616
1425;6618
1449;6621
1484;6623
1509;6625
1526;6628
1522;6630
1532;6633
1539;6635
1511;6638
1491;6640
1480;6642
1484;6645
1488;6647
1496;6650
1491;6652
1468;6654
1448;6658
1454;6660
1469;6663
1479;6665
1477;6668
1473;6670
1480;6672
1485;6675
1475;6677
1473;6680
1477;6682
1490;6684
1512;6687
1492;6689
1485;6692
1489;6694
1503;6696
1517;6700
1498;6702
1477;6705
1472;6707
1475;6710
1484;6712
1477;6714
1452;6717
1441;6719
1443;6722
1449;6724
1459;6726
1462;6729
1448;6731
1468;6734
1504;6736
1533;6738
1547;6742
1548;6744
1534;6747
1530;6749
1552;6752
1558;6754
1529;6756
1499;6759
1483;6761
1465;6764
1452;6766
1453;6768
1452;6771
1447;6773
1439;6776
1435;6778
1429;6780
1426;6784
1429;6786
1437;6789
1448;6791
1465;6794
1461;6796
1442;6798
1436;6801
1458;6803
1498;6806
1542;6808
1572;6810
1587;6813
1587;6815
1587;6818
1562;6820
1519;6822
1485;6825
1477;6828
1465;6831
1451;6833
1441;6836
1440;6838
1444;6840
1447;6843
1456;6845
1452;6848
1447;6850
1448;6852
1443;6855
1456;6857
1471;6860
1487;6862
1508;6865
1521;6867
1543;6870
1554;6873
1539;6875
1535;6878
1515;6880
1486;6882
1476;6885
1475;6887
1478;6890
1491;6892
1513;6894
1528;6897
1513;6899
1484;6902
1467;6904
1459;6907
1453;6909
1464;6912
1477;6915
1491;6917
1480;6920
1452;6922
1428;6924
1430;6927
1448;6929
1464;6932
1464;6934
1467;6936
1479;6939
1499;6941
1521;6944
1536;6946
1542;6949
1546;6951
1535;6953
1518;6957
1515;6959
1517;6962
1513;6964
1513;6966
1506;6969
1494;6971
1502;6974
1518;6976
1523;6978
1493;6981
1463;6983
1458;6986
1460;6988
1456;6991
1450;6993
1442;6995
1437;6999
1436;7001
1432;7004
1433;7006
1442;7008
1449;7011
1458;7013
1467;7016
1467;7018
1485;7020
1511;7023
1533;7025
1548;7028
1541;7030
1539;7033
1545;7035
1565;7037
1575;7041
1570;7043
1564;7046
1566;7048
1538;7050
1495;7053
1467;7055
1462;7058
1459;7060
1451;7063
1450;7065
1462;7067
1467;7070
1454;7072
1447;7075
1456;7077
1457;7079
1457;7083
1461;7085
1460;7088
1454;7090
1453;7092
1464;7095
1477;7097
1493;7100
1506;7102
1515;7105
1516;7107
1525;7109
1526;7112
1510;7114
1494;7117
1467;7119
1474;7121
1500;7124
1519;7127
1536;7130
1525;7132
1502;7134
1495;7137
1489;7139
1489;7142
1469;7144
1450;7147
1441;7149
1442;7151
1459;7154
1475;7156
1493;7159
1488;7161
1471;7163
1464;7166
1461;7169
1451;7172
1454;7174
1465;7176
1487;7179
1503;7181
1507;7184
1504;7186
1488;7189
1476;7191
1483;7193
1493;7196
1497;7198
1486;7201
1480;7203
1484;7205
1493;7208
1498;7211
1485;7214
1455;7216
1452;7218
1469;7221
1492;7223
1495;7226
1480;7228
1452;7231
1440;7233
1447;7235
1463;7238
1487;7240
1501;7243
1474;7245
1455;7247
1456;7250
1461;7252
1477;7256
1488;7258
1484;7260
1488;7263
1492;7265
1495;7268
1527;7270
1560;7273
1555;7275
1532;7277
1514;7280
1516;7282
1505;7285
1475;7287
1463;7289
1469;7292
1476;7294
1479;7298
1460;7300
1459;7303
1480;7305
1512;7307
1535;7310
1495;7312
1466;7315
1469;7317
1479;7319
1477;7322
1465;7324
1458;7327
1449;7329
1447;7331
1455;7334
1471;7336
1476;7340
1489;7342
1501;7345
1533;7347
1557;7349
1539;7352
1515;7354
1494;7357
1501;7359
1515;7361
1517;7364
1501;7366
1487;7369
1490;7371
1493;7373
1478;7376
1471;7378
1453;7382
1445;7384
1434;7387
1422;7389
1420;7391
1426;7394
1431;7396
1436;7399
1447;7401
1463;7403
1488;7406
1489;7408
1465;7411
1447;7413
1449;7415
1460;7418
1484;7420
1506;7424
1542;7426
1569;7429
1555;7431
1521;7433
1486;7436
1466;7438
1451;7441
1445;7443
1448;7445
1456;7448
1463;7450
1466;7453
1463;7455
1466;7458
1480;7460
1489;7462
1495;7465
1487;7468
1484;7471
1490;7473
1484;7475
1481;7478
1493;7480
1491;7483
1479;7485
1455;7487
1436;7490
1429;7492
1430;7495
1441;7497
1451;7500
1458;7502
1461;7504
1454;7507
1462;7510
1476;7513
1490;7515
1503;7517
1514;7520
1520;7522
1517;7525
1507;7527
1490;7529
1490;7532
1508;7534
1508;7537
1508;7539
1514;7542
1511;7544
1501;7546
1496;7549
1492;7552
1476;7555
1469;7557
1464;7559
1454;7562
1446;7564
1451;7567
1464;7569
1474;7571
1482;7574
1478;7576
1470;7579
1469;7581
1473;7584
1488;7586
1488;7588
1478;7591
1477;7593
1495;7597
1522;7599
1528;7601
1529;7604
1512;7606
1504;7609
1503;7611
1509;7613
1518;7616
1529;7618
1548;7621
1543;7623
1508;7626
1486;7628
1484;7630
1490;7633
1488;7635
1475;7639
1467;7641
1454;7643
1447;7646
1452;7648
1465;7651
1484;7653
1490;7655
1503;7658
1507;7660
1516;7663
1539;7665
1579;7668
1579;7670
1548;7672
1517;7675
1509;7677
1519;7681
1532;7683
1527;7685
1511;7688
1496;7690
1488;7693
1485;7695
1486;7698
1468;7700
1447;7702
1436;7705
1432;7707
1433;7710
1444;7712
1455;7714
1450;7717
1449;7719
1459;7723
1475;7725
1492;7727
1504;7730
1491;7732
1479;7735
1478;7737
1480;7740
1492;7742
1501;7744
1515;7747
1531;7749
1532;7752
1533;7754
1521;7756
1509;7759
1496;7761
1477;7764
1466;7767
1459;7769
1470;7772
1481;7774
1485;7777
1467;7779
1468;7782
1475;7784
1489;7786
1511;7789
1512;7791
1501;7794
1489;7796
1478;7798
1480;7801
1484;7803
1497;7806
1502;7809
1506;7811
1515;7814
1497;7816
1489;7819
1484;7821
1469;7824
1457;7826
1449;7828
1450;7831
1463;7833
1476;7836
1485;7838
1491;7840
1513;7843
1515;7845
1505;7848
1495;7851
1494;7853
1494;7856
1489;7858
1488;7861
1492;7863
1490;7866
1488;7868
1483;7870
1486;7873
1474;7875
1465;7878
1470;7880
1478;7882
1492;7885
1506;7887
1499;7890
1485;7892
1478;7896
1480;7898
1477;7900
1471;7903
1470;7905
1469;7908
1474;7910
1483;7912
1481;7915
1478;7917
1471;7920
1461;7922
1447;7924
1442;7927
1457;7929
1468;7932
1491;7934
1496;7938
1494;7940
1489;7942
1486;7945
1492;7947
1489;7950
1473;7952
1458;7954
1451;7957
1466;7959
1487;7962
1508;7964
1514;7966
1502;7969
1493;7971
1489;7974
1482;7976
1465;7980
1442;7982
1437;7984
1431;7987
1423;7989
1424;7992
1429;7994
1434;7996
1443;7999
1458;8001
1477;8004
1487;8006
1479;8008
1482;8011
1487;8013
1499;8016
1496;8018
1494;8022
1501;8024
1497;8026
1495;8029
1504;8031
1513;8034
1512;8036
1491;8038
1475;8041
1471;8043
1482;8046
1504;8048
1509;8050
1521;8053
1516;8055
1485;8058
1464;8060
1461;8064
1469;8066
1473;8068
1474;8071
1465;8073
1453;8076
1446;8078
1443;8080
1448;8083
1458;8085
1459;8088
1455;8090
1462;8092
1470;8095
1482;8097
1490;8100
1493;8102
1499;8105
1512;8108
1535;8110
1541;8113
1537;8115
1508;8118
1495;8120
1510;8122
1524;8125
1533;8127
1512;8130
1488;8132
1476;8134
1460;8137
1454;8139
1467;8142
1463;8144
1458;8147
1435;8150
1400;8152
1390;8155
1406;8157
1427;8160
1445;8162
1458;8164
1459;8167
1466;8169
1465;8172
1460;8174
1458;8176
1463;8179
1476;8181
1495;8184
1501;8186
1512;8189
1514;8192
1482;8194
1458;8197
1447;8199
1469;8202
1480;8204
1488;8206
1511;8209
1517;8211
1500;8214
1474;8216
1462;8219
1458;8221
1459;8223
1478;8226
1489;8228
1492;8231
1472;8233
1448;8236
1445;8239
1452;8241
1459;8244
1463;8246
1459;8248
1452;8251
1449;8253
1443;8256
1442;8258
1449;8261
1462;8263
1479;8265
1485;8268
1481;8270
1477;8273
1492;8275
1502;8278
1499;8281
1513;8283
1519;8286
1513;8288
1515;8290
1506;8293
1490;8295
1472;8298
1465;8300
1471;8303
1486;8305
1501;8307
1513;8310
1500;8312
1491;8315
1487;8317
1478;8320
1460;8323
1455;8325
1456;8328
1452;8330
1458;8332
1467;8335
1471;8337
1467;8340
1456;8342
1450;8345
1454;8347
1463;8349
1484;8352
1495;8354
1503;8357
1514;8359
1511;8361
1530;8365
1543;8367
1532;8370
1506;8372
1491;8374
1489;8377
1491;8379
1492;8382
1483;8384
1474;8387
1479;8389
1485;8391
1494;8394
1510;8396
1500;8399
1471;8401
1450;8403
1438;8407
1429;8409
1424;8412
1422;8414
1424;8417
1436;8419
1450;8421
1457;8424
1469;8426
1480;8429
1491;8431
1506;8433
1496;8436
1476;8438
1474;8441
1486;8443
1497;8445
1511;8449
1496;8451
1491;8454
1497;8456
1501;8459
1505;8461
1501;8463
1489;8466
1477;8468
1470;8471
1459;8473
1454;8475
1449;8478
1452;8480
1456;8483
1463;8485
1470;8487
1466;8491
1460;8493
1457;8496
1462;8498
1464;8501
1465;8503
1477;8505
1470;8508
1463;8510
1457;8513
1461;8515
1469;8517
1465;8520
1460;8522
1474;8525
1495;8527
1519;8529
1543;8532
1560;8535
1556;8538
1548;8540
1528;8543
1509;8545
1482;8547
1463;8550
1449;8552
1448;8555
1451;8557
1460;8559
1464;8562
1490;8564
1514;8567
1500;8569
1477;8571
1460;8574
1460;8577
1472;8580
1485;8582
1492;8585
1496;8587
1504;8589
1510;8592
1518;8594
1508;8597
1489;8599
1482;8601
1479;8604
1481;8606
1488;8609
1502;8611
1494;8614
1493;8616
1489;8619
1487;8622
1496;8624
1510;8627
1527;8629
1543;8631
1537;8634
1533;8636
1537;8639
1510;8641
1494;8643
1482;8646
1476;8648
1472;8651
1463;8653
1456;8656
1446;8658
1439;8660
1436;8664
1438;8666
1440;8669
1443;8671
1455;8673
1469;8676
1492;8678
1505;8681
1505;8683
1525;8685
1549;8688
1564;8690
1559;8693
1535;8695
1520;8698
1517;8700
1522;8702
1517;8706
1492;8708
1478;8711
1473;8713
1470;8715
1473;8718
1463;8720
1448;8723
1445;8725
1449;8727
1446;8730
1440;8732
1431;8735
1424;8737
1423;8740
1417;8742
1423;8744
1444;8748
1464;8750
1483;8753
1520;8755
1538;8757
1553;8760
1557;8762
1559;8765
1540;8767
1530;8769
1537;8772
1526;8774
1499;8777
1479;8779
1479;8782
1497;8784
1506;8786
1477;8790
1461;8792
1459;8795
1463;8797
1465;8799
1464;8802
1455;8804
1452;8807
1445;8809
1435;8811
1426;8814
1425;8816
1434;8819
1447;8821
1460;8824
1459;8826
1464;8828
1488;8832
1511;8834
1528;8837
1545;8839
1516;8841
1480;8844
1473;8846
1483;8849
1500;8851
1510;8854
1509;8856
1497;8858
1485;8861
1485;8863
1486;8866
1487;8868
1488;8870
1479;8873
1458;8876
1442;8879
1425;8881
1418;8883
1414;8886
1413;8888
1423;8891
1436;8893
1445;8896
1453;8898
1457;8900
1454;8903
1445;8905
1452;8908
1466;8910
1460;8912
1458;8915
1469;8918
1489;8921
1504;8923
1509;8925
1507;8928
1496;8930
1480;8933
1466;8935
1472;8938
1489;8940
1503;8942
1489;8945
1470;8947
1453;8950
1451;8952
1462;8954
1470;8957
1451;8960
1442;8963
1445;8965
1462;8967
1474;8970
1473;8972
1463;8975
1454;8977
1461;8980
1476;8982
1485;8984
1494;8987
1476;8989
1475;8992
1484;8994
1491;8996
1497;8999
1492;9001
1490;9005
1501;9007
1509;9009
1499;9012
1502;9014
1535;9017
1542;9019
1531;9022
1523;9024
1511;9026
1505;9029
1505;9031
1501;9034
1498;9036
1493;9038
1480;9041
1466;9043
1461;9047
1471;9049
1484;9052
1502;9054
1503;9056
1474;9059
1461;9061
1459;9064
1463;9066
1476;9068
1502;9071
1511;9073
1522;9076
1498;9078
1474;9080
1460;9083
1463;9085
1456;9089
1446;9091
1448;9094
1451;9096
1455;9098
1451;9101
1458;9103
1475;9106
1481;9108
1480;9110
1471;9113
1470;9115
1472;9118
1487;9120
1483;9122
1470;9125
1464;9127
1464;9131
1475;9133
1485;9136
1493;9138
1485;9140
1493;9143
1511;9145
1519;9148
1510;9150
1487;9152
1487;9155
1476;9157
1463;9160
1453;9162
1447;9164
1438;9167
1433;9169
1429;9172
1431;9175
1437;9178
1436;9180
1436;9182
1443;9185
1462;9187
1476;9190
1480;9192
1488;9194
1495;9197
1503;9199
1535;9202
1567;9204
1585;9206
1606;9209
1608;9211
1585;9214
1577;9217
1555;9220
1519;9222
1491;9224
1478;9227
1475;9229
1484;9232
1492;9234
1479;9236
1465;9239
1455;9241
1451;9244
1454;9246
1450;9249
1439;9251
1447;9253
1465;9256
1482;9259
1509;9262
1517;9264
1507;9266
1492;9269
1493;9271
1486;9274
1479;9276
1491;9278
1522;9281
1535;9283
1525;9286
1494;9288
1477;9291
1470;9293
1474;9295
1494;9298
1493;9300
1489;9304
1472;9306
1456;9308
1459;9311
1456;9313
1440;9316
1441;9318
1441;9320
1416;9323
1404;9325
1403;9328
1407;9330
1420;9333
1451;9335
1488;9337
1504;9340
1520;9342
1526;9346
1507;9348
1487;9350
1473;9353
1470;9355
1476;9358
1476;9360
1465;9362
1456;9365
1457;9367
1471;9370
1483;9372
1477;9375
1473;9377
1481;9379
1483;9382
1448;9384
1417;9388
1415;9390
1435;9392
1454;9395
1473;9397
1472;9400
1469;9402
1477;9404
1474;9407
1454;9409
1454;9412
1463;9414
1469;9417
1471;9419
1465;9421
1468;9424
1478;9426
1487;9430
1498;9432
1482;9434
1463;9437
1469;9439
1489;9442
1494;9444
1499;9447
1519;9449
1547;9451
1576;9454
1562;9456
1520;9459
1509;9461
1505;9463
1499;9466
1485;9468
1466;9472
1464;9474
1469;9476
1482;9479
1493;9481
1499;9484
1491;9486
1484;9489
1476;9491
1480;9493
1495;9496
1511;9498
1519;9501
1522;9503
1522;9505
1506;9508
1490;9510
1485;9513
1475;9516
1478;9518
1491;9521
1517;9523
1523;9526
1513;9528
1512;9531
1510;9533
1504;9535
1519;9538
1526;9540
1520;9543
1507;9545
1488;9547
1475;9550
1474;9552
1471;9555
1463;9558
1455;9560
1450;9563
1462;9565
1481;9568
1481;9570
1471;9573
1460;9575
1458;9577
1465;9580
1483;9582
1493;9585
1510;9587
1529;9589
1534;9592
1551;9594
1565;9597
1557;9600
1531;9603
1511;9605
1496;9607
1472;9610
1462;9612
1463;9615
1466;9617
1464;9619
1472;9622
1485;9624
1488;9627
1491;9629
1477;9631
1462;9634
1456;9636
1458;9639
1458;9641
1475;9645
1497;9647
1495;9649
1494;9652
1511;9654
1523;9657
1529;9659
1543;9661
1546;9664
1527;9666
1514;9669
1493;9671
1479;9673
1472;9676
1466;9678
1480;9681
1498;9683
1505;9687
1513;9689
1488;9691
1457;9694
1447;9696
1452;9699
1455;9701
1458;9703
1461;9706
1461;9708
1456;9711
1435;9713
1428;9715
1435;9718
1454;9720
1475;9723
1498;9725
1521;9729
1530;9731
1517;9733
1501;9736
1495;9738
1492;9741
1498;9743
1500;9745
1507;9748
1510;9750
1517;9753
1515;9755
1490;9757
1481;9760
1489;9762
1508;9765
1517;9767
1502;9771
1482;9773
1468;9775
1459;9778
1455;9780
1451;9783
1442;9785
1439;9787
1438;9790
1438;9792
1439;9795
1448;9797
1459;9799
1457;9802
1457;9804
1469;9807
1481;9809
1491;9812
1492;9815
1506;9817
1515;9820
1526;9822
1548;9825
1554;9827
1556;9829
1532;9832
1500;9834
1487;9837
1486;9839
1493;9841
1501;9844
1499;9846
1486;9849
1474;9851
1478;9854
1477;9857
1480;9859
1492;9862
1501;9864
1496;9867
1499;9869
1492;9871
1472;9874
1461;9876
1452;9879
1446;9881
1452;9884
1477;9886
1506;9888
1513;9891
1509;9893
1504;9896
1497;9899
1495;9901
1502;9904
1518;9906
1529;9909
1507;9911
1483;9913
1481;9916
1505;9918
1545;9921
1567;9923
1534;9926
1505;9928
1502;9930
1498;9933
1496;9935
1492;9938
1492;9940
1495;9943
1482;9946
1468;9948
1459;9951
1456;9953
1464;9955
1469;9958
1476;9960
1488;9963
1495;9965
1490;9968
1491;9970
1470;9972
1463;9975
1462;9977
1457;9980
1459;9982
1459;9985
1457;9988
1470;9990
1483;9993
1491;9995
1499;9997
1503;10000
1492;10002
1493;10005
1496;10007
1479;10010
1470;10012
1473;10015
1492;10017
1507;10020
1500;10022
1470;10025
1445;10028
1438;10030
1429;10033
1423;10035
1415;10038
1420;10040
1435;10043
1444;10045
1449;10048
1445;10050
1427;10053
1424;10055
1438;10058
1453;10060
1465;10062
1497;10065
1510;10067
1493;10071
1483;10073
1479;10076
1481;10078
1486;10081
1471;10083
1455;10086
1450;10088
1459;10091
1480;10093
1491;10095
1473;10098
1437;10100
1421;10103
1411;10105
1407;10108
1405;10110
1405;10114
1405;10116
1422;10119
1460;10121
1492;10124
1503;10126
1510;10128
1527;10131
1521;10133
1491;10136
1490;10138
1507;10141
1508;10143
1492;10146
1476;10148
1473;10151
1469;10153
1462;10157
1457;10159
1449;10161
1443;10164
1447;10166
1446;10169
1446;10171
1446;10174
1437;10176
1432;10179
1435;10181
1440;10184
1458;10186
1474;10189
1488;10191
1500;10193
1496;10196
1474;10199
1481;10202
1484;10204
1479;10207
1472;10209
1465;10212
1467;10214
1461;10217
1457;10219
1454;10222
1449;10224
1453;10226
1462;10229
1468;10231
1454;10234
1441;10236
1451;10240
1457;10242
1449;10245
1441;10247
1447;10250
1456;10252
1472;10255
1487;10257
1495;10260
1498;10262
1485;10264
1481;10267
1495;10269
1508;10272
1498;10274
1493;10277
1484;10279
1480;10283
1477;10285
1467;10288
1462;10290
1466;10293
1463;10295
1463;10297
1471;10300
1472;10302
1467;10305
1452;10307
1454;10310
1461;10312
1476;10315
1490;10317
1499;10320
1499;10322
1489;10326
1502;10328
1497;10330
1493;10333
1492;10335
1505;10338
1523;10340
1523;10343
1513;10345
1503;10348
1484;10350
1468;10353
1470;10355
1476;10358
1479;10360
1473;10362
1456;10365
1447;10368
1446;10371
1436;10373
1426;10376
1420;10378
1421;10381
1427;10383
1424;10386
1428;10388
1450;10391
1462;10393
1493;10395
1507;10398
1499;10400
1490;10403
1503;10405
1513;10408
1499;10411
1480;10414
1466;10416
1451;10419
1445;10421
1440;10424
1443;10426
1441;10428
1450;10431
1471;10433
1477;10436
1472;10438
1473;10441
1474;10443
1485;10446
1489;10448
1492;10451
1485;10454
1495;10457
1509;10459
1504;10461
1511;10464
1537;10466
1517;10469
1483;10471
1465;10474
1447;10476
1433;10479
1425;10481
1427;10484
1438;10486
1443;10489
1443;10491
1438;10493
1430;10497
1431;10499
1443;10502
1455;10504
1477;10507
1510;10509
1523;10512
1550;10514
1554;10517
1525;10519
1505;10522
1487;10524
1489;10526
1502;10529
1508;10531
1494;10534
1482;10536
1484;10540
1481;10542
1464;10545
1457;10547
1468;10550
1474;10552
1469;10555
1456;10557
1441;10559
1438;10562
1440;10564
1453;10567
1472;10569
1477;10572
1490;10574
1502;10577
1526;10579
1528;10583
1513;10585
1515;10588
1519;10590
1506;10592
1493;10595
1478;10597
1474;10600
1487;10602
1491;10605
1500;10607
1503;10610
1502;10612
1509;10615
1504;10617
1483;10620
1478;10622
1477;10626
1469;10628
1457;10630
1438;10633
1440;10635
1454;10638
1469;10640
1468;10643
1455;10645
1468;10648
1499;10650
1536;10653
1562;10655
1540;10658
1519;10660
1520;10662
1513;10665
1489;10668
1481;10671
1481;10673
1491;10676
1490;10678
1476;10681
1476;10683
1490;10686
1498;10688
1480;10691
1457;10693
1441;10695
1429;10698
1435;10700
1452;10703
1473;10705
1485;10708
1479;10711
1469;10714
1490;10716
1523;10719
1561;10721
1571;10724
1527;10726
1504;10728
1511;10731
1527;10733
1526;10736
1519;10738
1504;10741
1497;10743
1493;10746
1477;10748
1460;10752
1448;10754
1449;10757
1453;10759
1461;10761
1475;10764
1482;10766
1479;10769
1487;10771
1490;10774
1508;10776
1544;10779
1553;10781
1541;10784
1524;10786
1507;10789
1505;10791
1493;10793
1491;10797
1499;10799
1486;10802
1476;10804
1472;10807
1473;10809
1475;10812
1478;10814
1477;10817
1479;10819
1471;10822
1467;10824
1463;10826
1451;10829
1459;10831
1481;10834
1500;10836
1519;10840
1512;10842
1517;10845
1542;10847
1561;10850
1550;10852
1508;10855
1486;10857
1478;10860
1479;10862
1476;10864
1467;10867
1449;10869
1437;10872
1429;10874
1427;10877
1430;10880
1442;10883
1456;10885
1473;10888
1493;10890
1497;10893
1495;10895
1468;10897
1456;10900
1461;10902
1467;10905
1465;10907
1472;10910
1504;10912
1519;10915
1521;10917
1512;10920
1486;10923
1471;10926
1472;10928
1487;10930
1484;10933
1479;10935
1468;10938
1449;10940
1437;10943
1434;10945
1438;10948
1441;10950
1435;10953
1437;10955
1453;10958
1464;10960
1477;10962
1478;10966
1470;10968
1446;10971
1432;10973
1431;10976
1435;10978
1442;10981
1455;10983
1459;10986
1461;10988
1484;10991
1515;10993
1509;10995
1466;10998
1433;11000
1429;11003
1436;11005
1449;11009
1469;11011
1474;11014
1469;11016
1454;11019
1437;11021
1435;11024
1431;11026
1422;11028
1425;11031
1438;11033
1457;11036
1463;11038
1461;11041
1462;11043
1463;11046
1473;11048
1486;11052
1488;11054
1490;11057
1487;11059
1481;11061
1485;11064
1491;11066
1492;11069
1500;11071
1497;11074
1490;11076
1483;11079
1481;11081
1483;11084
1479;11086
1485;11089
1490;11091
1501;11094
1509;11097
1501;11099
1485;11102
1471;11104
1455;11107
1451;11109
1477;11112
1488;11114
1485;11117
1478;11119
1466;11122
1481;11124
1494;11127
1504;11129
1500;11131
1483;11134
1468;11137
1456;11140
1440;11142
1432;11145
1436;11147
1450;11150
1460;11152
1470;11155
1471;11157
1463;11160
1466;11162
1468;11164
1460;11167
1462;11169
1465;11172
1504;11174
1544;11177
1578;11180
1558;11183
1522;11185
1507;11188
1493;11190
1501;11193
1520;11195
1532;11198
1507;11200
1478;11202
1470;11205
1476;11207
1485;11210
1488;11212
1480;11215
1472;11217
1464;11220
1466;11223
1464;11226
1465;11228
1472;11231
1476;11233
1493;11235
1507;11238
1533;11240
1549;11243
1570;11245
1599;11248
1578;11250
1574;11253
1542;11255
1515;11258
1507;11260
1515;11264
1528;11266
1527;11268
1529;11271
1520;11273
1513;11276
1523;11278
1515;11281
1509;11283
1494;11286
1474;11288
1464;11291
1459;11293
1462;11296
1479;11298
1510;11300
1533;11303
1526;11305
1517;11309
1510;11311
1526;11314
1545;11316
1544;11319
1533;11321
1509;11324
1488;11326
1465;11329
1449;11331
1438;11333
1431;11336
1426;11338
1429;11341
1429;11343
1430;11346
1440;11348
1453;11352
1479;11354
1505;11357
1530;11359
1547;11362
1532;11364
1485;11366
1455;11369
1453;11371
1472;11374
1497;11376
1511;11379
1501;11381
1479;11384
1456;11386
1450;11389
1442;11392
1456;11395
1483;11397
1513;11399
1502;11402
1481;11404
1463;11407
1457;11409
1453;11412
1440;11414
1439;11417
1456;11419
1475;11422
1490;11424
1491;11427
1499;11429
1514;11432
1551;11435
1539;11437
1503;11440
1511;11442
1520;11445
1542;11447
1527;11450
1500;11452
1489;11455
1485;11457
1484;11460
1489;11462
1486;11465
1480;11467
1467;11469
1452;11472
1453;11474
1455;11478
1457;11480
1449;11483
1437;11485
1437;11488
1450;11490
1454;11493
1444;11495
1448;11498
1469;11500
1503;11502
1539;11505
1576;11507
1597;11510
1571;11512
1521;11515
1497;11517
1512;11521
1520;11523
1520;11526
1512;11528
1508;11531
1517;11533
1526;11536
1539;11538
1547;11540
1524;11543
1491;11545
1443;11548
1418;11550
1412;11553
1418;11555
1418;11558
1423;11560
1431;11564
1439;11566
1454;11569
1465;11571
1480;11573
1489;11576
1483;11578
1470;11581
1478;11583
1504;11586
1524;11588
1510;11591
1482;11593
1482;11596
1477;11598
1458;11601
1457;11603
1459;11606
1487;11609
1512;11611
1523;11614
1507;11616
1483;11619
1462;11621
1458;11624
1463;11626
1465;11629
1439;11631
1427;11634
1429;11636
1433;11638
1447;11641
1453;11643
1441;11646
1434;11649
1431;11652
1438;11654
1450;11657
1470;11659
1508;11662
1541;11664
1558;11667
1563;11669
1523;11671
1488;11674
1491;11676
1488;11679
1456;11681
1427;11684
1417;11686
1427;11689
1464;11692
1504;11695
1492;11697
1483;11700
1480;11702
1486;11704
1490;11707
1479;11709
1442;11712
1421;11714
1416;11717
1407;11719
1399;11722
1401;11724
1408;11727
1415;11729
1428;11732
1444;11735
1461;11738
1457;11740
1440;11742
1448;11745
1464;11747
1483;11750
1497;11752
1494;11755
1485;11757
1465;11760
1447;11762
1447;11765
1453;11767
1469;11770
1470;11772
1452;11774
1442;11778
1430;11780
1434;11783
1459;11785
1473;11788
1456;11790
1439;11793
1456;11795
1487;11798
1507;11800
1496;11803
1461;11805
1448;11807
1440;11810
1437;11812
1429;11815
1428;11817
1431;11821
1440;11823
1445;11826
1444;11828
1454;11831
1481;11833
1494;11836
1502;11838
1506;11840
1550;11843
1611;11845
1674;11848
1637;11850
1597;11853
1578;11855
1541;11858
1535;11860
1539;11864
1527;11866
1515;11869
1515;11871
1502;11873
1482;11876
1449;11878
1430;11881
1425;11883
1426;11886
1438;11888
1453;11891
1468;11893
1476;11896
1473;11898
1478;11901
1494;11904
1516;11907
1536;11909
1546;11911
1533;11914
1535;11916
1520;11919
1496;11921
1496;11924
1480;11926
1460;11929
1448;11931
1440;11934
1434;11936
1442;11939
1452;11941
1460;11943
1453;11947
1441;11949
1436;11952
1437;11954
1447;11957
1474;11959
1505;11962
1525;11964
1546;11967
1538;11969
1501;11972
1487;11974
1475;11976
1443;11979
1428;11981
1426;11984
1450;11986
1487;11990
1498;11992
1483;11995
1464;11997
1465;12000
1467;12002
1458;12005
1438;12007
1429;12009
1435;12012
1445;12014
1459;12017
1462;12019
1443;12022
1429;12024
1428;12027
1454;12029
1491;12033
1536;12035
1564;12038
1555;12040
1545;12043
1529;12045
1525;12047
1540;12050
1538;12052
1497;12055
1459;12057
1442;12060
1432;12062
1429;12065
1423;12067
1423;12070
1422;12072
1426;12076
1434;12078
1429;12080
1440;12083
1450;12085
1454;12088
1485;12090
1509;12093
1516;12095
1514;12098
1507;12100
1507;12103
1512;12105
1504;12108
1479;12110
1470;12112
1482;12115
1491;12118
1493;12121
1483;12123
1469;12126
1458;12128
1453;12131
1456;12133
1462;12136
1469;12138
1465;12141
1466;12143
1478;12145
1477;12148
1465;12150
1453;12153
1454;12155
1460;12158
1467;12161
1480;12164
1495;12166
1499;12169
1497;12171
1500;12174
1492;12176
1483;12178
1481;12181
1469;12183
1463;12186
1475;12188
1504;12191
1528;12193
1551;12196
1556;12198
1556;12201
1548;12204
1493;12207
1480;12209
1489;12211
1510;12214
1502;12216
1474;12219
1455;12221
1447;12224
1439;12226
1447;12229
1466;12231
1486;12234
1509;12236
1499;12239
1488;12241
1473;12243
1446;12247
1428;12249
1429;12252
1436;12254
1448;12257
1461;12259
1474;12262
1486;12264
1490;12267
1500;12269
1525;12272
1553;12274
1565;12277
1580;12279
1592;12281
1580;12284
1575;12286
1579;12290
1558;12292
1566;12295
1580;12297
1583;12300
1564;12302
1547;12305
1513;12307
1499;12310
1475;12312
1466;12314
1481;12317
1504;12319
1528;12322
1554;12324
1563;12327
1587;12329
1589;12333
1591;12335
1576;12338
1568;12340
1572;12343
1560;12345
1554;12347
1522;12350
1501;12352
1488;12355
1459;12357
1435;12360
1425;12362
1429;12365
1434;12367
1441;12370
1443;12372
1454;12376
1462;12378
1471;12380
1465;12383
1462;12385
1476;12388
1508;12390
1553;12393
1577;12395
1580;12398
1545;12400
1494;12403
1472;12405
1469;12408
1479;12410
1502;12413
1531;12416
1526;12418
1479;12421
1466;12423
1471;12426
1470;12428
1457;12431
1445;12433
1438;12436
1423;12438
1420;12441
1414;12443
1412;12446
1416;12448
1446;12450
1477;12453
1505;12455
1538;12459
1510;12461
1496;12464
1488;12466
1480;12469
1475;12471
1478;12474
1482;12476
1483;12479
1503;12481
1538;12483
1568;12486
1581;12488
1543;12491
1507;12493
1496;12496
1486;12498
1467;12502
1443;12504
1435;12507
1464;12509
1498;12512
1524;12514
1498;12516
1464;12519
1459;12521
1449;12524
1433;12526
1425;12529
1438;12531
1449;12534
1435;12536
1427;12539
1426;12541
1430;12545
1447;12547
1475;12549
1479;12552
1452;12554
1429;12557
1435;12559
1467;12562
1509;12564
1533;12567
1521;12569
1483;12572
1462;12574
1461;12577
1455;12579
1451;12582
1461;12584
1483;12587
1483;12590
1481;12592
1478;12595
1479;12597
1490;12600
1493;12602
1493;12605
1514;12607
1519;12610
1519;12612
1497;12615
1463;12617
1437;12619
1421;12622
1424;12624
1434;12627
1454;12630
1455;12633
1435;12635
1432;12638
1439;12640
1444;12643
1447;12645
1455;12648
1462;12650
1478;12652
1518;12655
1549;12657
1533;12660
1477;12662
1459;12665
1471;12667
1490;12670
1508;12673
1505;12676
1484;12678
1458;12681
1427;12683
1418;12686
1428;12688
1470;12690
1521;12693
1554;12695
1514;12698
1465;12700
1445;12703
1433;12705
1445;12708
1462;12710
1468;12713
1480;12716
1484;12719
1491;12721
1482;12723
1463;12726
1444;12728
1443;12731
1451;12733
1455;12736
1494;12738
1556;12741
1604;12743
1618;12746
1564;12748
1487;12751
1453;12753
1454;12756
1469;12759
1497;12761
1530;12764
1542;12766
1520;12769
1485;12771
1476;12774
1500;12776
1534;12779
1524;12781
1508;12784
1471;12786
1415;12789
1382;12791
1399;12793
1435;12796
1460;12798
1444;12802
1417;12804
1430;12807
1449;12809
1461;12812
1460;12814
1464;12817
1489;12819
1508;12822
1535;12824
1527;12827
1497;12829
1485;12831
1488;12834
1484;12836
1458;12839
1419;12841
1395;12845
1389;12847
1397;12850
1426;12852
1443;12855
1453;12857
1442;12860
1406;12862
1390;12864
1412;12867
1451;12869
1496;12872
1509;12874
1475;12877
1472;12879
1458;12882
1446;12884
1443;12888
1435;12890
1441;12893
1448;12895
1471;12897
1487;12900
1475;12902
1457;12905
1457;12907
1452;12910
1436;12912
1432;12915
1438;12917
1446;12920
1447;12922
1440;12925
1441;12928
1451;12930
1475;12933
1513;12935
1557;12938
1614;12940
1604;12943
1550;12945
1516;12948
1496;12950
1475;12953
1486;12955
1518;12958
1545;12960
1555;12962
1510;12965
1458;12967
1433;12971
1415;12973
1401;12976
1394;12978
1400;12981
1400;12983
1408;12986
1446;12988
1496;12991
1570;12993
1602;12995
1554;12998
1530;13000
1511;13003
1515;13005
1559;13008
1564;13010
1533;13014
1521;13016
1495;13019
1477;13021
1488;13024
1519;13026
1511;13028
1468;13031
1455;13033
1459;13036
1459;13038
1448;13041
1453;13043
1478;13046
1507;13048
1528;13051
1535;13053
1524;13057
1503;13059
1485;13061
1518;13064
1586;13066
1624;13069
1606;13071
1576;13074
1574;13076
1583;13079
1578;13081
1551;13084
1519;13086
1512;13089
1510;13091
1521;13093
1515;13096
1498;13099
1476;13102
1462;13104
1456;13107
1461;13109
1469;13112
1471;13114
1474;13117
1480;13119
1472;13122
1468;13124
1469;13126
1475;13129
1495;13131
1517;13134
1522;13136
1523;13139
1509;13142
1486;13145
1473;13147
1470;13150
1475;13152
1484;13155
1495;13157
1495;13159
1487;13162
1497;13164
1512;13167
1525;13169
1524;13172
1502;13174
1473;13177
1452;13179
1435;13182
1421;13185
1407;13188
1395;13190
1385;13192
1377;13195
1370;13197
1365;13200
1355;13202
1343;13205
1330;13207
1319;13210
1308;13212
1298;13215
1285;13217
1271;13220
1257;13222
1244;13224
1238;13228
1242;13230
1243;13233
1235;13235
1214;13238
1209;13240
1217;13243
1222;13245
1206;13248
1182;13250
1172;13253
1163;13255
1153;13257
1153;13260
1154;13262
1156;13265
1156;13267
1159;13271
1163;13273
1167;13276
1180;13278
1195;13281
1211;13283
1223;13286
1231;13288
1238;13290
1246;13293
1262;13295
1280;13298
1298;13300
1312;13303
1318;13305
1327;13308
1343;13310
1364;13314
1383;13316
1399;13319
1393;13321
1383;13324
1392;13326
1417;13328
1452;13331
1481;13333
1491;13336
1466;13338
1444;13341
1430;13343
1418;13346
1408;13348
1405;13351
1396;13353
1391;13357
1393;13359
1391;13361
1386;13364
1379;13366
1369;13369
1353;13371
1348;13374
1345;13376
1338;13379
1334;13381
1330;13384
1325;13386
1314;13389
1304;13391
1300;13393
1323;13396
1365;13399
1426;13402
1453;13404
1395;13407
1371;13409
1356;13412
1322;13414
1311;13417
1308;13419
1315;13422
1330;13424
1350;13426
1360;13429
1366;13431
1373;13434
1384;13436
1400;13440
1421;13442
1446;13445
1462;13447
1496;13450
1535;13452
1569;13455
1603;13457
1635;13459
1664;13462
1694;13464
1720;13467
1746;13469
1771;13472
1797;13474
1829;13477
1864;13479
1899;13483
1905;13485
1894;13488
1902;13490
1921;13492
1938;13495
1939;13497
1931;13500
1915;13502
1908;13505
1893;13507
1876;13510
1853;13512
1827;13515
1805;13517
1790;13520
1778;13522
1768;13524
1758;13528
1750;13530
1742;13533
1736;13535
1729;13538
1723;13540
1719;13543
1714;13545
1712;13548
1708;13550
1705;13553
1703;13555
1700;13557
1698;13560
1696;13562
1715;13565
1757;13568
1814;13571
1855;13573
1803;13576
1733;13578
1707;13581
1692;13583
1683;13586
1672;13588
1662;13590
1659;13593
1656;13595
1650;13598
1646;13600
1644;13603
1646;13605
1647;13608
1646;13611
1645;13614
1644;13616
1642;13619
1639;13621
1636;13623
1635;13626
1633;13628
1630;13631
1620;13633
1610;13636
1608;13638
1606;13641
1602;13643
1599;13646
1596;13648
1597;13651
1603;13654
1617;13656
1638;13659
1655;13661
1676;13664
1675;13666
1633;13669
1610;13671
1583;13674
1551;13676
1528;13679
1511;13681
1498;13684
1486;13686
1475;13688
1466;13691
1456;13693
1447;13697
1438;13699
1421;13702
1410;13704
1410;13707
1406;13709
1399;13712
1396;13714
1394;13717
1388;13719
1382;13721
1377;13724
1373;13726
1368;13729
1363;13731
1359;13734
1357;13736
1357;13740
1358;13742
1357;13745
1353;13747
1351;13750
1349;13752
1347;13755
1344;13757
1341;13759
1337;13762
1335;13764
1332;13767
1329;13769
1326;13772
1323;13774
1321;13777
1319;13779
1317;13783
1316;13785
1315;13788
1315;13790
1315;13792
1317;13795
1318;13797
1318;13800
1318;13802
1317;13805
1317;13807
1318;13810
1318;13812
1319;13815
1320;13817
1320;13820
1320;13822
1319;13825
1319;13828
1317;13830
1314;13833
1310;13835
1304;13838
1295;13840
1289;13843
1281;13845
1273;13848
1265;13850
1259;13853
1257;13855
1263;13857
1276;13860
1295;13862
1301;13865
1292;13868
1294;13871
1301;13873
1308;13876
1324;13878
1337;13881
1347;13883
1358;13886
1372;13888
1387;13890
1402;13893
1415;13895
1427;13898
1432;13900
1440;13903
1448;13905
1456;13908
1463;13911
1469;13914
1475;13916
1480;13919
1482;13921
1484;13923
1488;13926
1494;13928
1501;13931
1506;13933
1506;13936
1501;13938
1500;13941
1506;13943
1512;13946
1517;13948
1511;13952
1495;13954
1484;13957
1475;13959
1467;13961
1460;13964
1456;13966
1451;13969
1446;13971
1442;13974
1438;13976
1435;13979
1432;13981
1431;13984
1431;13986
1432;13989
1432;13991
1431;13993
1428;13997
1428;13999
1433;14002
1438;14004
1439;14007
1434;14009
1439;14012
1440;14014
1443;14017
1445;14019
1447;14022
1451;14024
1456;14026
1461;14029
1458;14031
1457;14034
1461;14036
1465;14040
1469;14042
1474;14045
1479;14047
1484;14050
1489;14052
1494;14055
1498;14057
1501;14060
1505;14062
1508;14064
1512;14067
1516;14069
1519;14072
1521;14074
1523;14077
1526;14080
1529;14083
1533;14085
1538;14088
1540;14090
1539;14093
1538;14095
1539;14097
1542;14100
1548;14102
1556;14105
1568;14107
1577;14110
1577;14112
1567;14115
1562;14117
1557;14120
1545;14123
1540;14126
1538;14128
1538;14130
1536;14133
1534;14135
1533;14138
1533;14140
1533;14143
1532;14145
1532;14148
1532;14150
1533;14153
1534;14155
1534;14158
1534;14160
1535;14162
1535;14166
1535;14168
1537;14171
1539;14173
1543;14176
1548;14178
1553;14181
1557;14183
1557;14186
1554;14188
1550;14191
1548;14193
1546;14195
1545;14198
1544;14200
1543;14203
1540;14205
1538;14209
1536;14211
1536;14214
1536;14216
1535;14219
1533;14221
1531;14224
1529;14226
1526;14229
1524;14231
1522;14233
1520;14236
1519;14238
1517;14241
1515;14243
1511;14246
1507;14248
1504;14252
1500;14254
1498;14257
1497;14259
1502;14262
1509;14264
1515;14266
1519;14269
1516;14271
1506;14274
1502;14276
1498;14279
1495;14281
1494;14284
1497;14286
1498;14289
1495;14291
1494;14295
1494;14297
1494;14299
1496;14302
1498;14304
1499;14307
1500;14309
1501;14312
1502;14314
1503;14317
1504;14319
1504;14322
1505;14324
1505;14327
1506;14329
1506;14331
1506;14334
1507;14337
1507;14340
1507;14342
1507;14345
1506;14347
1506;14350
1506;14352
1506;14355
1507;14357
1509;14360
1513;14362
1514;14364
1513;14367
1506;14369
1503;14372
1503;14374
1502;14377
1502;14380
1502;14383
1505;14385
1513;14388
1519;14390
1514;14393
1499;14395
1492;14398
1484;14400
1479;14402
1477;14405
1476;14407
1475;14410
1475;14412
1474;14415
1473;14417
1473;14420
1473;14423
1473;14426
1473;14428
1474;14431
1475;14433
1476;14435
1478;14438
1479;14440
1480;14443
1482;14445
1484;14448
1485;14450
1487;14453
1489;14455
1490;14458
1491;14460
1492;14464
1492;14466
1493;14468
1497;14471
1501;14473
1502;14476
1502;14478
1499;14481
1497;14483
1497;14486
1499;14488
1500;14491
1496;14493
1489;14496
1485;14498
1483;14500
1482;14503
1481;14505
1482;14509
1484;14511
1485;14514
1482;14516
1478;14519
1477;14521
1476;14524
1474;14526
1472;14529
1472;14531
1471;14533
1471;14536
1472;14538
1477;14541
1486;14543
1496;14546
1505;14548
1503;14552
1489;14554
1481;14557
1478;14559
1477;14562
1476;14564
1474;14566
1474;14569
1475;14571
1475;14574
1477;14576
1479;14579
1480;14581
1481;14584
1480;14586
1482;14589
1487;14592
1493;14595
1497;14597
1492;14599
1486;14602
1483;14604
1482;14607
1481;14609
1480;14612
1479;14614
1478;14617
1478;14619
1478;14622
1478;14624
1478;14627
1479;14629
1480;14631
1481;14635
1482;14637
1485;14640
1487;14642
1490;14645
1492;14647
1491;14650
1489;14652
1489;14655
1490;14657
1490;14660
1492;14662
1494;14665
1495;14667
1494;14669
1489;14672
1485;14674
1485;14678
1487;14680
1490;14683
1491;14685
1489;14688
1489;14690
1491;14693
1494;14695
1495;14698
1494;14700
1492;14702
1492;14705
1491;14707
1489;14710
1488;14712
1488;14715
1486;14717
1485;14721
1484;14723
1483;14726
1482;14728
1482;14731
1481;14733
1482;14735
1484;14738
1489;14740
1496;14743
1500;14745
1502;14748
1498;14750
1488;14753
1486;14755
1486;14758
1487;14760
1486;14764
1484;14766
1482;14768
1482;14771
1483;14773
1483;14776
1485;14778
1487;14781
1486;14783
1482;14786
1477;14788
1475;14791
1475;14793
1475;14796
1475;14798
1476;14800
1476;14803
1476;14806
1477;14809
1478;14811
1478;14814
1479;14816
1480;14819
1481;14821
1483;14824
1484;14826
1485;14829
1487;14831
1488;14833
1490;14836
1492;14838
1492;14841
1492;14843
1493;14846
1493;14849
1494;14852
1497;14854
1500;14857
1504;14859
1509;14862
1507;14864
1500;14867
1499;14869
1500;14871
1499;14874
