1491;2
1486;4
1481;7
1479;9
1479;11
1480;13
1482;16
1483;18
1485;20
1485;23
1486;25
1491;27
1494;30
1496;32
1497;34
1494;37
1491;39
1488;41
1486;44
1484;47
1483;49
1484;51
1485;54
1485;56
1485;58
1484;61
1484;63
1483;65
1482;68
1480;70
1480;72
1482;75
1485;77
1488;79
1492;81
1492;84
1490;87
1485;89
1482;92
1480;94
1479;96
1480;99
1482;101
1483;103
1485;106
1485;108
1488;110
1488;113
1489;115
1490;117
1489;120
1487;122
1485;125
1482;128
1481;130
1480;133
1481;135
1483;137
1483;140
1483;142
1485;144
1487;147
1489;149
1489;152
1489;154
1487;156
1483;159
1481;161
1478;163
1478;166
1479;168
1480;171
1483;174
1485;176
1483;179
1483;181
1483;183
1484;186
1483;188
1484;190
1483;193
1481;195
1480;197
1480;200
1482;202
1482;205
1480;207
1480;209
1479;212
1481;215
1483;217
1486;220
1488;222
1490;224
1491;227
1491;229
1487;232
1483;234
1480;236
1477;239
1475;241
1475;243
1473;246
1474;248
1476;250
1479;253
1482;256
1482;258
1483;261
1483;263
1481;266
1477;268
1474;270
1473;273
1472;275
1473;277
1477;280
1481;282
1485;284
1487;287
1486;289
1486;292
1489;294
1491;296
1493;300
1491;302
1488;304
1485;307
1482;309
1478;311
1474;314
1473;316
1473;319
1476;321
1483;323
1491;326
1494;328
1492;330
1489;333
1488;335
1484;337
1482;340
1482;343
1483;346
1483;348
1483;350
1483;353
1483;355
1482;357
1481;360
1480;362
1479;364
1479;367
1480;369
1481;372
1483;374
1482;376
1482;379
1482;381
1482;384
1482;387
1483;389
1484;391
1482;394
1481;396
1479;399
1478;401
1476;403
1477;406
1478;408
1480;410
1483;413
1485;415
1486;417
1488;420
1489;422
1489;425
1489;428
1487;430
1486;433
1487;435
1486;437
1486;440
1485;442
1483;444
1482;447
1483;449
1485;452
1486;454
1485;456
1484;459
1482;461
1479;463
1474;466
1470;468
1467;471
1466;474
1466;476
1468;479
1470;481
1473;483
1475;486
1478;488
1479;490
1483;493
1487;495
1489;497
1487;500
1484;502
1482;505
1480;507
1480;509
1480;513
1480;515
1481;517
1480;520
1481;522
1483;524
1485;527
1486;529
1485;532
1482;534
1479;536
1477;539
1476;541
1475;543
1474;546
1474;548
1475;550
1478;553
1481;556
1485;558
1488;561
1490;563
1491;566
1492;568
1492;570
1491;573
1489;575
1485;577
1481;580
1480;582
1476;584
1473;587
1471;589
1471;592
1472;594
1472;596
1473;600
1473;602
1475;604
1476;607
1478;609
1479;611
1480;614
1481;616
1481;619
1481;621
1484;623
1485;626
1485;628
1483;630
1482;633
1480;635
1479;637
1479;641
1478;643
1479;646
1480;648
1481;650
1483;653
1481;655
1478;657
1475;660
1474;662
1475;664
1478;667
1479;669
1480;672
1480;674
1478;676
1477;679
1475;681
1474;684
1472;687
1470;689
1470;691
1471;694
1472;696
1474;699
1476;701
1478;703
1479;706
1479;708
1480;710
1481;713
1481;715
1477;717
1475;720
1475;722
1474;726
1475;728
1476;730
1474;733
1475;735
1475;737
1476;740
1477;742
1478;744
1476;747
1475;749
1473;752
1472;754
1472;756
1473;759
1475;761
1477;763
1479;766
1481;769
1480;771
1479;774
1478;776
1477;779
1476;781
1475;783
1474;786
1472;788
1471;790
1470;793
1471;795
1473;797
1474;800
1474;802
1475;805
1475;807
1475;809
1475;813
1475;815
1475;817
1475;820
1475;822
1475;824
1475;827
1473;829
1476;832
1479;834
1483;836
1485;839
1486;841
1485;843
1481;846
1481;848
1480;850
1481;854
1480;856
1478;859
1478;861
1478;863
1478;866
1479;868
1480;870
1482;873
1483;875
1483;877
1482;880
1481;882
1479;885
1477;887
1475;889
1472;892
1471;894
1468;897
1466;900
1466;902
1466;904
1467;907
1470;909
1472;912
1474;914
1475;916
1475;919
1477;921
1478;923
1479;926
1480;928
1483;930
1485;933
1487;935
1489;939
1490;941
1491;943
1492;946
1491;948
1486;950
1484;953
1485;955
1487;957
1488;960
1486;962
1484;965
1481;967
1478;969
1475;972
1474;974
1474;976
1474;979
1474;982
1475;984
1474;987
1475;989
1477;992
1479;994
1481;996
1484;999
1488;1001
1491;1003
1492;1006
1491;1008
1488;1011
1487;1013
1486;1015
1484;1018
1483;1020
1483;1024
1482;1026
1482;1029
1482;1031
1483;1033
1483;1036
1483;1038
1483;1041
1484;1043
1485;1045
1486;1048
1486;1050
1486;1053
1485;1055
1482;1057
1482;1060
1483;1062
1484;1065
1483;1068
1483;1071
1482;1073
1479;1075
1476;1078
1472;1080
1470;1083
1469;1085
1471;1087
1474;1090
1478;1092
1480;1095
1481;1097
1479;1099
1477;1102
1476;1104
1477;1107
1479;1110
1482;1113
1481;1115
1480;1117
1478;1120
1473;1122
1471;1125
1471;1127
1475;1129
1479;1132
1484;1134
1487;1137
1488;1139
1486;1141
1483;1144
1481;1146
1482;1149
1484;1152
1484;1155
1481;1157
1480;1159
1479;1162
1478;1164
1476;1167
1476;1169
1476;1171
1476;1174
1476;1176
1478;1179
1478;1181
1477;1183
1475;1186
1476;1188
1478;1191
1482;1193
1486;1197
1488;1199
1490;1201
1490;1204
1487;1206
1484;1209
1482;1211
1480;1213
1480;1216
1482;1218
1485;1221
1488;1223
1491;1226
1492;1228
1490;1230
1487;1233
1484;1235
1480;1239
1478;1241
1477;1243
1478;1246
1481;1248
1484;1251
1484;1253
1483;1255
1483;1258
1483;1260
1482;1263
1480;1265
1479;1268
1479;1270
1479;1272
1478;1275
1476;1277
1477;1281
1476;1283
1475;1285
1476;1288
1481;1290
1486;1293
1490;1295
1491;1297
1488;1300
1484;1302
1478;1305
1474;1307
1472;1310
1471;1312
1472;1314
1474;1317
1477;1319
1480;1323
1482;1325
1484;1327
1485;1330
1486;1332
1486;1335
1487;1337
1487;1339
1487;1342
1486;1344
1486;1347
1488;1349
1487;1352
1488;1354
1490;1356
1492;1359
1493;1361
1493;1364
1491;1367
1488;1369
1484;1372
1479;1374
1477;1377
1475;1379
1475;1381
1475;1384
1477;1386
1481;1389
1487;1391
1489;1394
1491;1396
1491;1398
1489;1401
1485;1403
1482;1406
1480;1409
1479;1411
1480;1414
1481;1416
1484;1419
1487;1421
1490;1424
1492;1426
1494;1428
1497;1431
1498;1433
1499;1436
1501;1438
1499;1440
1496;1443
1493;1445
1491;1448
1489;1451
1488;1453
1490;1456
1489;1458
1488;1461
1485;1463
1483;1466
1483;1468
1482;1470
1481;1473
1482;1475
1483;1478
1485;1480
1486;1482
1486;1485
1486;1487
1485;1490
1485;1492
1486;1495
1487;1498
1489;1500
1490;1503
1490;1505
1492;1508
1492;1510
1491;1512
1488;1515
1485;1517
1485;1520
1485;1522
1485;1524
1484;1527
1483;1529
1482;1532
1480;1534
1478;1537
1480;1540
1483;1542
1486;1545
1490;1547
1491;1550
1489;1552
1485;1554
1481;1557
1482;1559
1486;1562
1492;1564
1497;1566
1499;1569
1499;1571
1496;1574
1490;1576
1484;1579
1479;1582
1476;1584
1473;1587
1473;1589
1472;1592
1473;1594
1473;1596
1473;1599
1474;1601
1475;1604
1478;1606
1478;1608
1479;1611
1480;1613
1481;1616
1482;1618
1483;1622
1483;1624
1486;1626
1487;1629
1487;1631
1486;1634
1486;1636
1485;1638
1485;1641
1485;1643
1487;1646
1486;1648
1483;1650
1479;1653
1478;1655
1479;1658
1482;1660
1488;1664
1491;1666
1492;1668
1490;1671
1489;1673
1487;1676
1485;1678
1482;1680
1479;1683
1479;1685
1477;1688
1476;1690
1476;1692
1477;1695
1479;1697
1481;1700
1482;1702
1481;1705
1480;1708
1479;1710
1478;1713
1477;1715
1476;1718
1475;1720
1474;1722
1476;1725
1478;1727
1482;1730
1486;1732
1489;1734
1492;1737
1494;1739
1490;1742
1488;1744
1486;1747
1485;1750
1481;1752
1480;1755
1476;1757
1475;1760
1474;1762
1474;1764
1476;1767
1478;1769
1479;1772
1480;1774
1482;1776
1483;1779
1484;1781
1486;1784
1487;1786
1490;1789
1491;1792
1489;1794
1487;1797
1487;1799
1486;1802
1487;1804
1487;1806
1488;1809
1487;1811
1487;1814
1484;1816
1482;1818
1480;1821
1480;1823
1482;1826
1485;1828
1487;1831
1488;1833
1488;1836
1484;1839
1479;1841
1476;1844
1475;1846
1475;1848
1476;1851
1478;1853
1478;1856
1479;1858
1481;1861
1483;1863
1487;1865
1487;1868
1486;1870
1483;1873
1480;1875
1479;1878
1480;1881
1482;1883
1483;1886
1485;1888
1486;1890
1483;1893
1481;1895
1479;1898
1480;1900
1480;1903
1481;1905
1482;1907
1482;1910
1483;1912
1484;1915
1485;1917
1483;1920
1481;1923
1478;1925
1477;1928
1478;1930
1479;1932
1481;1935
1481;1937
1481;1940
1481;1942
1482;1945
1483;1947
1483;1949
1483;1952
1480;1954
1477;1957
1476;1959
1475;1961
1471;1965
1470;1967
1469;1970
1469;1972
1470;1974
1474;1977
1478;1979
1482;1982
1483;1984
1482;1987
1480;1989
1478;1991
1477;1994
1478;1996
1479;1999
1479;2001
1479;2003
1478;2007
1475;2009
1475;2012
1476;2014
1478;2016
1481;2019
1485;2021
1485;2024
1483;2026
1481;2029
1477;2031
1472;2033
1469;2036
1470;2038
1473;2041
1478;2043
1482;2045
1484;2049
1486;2051
1484;2054
1483;2056
1479;2058
1477;2061
1478;2063
1481;2066
1483;2068
1485;2071
1486;2073
1485;2075
1483;2078
1482;2080
1481;2083
1480;2085
1479;2087
1478;2091
1478;2093
1478;2096
1478;2098
1481;2100
1484;2103
1484;2105
1485;2108
1484;2110
1483;2113
1481;2115
1479;2117
1480;2120
1481;2122
1482;2125
1483;2127
1484;2129
1485;2132
1483;2135
1480;2138
1481;2140
1483;2143
1482;2145
1480;2147
1480;2150
1478;2152
1477;2155
1475;2157
1475;2159
1477;2162
1478;2164
1480;2167
1483;2169
1486;2171
1485;2174
1483;2177
1481;2180
1480;2182
1482;2185
1486;2187
1490;2189
1492;2192
1491;2194
1489;2197
1487;2199
1484;2201
1482;2204
1481;2206
1480;2209
1480;2211
1482;2213
1485;2216
1486;2219
1487;2222
1487;2224
1486;2227
1486;2229
1486;2231
1487;2234
1487;2236
1485;2239
1486;2241
1487;2243
1489;2246
1491;2248
1492;2251
1491;2253
1490;2255
1488;2258
1488;2260
1488;2264
1487;2266
1482;2269
1481;2271
1480;2273
1479;2276
1481;2278
1483;2281
1484;2283
1486;2285
1489;2288
1492;2290
1494;2293
1495;2295
1494;2297
1489;2300
1483;2302
1481;2306
1483;2308
1487;2311
1491;2313
1495;2315
1496;2318
1492;2320
1490;2323
1488;2325
1487;2327
1486;2330
1484;2332
1482;2335
1480;2337
1479;2340
1479;2342
1479;2344
1480;2348
1483;2350
1485;2353
1488;2355
1492;2357
1493;2360
1494;2362
1491;2365
1489;2367
1487;2369
1483;2372
1480;2374
1479;2377
1479;2379
1480;2382
1482;2384
1481;2386
1480;2390
1479;2392
1480;2395
1481;2397
1482;2399
1484;2402
1485;2404
1487;2407
1487;2409
1486;2411
1485;2414
1484;2416
1484;2419
1486;2421
1489;2424
1493;2426
1498;2428
1500;2432
1498;2434
1495;2437
1492;2439
1486;2441
1484;2444
1484;2446
1485;2449
1489;2451
1493;2453
1495;2456
1497;2458
1498;2461
1499;2463
1498;2466
1496;2468
1493;2470
1492;2473
1492;2476
1493;2479
1493;2481
1490;2483
1489;2486
1488;2488
1487;2491
1486;2493
1486;2495
1487;2498
1492;2500
1497;2503
1497;2505
1495;2508
1492;2510
1492;2512
1488;2515
1487;2518
1492;2521
1499;2523
1505;2525
1512;2528
1513;2530
1506;2533
1503;2535
1501;2538
1497;2540
1495;2542
1494;2545
1502;2547
1508;2550
1516;2552
1519;2554
1516;2557
1511;2560
1503;2563
1494;2565
1495;2567
1507;2570
1517;2572
1521;2575
1520;2577
1506;2580
1490;2582
1487;2584
1492;2587
1497;2589
1499;2592
1502;2594
1495;2596
1482;2599
1466;2601
1456;2605
1455;2607
1455;2609
1458;2612
1472;2614
1493;2617
1511;2619
1522;2622
1523;2624
1523;2626
1509;2629
1495;2631
1494;2634
1506;2636
1522;2638
1549;2641
1570;2643
1587;2647
1605;2649
1605;2651
1598;2654
1590;2656
1577;2659
1581;2661
1583;2664
1581;2666
1568;2668
1556;2671
1538;2673
1522;2676
1518;2678
1532;2680
1552;2683
1570;2685
1564;2689
1555;2691
1563;2693
1569;2696
1570;2698
1566;2701
1561;2703
1571;2706
1574;2708
1563;2710
1551;2713
1530;2715
1514;2718
1502;2720
1511;2722
1522;2725
1534;2727
1537;2731
1541;2733
1536;2736
1542;2738
1553;2740
1578;2743
1579;2745
1570;2748
1561;2750
1545;2752
1537;2755
1532;2757
1527;2760
1531;2762
1538;2764
1546;2767
1550;2769
1569;2772
1593;2775
1605;2778
1608;2780
1598;2782
1576;2785
1554;2787
1537;2790
1523;2792
1518;2794
1517;2797
1526;2799
1541;2802
1558;2804
1574;2806
1589;2809
1587;2811
1592;2814
1596;2817
1591;2820
1579;2822
1574;2824
1569;2827
1565;2829
1570;2832
1565;2834
1550;2836
1551;2839
1573;2841
1599;2844
1611;2846
1602;2848
1590;2851
1563;2853
1553;2856
1557;2859
1571;2862
1603;2864
1610;2866
1611;2869
1624;2871
1618;2874
1612;2876
1625;2878
1641;2881
1670;2883
1696;2886
1714;2888
1700;2890
1673;2893
1638;2895
1632;2898
1685;2900
1738;2904
1770;2906
1779;2908
1750;2911
1728;2913
1707;2916
1691;2918
1675;2920
1660;2923
1642;2925
1633;2928
1622;2930
1600;2933
1574;2935
1552;2937
1554;2940
1582;2942
1612;2946
1640;2948
1663;2950
1663;2953
1655;2955
1645;2958
1636;2960
1612;2962
1593;2965
1574;2967
1555;2970
1546;2972
1560;2975
1575;2977
1582;2979
1586;2982
1590;2984
1577;2988
1572;2990
1560;2992
1541;2995
1537;2997
1541;3000
1554;3002
1566;3004
1554;3007
1528;3009
1525;3012
1527;3014
1544;3017
1553;3019
1553;3021
1541;3024
1543;3026
1539;3030
1540;3032
1513;3034
1491;3037
1465;3039
1456;3042
1451;3044
1450;3046
1450;3049
1445;3051
1457;3054
1489;3056
1522;3059
1535;3061
1531;3063
1506;3066
1490;3068
1488;3072
1503;3074
1503;3076
1499;3079
1484;3081
1484;3084
1473;3086
1474;3088
1479;3091
1504;3093
1527;3096
1557;3098
1577;3101
1560;3103
1523;3105
1492;3108
1467;3110
1451;3113
1443;3116
1439;3118
1444;3121
1449;3123
1441;3126
1419;3128
1398;3131
1388;3133
1430;3135
1477;3138
1527;3140
1541;3143
1509;3145
1463;3147
1410;3150
1385;3152
1373;3155
1383;3158
1402;3160
1414;3163
1420;3165
1435;3168
1444;3170
1444;3173
1444;3175
1443;3177
1428;3180
1420;3182
1420;3185
1422;3187
1430;3189
1442;3192
1449;3194
1463;3197
1483;3200
1487;3202
1485;3205
1488;3207
1475;3210
1464;3212
1469;3215
1467;3217
1462;3219
1454;3222
1438;3224
1426;3227
1421;3229
1431;3231
1446;3234
1465;3236
1460;3239
1460;3241
1479;3244
1497;3247
1495;3249
1475;3252
1465;3254
1478;3257
1481;3259
1479;3261
1467;3264
1452;3266
1430;3269
1426;3271
1419;3273
1396;3276
1390;3278
1405;3281
1416;3283
1439;3287
1450;3289
1437;3291
1434;3294
1435;3296
1453;3299
1483;3301
1534;3303
1558;3306
1553;3308
1540;3311
1504;3313
1452;3315
1415;3318
1422;3320
1451;3323
1497;3325
1526;3329
1508;3331
1485;3333
1461;3336
1440;3338
1425;3341
1411;3343
1416;3345
1421;3348
1427;3350
1428;3353
1426;3355
1415;3357
1403;3360
1392;3362
1406;3365
1429;3367
1437;3371
1434;3373
1418;3375
1436;3378
1464;3380
1482;3383
1486;3385
1467;3387
1477;3390
1499;3392
1515;3395
1518;3397
1501;3399
1486;3402
1482;3404
1477;3407
1459;3409
1424;3412
1397;3415
1388;3417
1398;3420
1403;3422
1400;3425
1396;3427
1388;3429
1385;3432
1388;3434
1393;3437
1389;3439
1400;3441
1439;3444
1467;3446
1485;3449
1494;3451
1492;3454
1475;3457
1463;3459
1447;3462
1425;3464
1429;3467
1429;3469
1415;3471
1421;3474
1442;3476
1458;3479
1473;3481
1484;3484
1469;3486
1447;3488
1429;3491
1409;3493
1425;3496
1437;3499
1448;3501
1449;3504
1444;3506
1421;3509
1423;3511
1441;3513
1447;3516
1456;3518
1447;3521
1433;3523
1430;3526
1431;3528
1429;3530
1423;3533
1417;3535
1427;3538
1451;3540
1479;3543
1490;3546
1478;3548
1464;3551
1449;3553
1415;3555
1395;3558
1385;3560
1391;3563
1408;3565
1420;3568
1420;3570
1415;3572
1407;3575
1409;3577
1411;3580
1409;3582
1403;3585
1388;3588
1390;3590
1390;3593
1394;3595
1384;3597
1377;3600
1395;3602
1424;3605
1453;3607
1463;3610
1463;3612
1476;3614
1501;3617
1526;3619
1544;3622
1523;3624
1494;3627
1455;3630
1432;3632
1416;3635
1425;3637
1456;3640
1493;3642
1513;3644
1542;3647
1557;3649
1547;3652
1519;3654
1469;3656
1447;3659
1437;3661
1447;3664
1459;3666
1450;3668
1437;3672
1423;3674
1420;3677
1417;3679
1416;3682
1428;3684
1463;3686
1486;3689
1495;3691
1481;3694
1455;3696
1443;3698
1455;3701
1462;3703
1475;3706
1468;3708
1448;3710
1438;3714
1439;3716
1449;3719
1465;3721
1468;3724
1475;3726
1479;3728
1464;3731
1460;3733
1454;3736
1471;3738
1504;3740
1522;3743
1511;3745
1494;3748
1468;3750
1454;3752
1457;3756
1461;3758
1466;3761
1457;3763
1462;3766
1478;3768
1503;3770
1518;3773
1535;3775
1553;3778
1534;3780
1499;3782
1460;3785
1456;3787
1478;3790
1494;3792
1502;3794
1502;3798
1480;3800
1462;3803
1451;3805
1436;3808
1434;3810
1458;3812
1488;3815
1527;3817
1563;3820
1559;3822
1549;3824
1516;3827
1477;3829
1443;3832
1445;3834
1464;3836
1472;3840
1469;3842
1472;3845
1482;3847
1486;3850
1486;3852
1476;3854
1452;3857
1453;3859
1456;3862
1465;3864
1466;3866
1473;3869
1471;3871
1484;3874
1504;3876
1510;3878
1509;3881
1487;3884
1453;3887
1432;3889
1429;3892
1445;3894
1466;3896
1474;3899
1458;3901
1426;3904
1402;3906
1389;3908
1397;3911
1430;3913
1450;3916
1466;3918
1465;3921
1479;3923
1487;3926
1484;3929
1483;3931
1468;3934
1463;3936
1466;3938
1464;3941
1445;3943
1425;3946
1408;3948
1420;3950
1446;3953
1475;3955
1481;3958
1467;3960
1445;3963
1453;3965
1457;3968
1480;3971
1503;3973
1500;3976
1494;3978
1482;3980
1468;3983
1454;3985
1437;3988
1421;3990
1414;3992
1413;3995
1447;3997
1482;4000
1505;4002
1504;4005
1465;4007
1419;4009
1396;4013
1390;4015
1406;4018
1431;4020
1462;4022
1487;4025
1493;4027
1492;4030
1493;4032
1466;4034
1454;4037
1460;4039
1464;4042
1457;4044
1435;4047
1414;4049
1408;4051
1403;4055
1413;4057
1437;4060
1460;4062
1492;4064
1492;4067
1472;4069
1449;4072
1435;4074
1425;4076
1444;4079
1468;4081
1472;4084
1466;4086
1463;4089
1473;4091
1481;4093
1491;4097
1507;4099
1506;4102
1504;4104
1501;4106
1493;4109
1499;4111
1510;4114
1506;4116
1486;4118
1464;4121
1448;4123
1447;4126
1452;4128
1448;4131
1448;4133
1448;4135
1440;4139
1440;4141
1437;4144
1434;4146
1430;4148
1427;4151
1438;4153
1454;4156
1486;4158
1527;4161
1531;4163
1538;4165
1532;4168
1533;4170
1520;4173
1502;4175
1478;4177
1463;4180
1466;4183
1486;4186
1486;4188
1472;4190
1468;4193
1469;4195
1478;4198
1479;4200
1506;4203
1531;4205
1539;4207
1537;4210
1512;4212
1478;4215
1457;4217
1460;4219
1464;4222
1457;4225
1447;4228
1435;4230
1435;4232
1438;4235
1443;4237
1457;4240
1455;4242
1448;4245
1462;4247
1482;4249
1489;4252
1477;4254
1443;4257
1407;4259
1412;4261
1453;4264
1525;4267
1564;4270
1562;4272
1535;4274
1495;4277
1461;4279
1439;4282
1430;4284
1418;4287
1401;4289
1416;4291
1474;4294
1527;4296
1556;4299
1546;4301
1525;4303
1490;4306
1454;4308
1441;4312
1438;4314
1429;4316
1423;4319
1416;4321
1417;4324
1414;4326
1431;4329
1483;4331
1517;4333
1535;4336
1527;4338
1503;4341
1472;4343
1441;4345
1422;4348
1404;4350
1391;4354
1403;4356
1430;4359
1456;4361
1470;4363
1470;4366
1502;4368
1536;4371
1548;4373
1537;4375
1509;4378
1475;4380
1450;4383
1437;4385
1434;4387
1441;4390
1459;4392
1471;4396
1475;4398
1474;4401
1452;4403
1452;4405
1473;4408
1495;4410
1491;4413
1476;4415
1460;4417
1458;4420
1468;4422
1476;4425
1471;4427
1458;4429
1442;4432
1420;4434
1415;4438
1421;4440
1445;4443
1472;4445
1488;4447
1485;4450
1479;4452
1469;4455
1463;4457
1448;4459
1437;4462
1435;4464
1436;4467
1441;4469
1444;4471
1439;4474
1448;4476
1465;4480
1485;4482
1513;4485
1530;4487
1522;4489
1510;4492
1484;4494
1462;4497
1434;4499
1420;4501
1416;4504
1411;4506
1425;4509
1463;4511
1541;4513
1583;4516
1590;4518
1571;4521
1529;4524
1493;4527
1491;4529
1499;4531
1523;4534
1521;4536
1524;4539
1526;4541
1512;4543
1498;4546
1461;4548
1439;4551
1431;4553
1435;4556
1440;4558
1437;4560
1440;4563
1441;4566
1434;4569
1436;4571
1460;4573
1469;4576
1470;4578
1463;4581
1464;4583
1459;4585
1448;4588
1438;4590
1442;4593
1442;4595
1453;4598
1455;4600
1449;4602
1462;4605
1500;4608
1532;4611
1547;4613
1525;4615
1497;4618
1449;4620
1415;4623
1402;4625
1417;4627
1440;4630
1456;4632
1462;4635
1441;4637
1424;4640
1423;4642
1434;4644
1454;4647
1473;4649
1477;4653
1485;4655
1502;4657
1489;4660
1479;4662
1463;4665
1441;4667
1409;4669
1410;4672
1424;4674
1437;4677
1485;4679
1521;4682
1534;4684
1529;4686
1515;4689
1485;4691
1478;4695
1483;4697
1494;4699
1485;4702
1472;4704
1458;4707
1459;4709
1461;4711
1468;4714
1475;4716
1464;4719
1465;4721
1461;4724
1462;4726
1459;4728
1456;4731
1441;4733
1418;4737
1412;4739
1413;4741
1433;4744
1451;4746
1460;4749
1469;4751
1468;4753
1468;4756
1478;4758
1478;4761
1471;4763
1458;4766
1446;4768
1443;4770
1451;4773
1457;4775
1461;4779
1471;4781
1481;4783
1488;4786
1487;4788
1479;4791
1480;4793
1485;4796
1508;4798
1535;4800
1538;4803
1528;4805
1497;4808
1460;4810
1439;4812
1435;4815
1447;4817
1454;4820
1447;4823
1427;4825
1405;4828
1398;4830
1381;4833
1382;4835
1394;4838
1397;4840
1406;4842
1420;4845
1446;4847
1469;4850
1492;4852
1503;4854
1487;4857
1470;4859
1456;4862
1451;4865
1450;4867
1467;4870
1505;4872
1549;4875
1590;4877
1583;4880
1556;4882
1518;4884
1480;4887
1465;4889
1471;4892
1485;4894
1516;4896
1550;4899
1583;4901
1602;4904
1599;4907
1573;4909
1525;4912
1487;4914
1461;4917
1456;4919
1494;4922
1524;4924
1559;4926
1571;4929
1558;4931
1538;4934
1522;4936
1490;4938
1463;4941
1448;4943
1448;4946
1466;4948
1505;4951
1517;4954
1513;4956
1488;4959
1460;4961
1432;4964
1428;4966
1427;4968
1428;4971
1464;4973
1508;4976
1524;4978
1525;4980
1521;4983
1507;4985
1501;4988
1496;4990
1484;4993
1487;4996
1467;4998
1453;5001
1463;5003
1483;5006
1497;5008
1513;5010
1509;5013
1511;5015
1520;5018
1522;5020
1521;5022
1486;5025
1442;5027
1414;5030
1399;5032
1405;5036
1426;5038
1450;5040
1457;5043
1448;5045
1428;5048
1405;5050
1405;5052
1411;5055
1446;5057
1486;5060
1479;5062
1474;5064
1476;5067
1471;5069
1501;5072
1498;5074
1505;5078
1521;5080
1520;5082
1495;5085
1459;5087
1454;5090
1460;5092
1467;5094
1468;5097
1456;5099
1444;5102
1434;5104
1434;5106
1424;5109
1427;5111
1439;5114
1442;5116
1443;5120
1430;5122
1417;5124
1410;5127
1437;5129
1475;5132
1515;5134
1544;5136
1547;5139
1541;5141
1493;5144
1447;5146
1435;5149
1440;5151
1438;5153
1463;5156
1492;5158
1492;5161
1494;5164
1473;5166
1464;5169
1469;5171
1478;5174
1482;5176
1473;5178
1452;5181
1428;5183
1411;5186
1407;5188
1399;5191
1399;5193
1401;5195
1396;5198
1407;5200
1447;5203
1473;5206
1495;5208
1524;5211
1547;5213
1531;5216
1506;5218
1487;5220
1468;5223
1460;5225
1458;5228
1453;5230
1459;5233
1478;5235
1490;5237
1506;5240
1504;5242
1490;5245
1484;5248
1470;5250
1460;5253
1452;5255
1455;5258
1454;5260
1466;5262
1488;5265
1481;5267
1471;5270
1457;5272
1445;5275
1464;5277
1497;5279
1523;5282
1511;5284
1478;5287
1470;5289
1498;5292
1531;5295
1560;5297
1543;5300
1495;5302
1451;5304
1429;5307
1439;5309
1452;5312
1500;5314
1526;5317
1530;5319
1519;5321
1498;5324
1445;5326
1413;5329
1400;5331
1414;5334
1429;5337
1456;5339
1468;5342
1473;5344
1490;5346
1498;5349
1524;5351
1548;5354
1559;5356
1564;5359
1530;5361
1478;5363
1451;5366
1454;5368
1475;5371
1534;5373
1590;5376
1621;5379
1610;5381
1548;5384
1467;5386
1413;5389
1391;5391
1387;5393
1389;5396
1400;5398
1417;5401
1421;5403
1423;5405
1417;5408
1444;5410
1488;5413
1519;5415
1558;5417
1577;5421
1565;5423
1547;5426
1516;5428
1471;5431
1447;5433
1440;5435
1475;5438
1494;5440
1543;5443
1591;5445
1615;5447
1604;5450
1549;5452
1473;5455
1433;5457
1428;5459
1429;5463
1419;5465
1409;5468
1406;5470
1429;5473
1453;5475
1467;5477
1479;5480
1472;5482
1468;5485
1481;5487
1498;5489
1528;5492
1543;5494
1516;5497
1494;5499
1475;5501
1463;5505
1475;5507
1477;5510
1479;5512
1483;5515
1491;5517
1510;5519
1517;5522
1526;5524
1507;5527
1477;5529
1468;5531
1485;5534
1501;5536
1512;5539
1483;5541
1433;5543
1408;5547
1389;5549
1387;5552
1410;5554
1461;5557
1510;5559
1517;5561
1504;5564
1485;5566
1474;5569
1453;5571
1455;5573
1464;5576
1459;5578
1458;5581
1472;5583
1490;5586
1506;5588
1523;5591
1536;5594
1552;5596
1550;5599
1548;5601
1519;5603
1473;5606
1445;5608
1443;5611
1444;5613
1456;5615
1464;5618
1470;5620
1491;5623
1516;5625
1561;5628
1579;5630
1565;5633
1525;5636
1502;5638
1518;5641
1536;5643
1541;5645
1518;5648
1496;5650
1474;5653
1458;5655
1460;5657
1456;5660
1473;5662
1542;5665
1585;5667
1596;5670
1565;5672
1494;5675
1451;5678
1432;5680
1449;5683
1482;5685
1521;5687
1532;5690
1526;5692
1485;5695
1435;5697
1413;5699
1414;5702
1435;5704
1459;5707
1478;5709
1477;5712
1481;5714
1517;5716
1521;5720
1521;5722
1501;5725
1459;5727
1428;5729
1396;5732
1398;5734
1420;5737
1457;5739
1501;5741
1538;5744
1582;5746
1604;5749
1579;5751
1546;5754
1479;5756
1436;5758
1431;5762
1470;5764
1493;5767
1507;5769
1501;5771
1473;5774
1453;5776
1454;5779
1449;5781
1443;5784
1445;5786
1490;5788
1539;5791
1570;5793
1571;5796
1517;5798
1452;5800
1441;5804
1438;5806
1422;5809
1413;5811
1400;5813
1413;5816
1468;5818
1505;5821
1510;5823
1490;5826
1485;5828
1482;5830
1479;5833
1462;5835
1420;5838
1384;5840
1387;5842
1415;5846
1432;5848
1446;5851
1457;5853
1496;5855
1525;5858
1548;5860
1546;5863
1499;5865
1471;5868
1448;5870
1467;5872
1499;5875
1521;5877
1511;5880
1486;5882
1465;5884
1475;5888
1498;5890
1500;5893
1467;5895
1449;5897
1448;5900
1453;5902
1461;5905
1448;5907
1425;5910
1455;5912
1507;5914
1535;5917
1520;5919
1463;5922
1422;5924
1405;5926
1417;5929
1432;5932
1444;5935
1443;5937
1459;5939
1470;5942
1484;5944
1502;5947
1500;5949
1491;5952
1479;5954
1443;5956
1443;5959
1474;5961
1491;5964
1479;5966
1470;5968
1464;5971
1450;5974
1434;5977
1413;5979
1421;5981
1441;5984
1472;5986
1488;5989
1477;5991
1434;5994
1404;5996
1402;5998
1420;6001
1432;6003
1446;6006
1451;6008
1445;6010
1452;6013
1452;6016
1446;6019
1465;6021
1505;6024
1534;6026
1558;6028
1577;6031
1572;6033
1559;6036
1549;6038
1528;6040
1504;6043
1488;6045
1488;6048
1483;6050
1455;6052
1432;6055
1407;6057
1387;6061
1403;6063
1440;6066
1484;6068
1497;6070
1497;6073
1481;6075
1441;6078
1419;6080
1423;6082
1436;6085
1442;6087
1451;6090
1469;6092
1479;6094
1490;6097
1483;6099
1468;6103
1455;6105
1454;6108
1461;6110
1473;6112
1502;6115
1539;6117
1558;6120
1561;6122
1522;6124
1473;6127
1444;6129
1438;6132
1460;6134
1465;6136
1462;6139
1449;6141
1429;6145
1428;6147
1476;6150
1530;6152
1550;6154
1532;6157
1472;6159
1428;6162
1413;6164
1419;6166
1447;6169
1482;6171
1502;6174
1502;6176
1489;6178
1489;6181
1483;6183
1486;6187
1490;6189
1480;6192
1459;6194
1426;6196
1417;6199
1435;6201
1453;6204
1472;6206
1481;6208
1476;6211
1472;6213
1475;6216
1460;6218
1444;6221
1428;6223
1401;6225
1389;6228
1394;6231
1396;6234
1409;6236
1460;6238
1532;6241
1580;6243
1600;6246
1567;6248
1516;6250
1490;6253
1487;6255
1471;6258
1449;6260
1432;6263
1399;6265
1393;6267
1411;6270
1449;6273
1511;6276
1535;6278
1525;6280
1489;6283
1450;6285
1425;6288
1402;6290
1398;6292
1393;6295
1394;6297
1399;6300
1426;6302
1463;6305
1490;6307
1540;6309
1568;6312
1574;6315
1569;6318
1551;6320
1499;6322
1455;6325
1422;6327
1411;6330
1418;6332
1436;6334
1463;6337
1519;6339
1572;6342
1600;6344
1590;6347
1542;6349
1481;6351
1426;6354
1400;6356
1393;6360
1388;6362
1392;6364
1385;6367
1386;6369
1392;6372
1403;6374
1429;6377
1471;6379
1518;6381
1540;6384
1547;6386
1552;6389
1546;6391
1520;6393
1508;6396
1529;6398
1586;6402
1633;6404
1645;6406
1621;6409
1550;6411
1519;6414
1532;6416
1535;6419
1544;6421
1519;6423
1485;6426
1456;6428
1429;6431
1404;6433
1397;6435
1402;6438
1409;6440
1409;6444
1408;6446
1401;6448
1433;6451
1499;6453
1539;6456
1564;6458
1543;6461
1511;6463
1470;6465
1459;6468
1475;6470
1494;6473
1503;6475
1514;6477
1530;6480
1573;6482
1598;6486
1600;6488
1571;6490
1521;6493
1482;6495
1465;6498
1447;6500
1462;6503
1475;6505
1478;6507
1460;6510
1431;6512
1400;6515
1377;6517
1378;6519
1384;6522
1396;6524
1407;6528
1416;6530
1430;6532
1436;6535
1433;6537
1434;6540
1437;6542
1448;6545
1458;6547
1466;6549
1465;6552
1470;6554
1457;6557
1436;6559
1422;6561
1406;6564
1397;6566
1393;6569
1399;6572
1410;6574
1426;6577
1448;6579
1463;6582
1469;6584
1480;6587
1509;6589
1541;6591
1547;6594
1542;6596
1504;6599
1480;6601
1454;6603
1446;6606
1441;6608
1471;6611
1498;6614
1537;6616
1552;6619
1546;6621
1549;6624
1541;6626
1543;6629
1535;6631
1503;6633
1474;6636
1448;6638
1434;6641
1432;6643
1434;6645
1435;6648
1438;6650
1429;6653
1437;6656
1456;6659
1469;6661
1480;6663
1465;6666
1470;6668
1467;6671
1474;6673
1478;6675
1487;6678
1500;6680
1507;6683
1493;6685
1474;6687
1482;6690
1501;6692
1549;6695
1585;6697
1598;6701
1575;6703
1550;6705
1547;6708
1564;6710
1578;6713
1564;6715
1541;6717
1499;6720
1466;6722
1455;6725
1474;6727
1482;6729
1477;6732
1460;6734
1453;6737
1466;6739
1484;6743
1490;6745
1468;6747
1451;6750
1455;6752
1472;6755
1492;6757
1496;6759
1480;6762
1469;6764
1459;6767
1484;6769
1511;6771
1530;6774
1524;6776
1529;6779
1539;6781
1555;6785
1573;6787
1565;6789
1544;6792
1542;6794
1532;6797
1506;6799
1470;6801
1443;6804
1442;6806
1457;6809
1474;6811
1489;6814
1489;6816
1494;6818
1502;6821
1519;6823
1524;6827
1534;6829
1526;6831
1509;6834
1512;6836
1510;6839
1520;6841
1528;6843
1541;6846
1540;6848
1520;6851
1490;6853
1470;6856
1450;6858
1447;6860
1474;6863
1512;6865
1561;6868
1594;6871
1596;6873
1576;6876
1535;6878
1484;6881
1452;6883
1442;6885
1428;6888
1415;6890
1402;6893
1393;6895
1404;6898
1420;6900
1438;6902
1459;6905
1495;6907
1509;6910
1504;6913
1486;6915
1442;6918
1423;6920
1419;6923
1415;6925
1426;6927
1446;6930
1468;6932
1480;6935
1489;6937
1497;6940
1505;6942
1500;6944
1482;6947
1463;6949
1479;6952
1512;6955
1529;6957
1532;6960
1512;6962
1483;6965
1469;6967
1488;6969
1488;6972
1484;6974
1464;6977
1452;6979
1458;6982
1475;6984
1480;6986
1485;6989
1477;6991
1462;6994
1452;6996
1468;6999
1483;7002
1480;7004
1454;7007
1437;7009
1437;7011
1451;7014
1475;7016
1494;7019
1516;7021
1530;7024
1533;7026
1496;7028
1460;7031
1445;7033
1461;7036
1488;7038
1521;7041
1533;7044
1528;7046
1541;7049
1555;7051
1572;7054
1547;7056
1508;7058
1474;7061
1459;7063
1472;7066
1492;7068
1515;7070
1505;7073
1496;7075
1480;7078
1472;7080
1455;7083
1452;7086
1457;7088
1467;7091
1476;7093
1478;7096
1482;7098
1489;7100
1487;7103
1478;7105
1474;7108
1486;7110
1497;7112
1515;7115
1556;7117
1575;7120
1593;7122
1609;7124
1617;7128
1613;7130
1595;7133
1554;7135
1499;7138
1459;7140
1428;7142
1410;7145
1401;7147
1417;7150
1433;7152
1465;7154
1484;7157
1501;7159
1499;7162
1487;7164
1480;7166
1491;7170
1500;7172
1497;7175
1516;7177
1549;7180
1571;7182
1580;7184
1577;7187
1570;7189
1559;7192
1566;7194
1595;7196
1623;7199
1627;7201
1611;7204
1606;7206
1576;7209
1602;7212
1634;7214
1653;7217
1651;7219
1624;7222
1560;7224
1524;7226
1513;7229
1536;7231
1560;7234
1567;7236
1559;7238
1508;7241
1458;7243
1414;7246
1399;7248
1389;7251
1386;7254
1382;7256
1409;7259
1470;7261
1523;7264
1551;7266
1535;7268
1497;7271
1453;7273
1472;7276
1501;7278
1532;7280
1556;7283
1549;7285
1507;7288
1457;7290
1428;7293
1395;7296
1364;7298
1341;7301
1350;7303
1368;7306
1385;7308
1368;7310
1362;7313
1392;7315
1426;7318
1438;7320
1410;7322
1361;7325
1337;7327
1333;7330
1344;7332
1380;7335
1420;7337
1455;7340
1462;7343
1461;7345
1438;7348
1385;7350
1366;7352
1371;7355
1395;7357
1453;7360
1496;7362
1490;7364
1472;7367
1424;7369
1384;7372
1366;7374
1381;7377
1395;7379
1437;7382
1480;7385
1483;7387
1498;7390
1477;7392
1431;7394
1417;7397
1403;7399
1403;7402
1429;7404
1453;7406
1454;7409
1446;7411
1418;7414
1390;7416
1393;7419
1404;7421
1449;7424
1477;7427
1517;7429
1548;7432
1512;7434
1465;7436
1407;7439
1388;7441
1414;7444
1442;7446
1456;7449
1457;7451
1437;7453
1441;7456
1458;7458
1444;7461
1416;7463
1398;7465
1408;7469
1421;7471
1433;7474
1439;7476
1417;7478
1389;7481
1360;7483
1370;7486
1403;7488
1464;7491
1535;7493
1562;7495
1560;7498
1523;7500
1443;7503
1387;7505
1366;7507
1380;7511
1412;7513
1438;7516
1467;7518
1531;7520
1556;7523
1574;7525
1547;7528
1486;7530
1459;7533
1464;7535
1489;7537
1486;7540
1446;7542
1419;7545
1403;7547
1403;7549
1400;7553
1396;7555
1394;7558
1385;7560
1381;7562
1374;7565
1393;7567
1416;7570
1436;7572
1462;7575
1475;7577
1481;7579
1477;7582
1469;7584
1457;7587
1435;7589
1413;7591
1401;7595
1395;7597
1398;7600
1423;7602
1468;7604
1497;7607
1513;7609
1501;7612
1462;7614
1424;7617
1411;7619
1404;7621
1406;7624
1412;7626
1419;7629
1421;7631
1428;7633
1431;7636
1430;7639
1425;7642
1421;7644
1417;7647
1421;7649
1449;7651
1476;7654
1487;7656
1472;7659
1447;7661
1434;7663
1429;7666
1428;7668
1429;7671
1439;7673
1462;7675
1495;7678
1533;7681
1554;7684
1550;7686
1513;7689
1489;7691
1462;7693
1447;7696
1439;7698
1433;7701
1431;7703
1430;7705
1430;7708
1431;7710
1432;7713
1433;7715
1433;7717
1433;7720
1433;7723
1433;7726
1433;7728
1433;7731
1433;7733
1432;7735
1432;7738
1431;7740
1430;7743
1428;7745
1427;7747
1426;7750
1427;7752
1428;7755
1429;7757
1431;7759
1434;7762
1444;7764
1459;7768
1472;7770
1480;7773
1485;7775
1493;7777
1506;7780
1519;7782
1522;7785
1517;7787
1509;7789
1500;7792
1497;7794
1498;7797
1504;7799
1511;7801
1518;7804
1523;7806
1528;7810
1529;7812
1531;7815
1533;7817
1533;7819
1532;7822
1529;7824
1526;7827
1524;7829
1522;7831
1525;7834
1529;7836
1533;7839
1537;7841
1539;7844
1541;7846
1541;7848
1539;7852
1536;7854
1533;7857
1530;7859
1527;7861
1527;7864
1539;7866
1561;7869
1574;7871
1573;7873
1561;7876
1546;7878
1527;7881
1508;7883
1495;7886
1484;7888
1476;7890
1471;7894
1470;7896
1470;7899
1472;7901
1475;7903
1478;7906
1481;7908
1485;7911
1486;7913
1487;7915
1487;7918
1487;7920
1486;7923
1486;7925
1485;7928
1484;7930
1485;7932
1492;7936
1503;7938
1514;7941
1515;7943
1507;7945
1497;7948
1488;7950
1483;7953
1482;7955
1484;7957
1485;7960
1487;7962
1484;7965
1477;7967
1470;7970
1469;7972
1472;7974
1475;7977
1479;7980
1480;7983
1474;7985
1468;7987
1455;7990
1444;7992
1437;7995
1430;7997
1426;7999
1423;8002
1422;8004
1423;8007
1426;8009
1428;8012
1427;8014
1424;8016
1419;8019
1418;8022
1416;8025
1419;8027
1422;8029
1430;8032
1443;8034
1456;8037
1467;8039
1472;8041
1464;8044
1455;8046
1454;8049
1455;8051
1454;8054
1460;8056
1480;8058
1502;8061
1521;8064
1532;8067
1537;8069
1527;8071
1517;8074
1512;8076
1510;8079
1507;8081
1507;8084
1510;8086
1514;8088
1520;8091
1526;8093
1534;8096
1544;8098
1556;8100
1566;8103
1579;8105
1589;8109
1593;8111
1593;8113
1594;8116
1595;8118
1599;8121
1604;8123
1609;8126
1624;8128
1641;8130
1655;8133
1663;8135
1664;8138
1653;8140
1643;8142
1639;8145
1638;8147
1641;8151
1642;8153
1642;8155
1644;8158
1654;8160
1660;8163
1657;8165
1645;8168
1632;8170
1620;8172
1610;8175
1602;8177
1597;8180
1593;8182
1588;8184
1581;8187
1577;8189
1575;8193
1576;8195
1577;8197
1579;8200
1575;8202
1569;8205
1563;8207
1557;8210
1550;8212
1545;8214
1540;8217
1535;8219
1531;8222
1530;8224
1534;8226
1536;8229
1536;8231
1533;8235
1525;8237
1518;8239
1513;8242
1506;8244
1502;8247
1499;8249
1499;8252
1502;8254
1506;8256
1508;8259
1509;8261
1505;8264
1498;8266
1492;8268
1489;8271
1488;8273
1494;8276
1523;8279
1549;8281
1563;8284
1559;8286
1535;8289
1508;8291
1495;8294
1483;8296
1477;8298
1474;8301
1470;8303
1469;8306
1470;8308
1472;8310
1473;8313
1474;8315
1475;8318
1474;8321
1472;8323
1470;8326
1469;8328
1469;8331
1469;8333
1469;8336
1470;8338
1471;8340
1473;8343
1475;8345
1475;8348
1474;8350
1471;8352
1469;8355
1470;8357
1472;8360
1473;8363
1475;8365
1474;8368
1472;8370
1468;8373
1464;8375
1461;8378
1460;8380
1458;8382
1456;8385
1455;8387
1453;8390
1454;8392
1456;8394
1459;8397
1462;8399
1459;8402
1453;8404
1448;8408
1443;8410
1440;8412
1439;8415
1441;8417
1447;8420
1453;8422
1456;8424
1458;8427
1458;8429
1455;8432
1455;8434
1454;8436
1451;8439
1447;8441
1439;8444
1434;8446
1431;8450
1429;8452
1431;8454
1432;8457
1434;8459
1436;8462
1435;8464
1432;8466
1430;8469
1425;8471
1422;8474
1418;8476
1416;8478
1415;8481
1415;8483
1415;8486
1415;8488
1416;8492
1417;8494
1419;8496
1423;8499
1430;8501
1437;8504
1443;8506
1447;8508
1445;8511
1439;8513
1437;8516
1435;8518
1437;8520
1443;8523
1449;8525
1454;8528
1455;8530
1453;8534
1451;8536
1448;8538
1446;8541
1442;8543
1440;8546
1441;8548
1443;8550
1447;8553
1451;8555
1453;8558
1453;8560
1452;8562
1448;8565
1446;8567
1445;8570
1445;8572
1446;8576
1448;8578
1450;8580
1452;8583
1454;8585
1457;8588
1456;8590
1457;8592
1459;8595
1461;8597
1464;8600
1467;8602
1469;8604
1470;8607
1472;8609
1474;8612
1476;8614
1478;8617
1477;8620
1475;8622
1473;8625
1474;8627
1475;8630
1477;8632
1478;8634
1481;8637
1486;8639
1490;8642
1491;8644
1488;8646
1482;8649
1475;8651
1472;8654
1472;8656
1472;8659
1472;8662
1471;8664
1470;8667
1467;8669
1466;8672
1463;8674
1462;8676
1462;8679
1468;8681
1476;8684
1483;8686
1488;8688
1490;8691
1485;8693
1477;8696
1475;8698
1477;8701
1479;8704
1483;8706
1487;8709
1488;8711
1487;8714
1485;8716
1481;8718
1479;8721
1477;8723
1476;8726
1476;8728
1477;8731
1480;8733
1484;8735
1487;8738
1489;8740
1490;8743
1493;8745
1496;8748
1500;8751
1499;8753
1499;8756
1502;8758
1502;8760
1501;8763
1502;8765
1502;8768
1503;8770
1502;8773
1502;8775
1503;8777
1503;8780
1503;8782
1503;8785
1504;8787
1505;8790
1507;8793
1509;8795
1509;8798
1512;8800
1513;8802
1515;8805
1514;8807
1513;8810
1510;8812
1507;8815
1504;8817
1504;8819
1504;8822
1505;8824
1506;8827
1506;8829
1505;8832
1505;8835
1509;8837
1514;8840
1519;8842
1523;8844
1523;8847
1517;8849
1509;8852
1503;8854
1498;8857
1495;8859
1492;8861
1490;8864
1489;8866
1493;8869
1497;8871
1502;8873
1505;8877
1503;8879
1498;8882
1491;8884
1486;8886
1483;8889
1482;8891
1481;8894
1481;8896
1481;8899
1482;8901
1485;8903
1488;8906
1490;8908
1491;8911
1490;8913
1488;8915
1487;8919
1489;8921
1492;8924
1495;8926
1496;8928
1495;8931
1493;8933
1494;8936
1494;8938
1494;8941
1493;8943
1492;8945
1489;8948
1489;8950
1494;8953
1501;8955
1507;8957
1509;8961
1505;8963
1498;8966
1490;8968
1486;8971
1484;8973
1482;8975
1481;8978
1480;8980
1478;8983
1478;8985
1480;8987
1486;8990
1492;8992
1495;8995
1498;8997
1492;8999
1483;9003
1477;9005
1473;9008
1471;9010
1469;9013
1467;9015
1466;9017
1465;9020
1464;9022
1464;9025
1463;9027
1463;9029
1462;9032
1461;9034
1460;9037
1460;9039
1461;9041
1462;9044
1463;9047
1464;9050
1464;9052
1461;9055
1459;9057
1458;9059
1460;9062
1466;9064
1470;9067
1475;9069
1477;9071
1474;9074
1465;9076
1455;9079
1448;9081
1444;9083
1442;9086
1442;9089
1443;9092
1443;9094
1443;9097
1441;9099
1439;9101
1437;9104
1436;9106
1436;9109
1437;9111
1438;9113
1439;9116
1438;9118
1436;9121
1434;9123
1432;9125
1431;9128
1430;9131
1430;9134
1430;9136
1431;9139
1432;9141
1434;9143
1436;9146
1437;9148
1441;9151
1446;9153
1450;9155
1455;9158
1459;9160
1461;9163
1455;9165
1445;9167
1439;9170
1434;9172
1433;9176
1433;9178
1434;9181
1434;9183
1433;9185
1431;9188
1430;9190
1429;9193
1429;9195
1430;9197
1430;9200
1430;9202
1430;9205
1430;9207
1430;9210
1431;9212
1431;9214
1432;9218
1433;9220
1434;9223
1435;9225
1436;9227
1436;9230
1436;9232
1435;9235
1436;9237
1437;9239
1439;9242
1438;9244
1435;9247
1434;9249
1433;9252
1432;9254
1427;9256
1425;9260
1425;9262
1426;9265
1428;9267
1430;9269
1430;9272
1428;9274
1424;9277
1422;9279
1421;9281
1420;9284
1419;9286
1418;9289
1417;9291
1416;9294
1416;9296
1416;9298
1415;9302
1415;9304
1416;9307
1417;9309
1421;9311
1426;9314
1432;9316
1436;9319
1437;9321
1435;9323
1431;9326
1427;9328
1426;9331
1426;9333
1428;9336
1430;9338
1431;9340
1433;9344
1434;9346
1432;9349
1429;9351
1424;9353
1421;9356
1420;9358
1420;9361
1420;9363
1421;9366
1421;9368
1422;9370
1423;9373
1423;9375
1424;9378
1428;9380
1433;9382
1438;9385
1442;9388
1444;9391
1439;9393
1435;9395
1430;9398
1426;9400
1422;9403
1421;9405
1421;9408
1422;9410
1423;9412
1423;9415
1420;9417
1419;9420
1420;9422
1422;9424
1426;9427
1428;9430
1430;9433
1431;9435
1428;9437
1426;9440
1425;9442
1424;9445
1425;9447
1425;9450
1425;9452
1426;9454
1428;9457
1432;9459
1433;9462
1430;9464
1429;9466
1426;9469
1423;9472
1421;9475
1420;9477
1420;9479
1421;9482
1422;9484
1424;9487
1427;9489
1431;9492
1435;9494
1439;9496
1441;9499
1442;9501
1442;9504
1439;9506
1438;9508
1437;9511
1438;9513
1440;9517
1442;9519
1447;9521
1453;9524
1458;9526
1463;9529
1467;9531
1465;9534
1460;9536
1458;9538
1459;9541
1461;9543
1465;9546
1469;9548
1474;9550
1478;9553
1482;9555
1483;9559
1483;9561
1480;9564
1479;9566
1478;9568
1479;9571
1480;9573
1481;9576
1483;9578
1485;9580
1488;9583
1491;9585
1495;9588
1499;9590
1500;9592
1500;9595
1501;9597
1501;9601
1502;9603
1502;9606
1503;9608
1503;9610
1504;9613
1507;9615
1510;9618
1512;9620
1513;9622
1514;9625
1516;9627
1518;9630
1518;9632
1518;9634
1517;9637
1517;9639
1518;9643
1519;9645
1520;9648
1524;9650
1530;9652
1536;9655
1540;9657
1542;9660
1538;9662
1528;9664
1518;9667
1513;9669
1510;9672
1509;9674
1507;9676
1507;9679
1508;9681
1508;9684
1508;9687
1508;9690
1509;9692
1509;9694
1509;9697
1509;9699
1509;9702
1512;9704
1512;9706
1512;9709
1511;9711
1509;9714
1506;9716
1503;9718
1497;9721
1495;9723
1494;9726
1495;9729
1498;9732
1502;9734
1504;9736
1504;9739
1503;9741
1504;9744
1504;9746
1505;9748
1507;9751
1511;9753
1519;9756
1527;9758
1536;9761
1543;9763
1547;9765
1547;9768
1541;9771
1538;9774
1539;9776
1541;9778
1544;9781
1546;9783
1548;9786
1548;9788
1550;9790
1550;9793
1551;9795
1551;9798
1551;9800
1552;9803
1553;9805
1555;9807
1557;9810
1559;9812
1559;9816
1560;9818
1561;9820
1559;9823
1557;9825
1557;9828
1556;9830
1556;9832
1555;9835
1554;9837
1551;9840
1547;9842
1542;9845
1536;9847
1532;9849
1529;9852
1528;9854
1526;9858
1525;9860
1522;9862
1520;9865
1516;9867
1514;9870
1510;9872
1506;9874
1504;9877
1501;9879
1496;9882
1492;9884
1488;9887
1485;9889
1482;9891
1480;9894
1477;9896
1475;9900
1474;9902
1472;9904
1471;9907
1470;9909
1470;9912
1470;9914
1471;9916
1471;9919
1470;9921
1469;9924
1468;9926
1468;9929
1469;9931
1470;9933
1471;9936
1473;9938
1475;9942
1476;9944
1478;9946
1480;9949
1481;9951
1483;9954
1485;9956
1488;9958
1490;9961
1494;9963
1497;9966
1498;9968
1500;9971
1500;9973
1498;9975
1494;9978
1490;9980
1488;9984
1487;9986
1486;9988
1487;9991
1488;9993
1487;9996
1487;9998
1485;10000
1485;10003
1487;10005
1491;10008
1494;10010
1496;10013
1494;10015
1491;10018
1485;10020
1482;10023
1480;10025
1478;10029
1478;10031
1479;10033
1483;10036
1485;10038
1487;10041
1487;10043
1484;10046
1479;10048
1474;10051
1471;10053
1469;10056
1468;10058
1468;10061
1468;10063
1468;10066
1468;10068
1467;10071
1467;10074
1467;10076
1467;10079
1467;10081
1467;10084
1468;10086
1469;10089
1470;10091
1471;10094
1472;10096
1471;10099
1470;10101
1468;10103
1467;10106
1466;10108
1467;10112
1467;10114
1467;10117
1468;10119
1469;10122
1474;10124
1479;10127
1482;10129
1482;10132
1481;10134
1478;10136
1477;10139
1472;10141
1467;10144
1462;10146
1457;10149
1454;10151
1453;10155
1453;10157
1454;10160
1456;10162
1457;10165
1456;10167
1455;10169
1453;10172
1452;10174
1452;10177
1452;10179
1454;10182
1455;10184
1456;10187
1460;10189
1465;10192
1471;10194
1475;10198
1478;10200
1479;10202
1477;10205
1474;10207
1472;10210
1472;10212
1473;10215
1476;10217
1482;10220
1487;10222
1491;10225
1492;10227
1491;10230
1489;10232
1486;10234
1483;10237
