1473;2
1473;4
1475;7
1478;9
1478;11
1477;13
1476;16
1476;18
1477;20
1473;23
1470;25
1469;27
1467;30
1465;32
1461;34
1463;37
1465;39
1465;41
1466;44
1469;47
1467;49
1462;51
1458;54
1456;56
1456;58
1457;61
1459;63
1459;65
1459;68
1460;70
1461;72
1461;74
1463;77
1466;79
1468;81
1474;84
1479;87
1484;89
1487;92
1487;94
1487;96
1487;99
1483;101
1481;103
1484;106
1488;108
1493;110
1496;113
1498;115
1492;117
1491;120
1492;122
1494;125
1496;128
1497;130
1498;133
1498;135
1498;137
1499;140
1501;142
1503;144
1504;147
1503;149
1501;152
1501;154
1501;156
1503;159
1505;161
1507;163
1508;166
1507;168
1506;171
1506;174
1508;176
1509;179
1508;181
1509;183
1511;186
1515;188
1521;190
1520;193
1520;195
1523;197
1527;200
1526;202
1521;204
1514;207
1509;209
1509;212
1509;215
1506;217
1503;220
1500;222
1498;224
1499;227
1498;229
1495;231
1492;234
1492;236
1495;239
1498;241
1496;243
1494;246
1489;248
1485;250
1482;253
1480;256
1479;258
1477;261
1476;263
1475;266
1474;268
1475;270
1474;273
1472;275
1472;277
1471;280
1473;282
1475;284
1478;287
1482;289
1484;292
1486;294
1491;296
1490;300
1483;302
1484;304
1485;307
1482;309
1477;311
1470;314
1467;316
1466;319
1464;321
1459;323
1456;326
1453;328
1453;330
1453;333
1455;335
1456;337
1456;340
1456;343
1454;346
1452;348
1450;350
1449;353
1448;355
1447;357
1448;360
1450;362
1451;364
1454;367
1456;369
1460;372
1466;374
1470;376
1471;379
1469;381
1469;384
1472;387
1474;389
1473;391
1470;394
1472;396
1475;399
1479;401
1476;403
1472;406
1473;408
1472;410
1473;413
1474;415
1473;417
1472;420
1472;422
1472;425
1471;428
1471;430
1471;433
1472;435
1472;437
1474;440
1476;442
1478;444
1479;447
1481;449
1482;452
1483;454
1486;456
1489;459
1495;461
1501;463
1503;466
1504;468
1506;471
1508;474
1512;476
1519;478
1521;481
1525;483
1530;486
1538;488
1538;490
1535;493
1533;495
1533;497
1533;500
1536;502
1534;504
1531;507
1529;509
1529;513
1527;515
1526;517
1524;520
1524;522
1523;524
1524;527
1526;529
1526;531
1526;534
1526;536
1526;539
1527;541
1531;543
1532;546
1533;548
1531;550
1533;553
1541;556
1544;558
1540;561
1539;563
1536;566
1535;568
1529;570
1522;573
1517;575
1514;577
1513;580
1512;582
1512;584
1512;587
1513;589
1511;592
1506;594
1503;596
1500;600
1498;602
1496;604
1495;607
1495;609
1496;611
1498;614
1501;616
1506;619
1511;621
1512;623
1509;626
1506;628
1500;630
1497;633
1494;635
1489;637
1490;641
1494;643
1494;646
1492;648
1491;650
1486;653
1483;655
1483;657
1482;660
1481;662
1480;664
1481;667
1482;669
1482;672
1481;674
1479;676
1477;679
1477;681
1477;684
1478;687
1478;689
1478;691
1476;694
1474;696
1472;699
1469;701
1468;703
1471;706
1474;708
1472;710
1469;713
1469;715
1469;717
1468;720
1466;722
1464;726
1462;728
1464;730
1464;733
1461;735
1456;737
1454;740
1452;742
1448;744
1446;747
1441;749
1439;752
1438;754
1441;756
1446;759
1448;761
1448;763
1447;766
1443;769
1440;771
1439;774
1439;776
1439;779
1438;781
1439;783
1441;786
1445;788
1448;790
1452;793
1458;795
1462;797
1463;800
1465;802
1468;805
1472;807
1480;809
1484;813
1485;815
1481;817
1474;820
1475;822
1479;824
1483;827
1488;829
1491;832
1489;834
1485;836
1484;839
1485;841
1487;843
1489;846
1492;848
1491;850
1492;854
1492;856
1493;859
1494;861
1495;863
1496;866
1498;868
1500;870
1502;873
1508;875
1514;877
1521;880
1529;882
1529;885
1526;887
1534;889
1544;892
1547;894
1538;897
1527;900
1513;902
1506;904
1503;907
1501;909
1501;912
1500;914
1500;916
1498;919
1496;921
1496;923
1496;926
1497;928
1498;930
1498;933
1496;935
1493;939
1492;941
1491;943
1490;946
1490;948
1489;950
1489;953
1488;955
1486;957
1485;960
1483;962
1482;965
1481;967
1480;969
1481;972
1482;974
1485;976
1487;979
1491;982
1497;984
1496;987
1491;989
1483;992
1480;994
1476;996
1473;999
1472;1001
1472;1003
1472;1006
1473;1008
1475;1011
1475;1013
1473;1015
1470;1018
1463;1020
1457;1024
1453;1026
1453;1029
1452;1031
1451;1033
1451;1036
1450;1038
1449;1041
1450;1043
1454;1045
1460;1048
1466;1050
1474;1053
1477;1055
1483;1057
1492;1060
1493;1062
1478;1065
1455;1068
1447;1071
1444;1073
1441;1075
1439;1078
1438;1080
1438;1083
1438;1085
1438;1087
1439;1090
1440;1092
1440;1095
1441;1097
1442;1099
1442;1102
1443;1104
1444;1107
1446;1110
1448;1113
1448;1115
1450;1117
1451;1120
1453;1122
1455;1125
1456;1127
1459;1129
1464;1132
1473;1134
1481;1137
1492;1139
1500;1141
1493;1144
1477;1146
1469;1149
1462;1152
1459;1155
1457;1157
1457;1159
1458;1162
1460;1164
1461;1167
1460;1169
1455;1171
1447;1174
1443;1176
1440;1179
1438;1181
1437;1183
1437;1186
1438;1188
1440;1191
1442;1193
1442;1197
1445;1199
1450;1201
1454;1204
1458;1206
1456;1209
1452;1211
1447;1213
1445;1216
1445;1218
1450;1221
1456;1223
1465;1226
1474;1228
1485;1230
1489;1233
1482;1235
1475;1239
1471;1241
1470;1243
1470;1246
1470;1248
1470;1251
1471;1253
1471;1255
1472;1258
1474;1260
1477;1263
1479;1265
1479;1268
1480;1270
1481;1272
1482;1275
1482;1277
1483;1281
1486;1283
1491;1285
1499;1288
1507;1290
1514;1293
1518;1295
1511;1297
1510;1300
1515;1302
1525;1305
1528;1307
1515;1310
1501;1312
1494;1314
1490;1317
1489;1319
1488;1323
1487;1325
1485;1327
1483;1330
1482;1332
1480;1335
1480;1337
1479;1339
1479;1342
1479;1344
1479;1347
1479;1349
1479;1352
1478;1354
1478;1356
1477;1359
1477;1361
1476;1364
1476;1367
1477;1369
1477;1372
1477;1374
1477;1377
1478;1379
1478;1381
1478;1384
1478;1386
1480;1389
1482;1391
1484;1394
1487;1396
1494;1398
1506;1401
1517;1403
1522;1406
1523;1409
1510;1411
1501;1414
1498;1416
1497;1419
1497;1421
1494;1423
1488;1426
1487;1428
1487;1431
1489;1433
1489;1436
1490;1438
1491;1440
1492;1443
1494;1445
1496;1448
1496;1451
1496;1453
1497;1456
1499;1458
1504;1461
1506;1463
1504;1465
1504;1468
1504;1470
1505;1473
1505;1475
1507;1478
1509;1480
1515;1482
1520;1485
1527;1487
1530;1490
1525;1492
1522;1495
1519;1498
1517;1500
1515;1503
1516;1505
1518;1508
1520;1510
1524;1512
1526;1515
1526;1517
1523;1520
1520;1522
1517;1524
1513;1527
1510;1529
1509;1532
1509;1534
1510;1537
1510;1540
1510;1542
1511;1545
1515;1547
1518;1550
1522;1552
1523;1554
1517;1557
1515;1559
1516;1562
1516;1564
1516;1566
1514;1569
1509;1571
1508;1574
1510;1576
1510;1579
1507;1582
1504;1584
1502;1587
1500;1589
1500;1592
1502;1594
1504;1596
1504;1599
1502;1601
1499;1604
1497;1606
1495;1608
1496;1611
1497;1613
1498;1616
1501;1618
1505;1620
1504;1624
1502;1626
1499;1629
1498;1631
1494;1634
1491;1636
1489;1638
1488;1641
1488;1643
1489;1646
1491;1648
1493;1650
1497;1653
1499;1655
1499;1658
1499;1660
1499;1662
1500;1666
1498;1668
1493;1671
1491;1673
1493;1676
1496;1678
1500;1680
1503;1683
1498;1685
1491;1688
1485;1690
1484;1692
1484;1695
1483;1697
1481;1700
1479;1702
1480;1704
1481;1708
1482;1710
1483;1713
1484;1715
1486;1718
1488;1720
1488;1722
1488;1725
1486;1727
1486;1730
1486;1732
1486;1734
1487;1737
1487;1739
1486;1742
1487;1744
1487;1746
1488;1750
1490;1752
1486;1755
1479;1757
1478;1760
1479;1762
1480;1764
1481;1767
1482;1769
1479;1772
1476;1774
1472;1776
1470;1779
1471;1781
1473;1784
1475;1786
1477;1789
1478;1792
1474;1794
1474;1797
1477;1799
1484;1802
1498;1804
1512;1806
1517;1809
1519;1811
1517;1814
1503;1816
1493;1818
1486;1821
1481;1823
1477;1826
1474;1828
1472;1831
1472;1833
1472;1836
1471;1839
1471;1841
1472;1844
1473;1846
1475;1848
1476;1851
1475;1853
1473;1856
1472;1858
1471;1860
1472;1863
1472;1865
1473;1868
1474;1870
1476;1873
1477;1875
1479;1878
1483;1881
1489;1883
1499;1886
1509;1888
1512;1890
1512;1893
1510;1895
1508;1898
1500;1900
1488;1902
1484;1905
1481;1907
1481;1910
1483;1912
1485;1915
1487;1917
1487;1920
1487;1923
1487;1925
1487;1928
1488;1930
1488;1932
1488;1935
1489;1937
1490;1940
1491;1942
1492;1944
1492;1947
1492;1949
1492;1952
1492;1954
1492;1957
1493;1959
1494;1961
1496;1965
1499;1967
1502;1970
1504;1972
1508;1974
1513;1977
1518;1979
1527;1982
1530;1984
1527;1987
1517;1989
1509;1991
1506;1994
1502;1996
1497;1999
1494;2001
1492;2003
1489;2007
1486;2009
1484;2012
1484;2014
1484;2016
1485;2019
1486;2021
1487;2024
1488;2026
1489;2029
1490;2031
1492;2033
1493;2036
1494;2038
1495;2041
1497;2043
1499;2045
1502;2049
1505;2051
1508;2054
1511;2056
1513;2058
1515;2061
1514;2063
1513;2066
1516;2068
1519;2071
1524;2073
1525;2075
1515;2078
1501;2080
1492;2083
1486;2085
1483;2087
1483;2091
1485;2093
1488;2096
1487;2098
1483;2100
1479;2103
1475;2105
1474;2108
1475;2110
1473;2113
1471;2115
1470;2117
1469;2120
1469;2122
1469;2125
1470;2127
1472;2129
1475;2132
1479;2135
1483;2138
1484;2140
1482;2142
1477;2145
1476;2147
1477;2150
1480;2152
1488;2155
1497;2157
1505;2159
1508;2162
1504;2164
1499;2167
1498;2169
1489;2171
1484;2174
1477;2177
1476;2180
1476;2182
1477;2185
1480;2187
1482;2189
1482;2192
1481;2194
1479;2197
1475;2199
1471;2201
1470;2204
1469;2206
1468;2209
1469;2211
1470;2213
1470;2216
1469;2219
1469;2222
1471;2224
1475;2227
1479;2229
1484;2231
1492;2234
1500;2236
1504;2239
1494;2241
1479;2243
1472;2246
1470;2248
1471;2251
1474;2253
1478;2255
1476;2258
1472;2260
1472;2264
1471;2266
1465;2269
1461;2271
1457;2273
1455;2276
1455;2278
1454;2281
1454;2283
1454;2285
1455;2288
1456;2290
1457;2293
1459;2295
1462;2297
1464;2300
1468;2302
1473;2306
1480;2308
1484;2311
1487;2313
1490;2315
1488;2318
1487;2320
1482;2323
1481;2325
1479;2327
1477;2330
1476;2332
1477;2335
1473;2337
1471;2339
1468;2342
1467;2344
1468;2348
1467;2350
1466;2353
1466;2355
1469;2357
1473;2360
1477;2362
1481;2365
1483;2367
1478;2369
1475;2372
1478;2374
1485;2377
1492;2379
1494;2382
1487;2384
1479;2386
1477;2390
1478;2392
1479;2395
1480;2397
1481;2399
1487;2402
1489;2404
1489;2407
1489;2409
1486;2411
1484;2414
1485;2416
1488;2419
1491;2421
1489;2424
1485;2426
1482;2428
1479;2432
1478;2434
1477;2437
1476;2439
1475;2441
1472;2444
1471;2446
1470;2449
1470;2451
1471;2453
1474;2456
1477;2458
1477;2461
1475;2463
1472;2466
1472;2468
1472;2470
1472;2473
1476;2476
1482;2479
1491;2481
1485;2483
1471;2486
1464;2488
1460;2491
1458;2493
1458;2495
1460;2498
1464;2500
1466;2503
1465;2505
1465;2508
1464;2510
1465;2512
1466;2515
1465;2518
1466;2521
1469;2523
1476;2525
1483;2528
1486;2530
1476;2533
1471;2535
1469;2537
1468;2540
1466;2542
1465;2545
1464;2547
1466;2550
1470;2552
1475;2554
1482;2557
1485;2560
1483;2563
1482;2565
1484;2567
1483;2570
1481;2572
1472;2575
1467;2577
1463;2580
1464;2582
1465;2584
1466;2587
1464;2589
1464;2592
1463;2594
1464;2596
1465;2599
1468;2601
1476;2605
1482;2607
1482;2609
1478;2612
1475;2614
1475;2617
1480;2619
1487;2622
1487;2624
1485;2626
1478;2629
1475;2631
1478;2634
1487;2636
1499;2638
1510;2641
1512;2643
1501;2647
1482;2649
1474;2651
1471;2654
1471;2656
1471;2659
1472;2661
1473;2664
1469;2666
1468;2668
1466;2671
1463;2673
1462;2676
1462;2678
1463;2680
1463;2683
1463;2685
1463;2689
1465;2691
1468;2693
1473;2696
1479;2698
1486;2701
1494;2703
1499;2706
1497;2708
1489;2710
1487;2713
1491;2715
1495;2718
1493;2720
1493;2722
1497;2725
1493;2727
1494;2731
1492;2733
1486;2735
1476;2738
1471;2740
1469;2743
1469;2745
1472;2748
1479;2750
1488;2752
1497;2755
1502;2757
1494;2760
1484;2762
1480;2764
1478;2767
1476;2769
1473;2772
1472;2775
1475;2777
1479;2780
1488;2782
1498;2785
1506;2787
1507;2790
1500;2792
1496;2794
1501;2797
1506;2799
1510;2802
1514;2804
1514;2806
1510;2809
1513;2811
1525;2814
1535;2817
1539;2820
1529;2822
1520;2824
1525;2827
1531;2829
1539;2832
1545;2834
1550;2836
1553;2839
1548;2841
1545;2844
1547;2846
1545;2848
1531;2851
1517;2853
1507;2856
1503;2859
1506;2862
1512;2864
1519;2866
1535;2869
1551;2871
1568;2874
1579;2876
1575;2878
1581;2881
1599;2883
1589;2886
1575;2888
1564;2890
1544;2893
1517;2895
1494;2898
1489;2900
1515;2904
1536;2906
1560;2908
1577;2911
1585;2913
1567;2916
1533;2918
1507;2920
1496;2923
1480;2925
1475;2928
1469;2930
1474;2932
1478;2935
1470;2937
1458;2940
1455;2942
1455;2946
1465;2948
1493;2950
1524;2953
1539;2955
1535;2958
1509;2960
1460;2962
1435;2965
1426;2967
1405;2970
1395;2972
1410;2974
1438;2977
1462;2979
1462;2982
1451;2984
1434;2988
1431;2990
1436;2992
1459;2995
1483;2997
1506;3000
1469;3002
1446;3004
1440;3007
1449;3009
1465;3012
1483;3014
1501;3016
1524;3019
1530;3021
1504;3024
1488;3026
1479;3030
1486;3032
1500;3034
1510;3037
1499;3039
1487;3042
1478;3044
1475;3046
1477;3049
1508;3051
1566;3054
1615;3056
1629;3059
1631;3061
1591;3063
1549;3066
1530;3068
1534;3072
1546;3074
1558;3076
1545;3079
1524;3081
1507;3084
1496;3086
1506;3088
1523;3091
1532;3093
1515;3096
1509;3098
1497;3101
1501;3103
1511;3105
1526;3108
1516;3110
1490;3113
1462;3116
1435;3118
1415;3121
1430;3123
1474;3126
1541;3128
1565;3130
1519;3133
1469;3135
1436;3138
1437;3140
1439;3143
1450;3145
1463;3147
1451;3150
1446;3152
1441;3155
1440;3158
1465;3160
1486;3163
1504;3165
1502;3168
1471;3170
1423;3172
1413;3175
1393;3177
1396;3180
1411;3182
1430;3185
1447;3187
1468;3189
1454;3192
1452;3194
1467;3197
1484;3200
1465;3202
1430;3205
1408;3207
1397;3210
1405;3212
1411;3215
1425;3217
1461;3219
1471;3222
1439;3224
1413;3227
1407;3229
1413;3231
1418;3234
1431;3236
1440;3239
1436;3241
1421;3244
1410;3247
1412;3249
1440;3252
1470;3254
1488;3257
1483;3259
1475;3261
1495;3264
1534;3266
1548;3269
1533;3271
1482;3273
1444;3276
1442;3278
1449;3281
1465;3283
1481;3286
1479;3289
1479;3291
1467;3294
1433;3296
1414;3299
1400;3301
1391;3303
1394;3306
1402;3308
1418;3311
1435;3313
1450;3315
1465;3318
1458;3320
1462;3323
1477;3325
1489;3328
1466;3331
1458;3333
1483;3336
1515;3338
1549;3341
1560;3343
1527;3345
1476;3348
1466;3350
1458;3353
1452;3355
1449;3357
1430;3360
1401;3362
1387;3365
1379;3367
1373;3369
1380;3373
1402;3375
1421;3378
1428;3380
1426;3383
1434;3385
1445;3387
1454;3390
1452;3392
1469;3395
1511;3397
1535;3399
1536;3402
1488;3404
1442;3407
1438;3409
1458;3411
1494;3415
1539;3417
1540;3420
1518;3422
1498;3425
1462;3427
1449;3429
1460;3432
1462;3434
1444;3437
1420;3439
1429;3441
1446;3444
1461;3446
1453;3449
1457;3451
1457;3453
1461;3457
1459;3459
1443;3462
1426;3464
1414;3467
1426;3469
1450;3471
1499;3474
1526;3476
1545;3479
1521;3481
1493;3483
1482;3486
1483;3488
1483;3491
1473;3493
1453;3496
1457;3499
1469;3501
1460;3504
1445;3506
1435;3509
1434;3511
1422;3513
1425;3516
1432;3518
1436;3521
1448;3523
1472;3525
1498;3528
1504;3530
1480;3533
1482;3535
1503;3538
1501;3540
1473;3543
1453;3546
1450;3548
1453;3551
1469;3553
1477;3555
1495;3558
1502;3560
1491;3563
1472;3565
1457;3567
1434;3570
1432;3572
1440;3575
1451;3577
1454;3580
1448;3582
1440;3585
1427;3588
1412;3590
1420;3593
1443;3595
1472;3597
1515;3600
1528;3602
1520;3605
1503;3607
1509;3609
1520;3612
1498;3614
1486;3617
1485;3619
1504;3622
1504;3624
1479;3627
1453;3630
1463;3632
1497;3635
1537;3637
1529;3639
1490;3642
1475;3644
1462;3647
1453;3649
1446;3651
1428;3654
1412;3656
1405;3659
1393;3661
1393;3664
1398;3666
1431;3668
1472;3672
1528;3674
1540;3677
1505;3679
1485;3681
1494;3684
1518;3686
1539;3689
1534;3691
1507;3693
1477;3696
1455;3698
1459;3701
1469;3703
1482;3706
1501;3708
1517;3710
1557;3714
1562;3716
1522;3719
1479;3721
1453;3723
1450;3726
1459;3728
1472;3731
1484;3733
1510;3736
1521;3738
1518;3740
1501;3743
1469;3745
1468;3748
1496;3750
1526;3752
1541;3756
1534;3758
1505;3761
1499;3763
1493;3765
1484;3768
1476;3770
1475;3773
1473;3775
1476;3778
1488;3780
1480;3782
1462;3785
1457;3787
1467;3790
1459;3792
1463;3794
1462;3798
1461;3800
1453;3803
1460;3805
1495;3807
1517;3810
1511;3812
1487;3815
1458;3817
1455;3820
1457;3822
1471;3824
1471;3827
1470;3829
1470;3832
1473;3834
1465;3836
1461;3840
1468;3842
1475;3845
1483;3847
1471;3849
1451;3852
1447;3854
1450;3857
1465;3859
1460;3862
1468;3864
1470;3866
1455;3869
1442;3871
1409;3874
1401;3876
1398;3878
1391;3881
1380;3884
1371;3887
1378;3889
1390;3892
1420;3894
1449;3896
1463;3899
1450;3901
1440;3904
1432;3906
1430;3908
1431;3911
1441;3913
1450;3916
1441;3918
1435;3920
1420;3923
1414;3926
1410;3929
1418;3931
1444;3934
1461;3936
1470;3938
1474;3941
1467;3943
1455;3946
1441;3948
1418;3950
1434;3953
1461;3955
1481;3958
1516;3960
1542;3962
1534;3965
1529;3968
1503;3971
1483;3973
1467;3976
1468;3978
1475;3980
1480;3983
1466;3985
1441;3988
1432;3990
1436;3992
1444;3995
1458;3997
1464;4000
1453;4002
1445;4004
1444;4007
1454;4009
1478;4013
1494;4015
1488;4018
1481;4020
1475;4022
1483;4025
1495;4027
1498;4030
1504;4032
1497;4034
1500;4037
1516;4039
1518;4042
1506;4044
1497;4046
1505;4049
1505;4051
1495;4055
1491;4057
1493;4060
1494;4062
1499;4064
1501;4067
1480;4069
1458;4072
1449;4074
1450;4076
1451;4079
1452;4081
1475;4084
1493;4086
1495;4088
1494;4091
1483;4093
1503;4097
1521;4099
1548;4102
1557;4104
1525;4106
1513;4109
1500;4111
1492;4114
1509;4116
1529;4118
1523;4121
1492;4123
1477;4126
1479;4128
1495;4130
1513;4133
1512;4135
1486;4139
1460;4141
1455;4144
1458;4146
1465;4148
1470;4151
1474;4153
1478;4156
1480;4158
1484;4160
1478;4163
1464;4165
1455;4168
1459;4170
1473;4172
1507;4175
1515;4177
1484;4180
1454;4183
1451;4186
1455;4188
1461;4190
1460;4193
1460;4195
1481;4198
1510;4200
1528;4202
1530;4205
1506;4207
1482;4210
1455;4212
1451;4215
1451;4217
1462;4219
1468;4222
1481;4225
1484;4228
1505;4230
1530;4232
1531;4235
1516;4237
1513;4240
1518;4242
1524;4244
1525;4247
1527;4249
1529;4252
1510;4254
1508;4257
1497;4259
1483;4261
1478;4264
1477;4267
1478;4270
1474;4272
1476;4274
1484;4277
1507;4279
1532;4282
1564;4284
1584;4286
1575;4289
1554;4291
1530;4294
1522;4296
1513;4299
1515;4301
1525;4303
1525;4306
1523;4308
1514;4312
1532;4314
1568;4316
1588;4319
1567;4321
1545;4324
1542;4326
1547;4328
1548;4331
1559;4333
1577;4336
1562;4338
1522;4341
1503;4343
1498;4345
1497;4348
1505;4350
1530;4354
1551;4356
1561;4358
1543;4361
1520;4363
1509;4366
1501;4368
1491;4371
1495;4373
1513;4375
1529;4378
1526;4380
1522;4383
1544;4385
1563;4387
1589;4390
1578;4392
1553;4396
1557;4398
1557;4400
1532;4403
1511;4405
1492;4408
1486;4410
1506;4413
1518;4415
1514;4417
1502;4420
1495;4422
1483;4425
1471;4427
1460;4429
1464;4432
1473;4434
1469;4438
1460;4440
1458;4442
1457;4445
1455;4447
1457;4450
1463;4452
1485;4455
1512;4457
1518;4459
1502;4462
1499;4464
1486;4467
1460;4469
1463;4471
1472;4474
1474;4476
1472;4480
1479;4482
1480;4484
1472;4487
1470;4489
1476;4492
1472;4494
1471;4497
1462;4499
1459;4501
1453;4504
1445;4506
1438;4509
1443;4511
1439;4513
1440;4516
1457;4518
1483;4521
1505;4524
1507;4526
1490;4529
1497;4531
1518;4534
1534;4536
1533;4539
1520;4541
1511;4543
1489;4546
1480;4548
1474;4551
1472;4553
1478;4555
1477;4558
1448;4560
1440;4563
1440;4566
1443;4568
1450;4571
1447;4573
1437;4576
1428;4578
1434;4581
1437;4583
1434;4585
1444;4588
1447;4590
1441;4593
1440;4595
1443;4597
1473;4600
1530;4602
1577;4605
1537;4608
1485;4610
1460;4613
1461;4615
1464;4618
1471;4620
1478;4623
1488;4625
1486;4627
1483;4630
1489;4632
1506;4635
1527;4637
1527;4639
1510;4642
1505;4644
1507;4647
1508;4649
1507;4653
1510;4655
1521;4657
1541;4660
1567;4662
1572;4665
1536;4667
1517;4669
1515;4672
1510;4674
1524;4677
1541;4679
1556;4681
1551;4684
1559;4686
1588;4689
1609;4691
1605;4695
1602;4697
1576;4699
1526;4702
1503;4704
1486;4707
1476;4709
1479;4711
1492;4714
1505;4716
1500;4719
1482;4721
1477;4723
1486;4726
1511;4728
1527;4731
1522;4733
1502;4737
1499;4739
1495;4741
1492;4744
1481;4746
1459;4749
1463;4751
1482;4753
1501;4756
1521;4758
1512;4761
1478;4763
1455;4765
1442;4768
1429;4770
1420;4773
1410;4775
1404;4779
1404;4781
1403;4783
1399;4786
1400;4788
1399;4791
1399;4793
1399;4795
1411;4798
1440;4800
1472;4803
1480;4805
1446;4808
1440;4810
1426;4812
1411;4815
1400;4817
1395;4820
1395;4823
1395;4825
1400;4828
1400;4830
1409;4833
1432;4835
1449;4837
1434;4840
1420;4842
1421;4845
1444;4847
1465;4850
1477;4852
1479;4854
1496;4857
1479;4859
1466;4862
1461;4865
1451;4867
1451;4870
1462;4872
1477;4875
1482;4877
1487;4879
1492;4882
1503;4884
1509;4887
1515;4889
1515;4892
1510;4894
1502;4896
1484;4899
1484;4901
1479;4904
1468;4907
1460;4909
1457;4912
1460;4914
1468;4917
1471;4919
1464;4921
1455;4924
1463;4926
1473;4929
1462;4931
1439;4934
1424;4936
1432;4938
1447;4941
1446;4943
1434;4946
1420;4948
1425;4951
1428;4954
1433;4956
1448;4959
1463;4961
1471;4963
1481;4966
1485;4968
1479;4971
1484;4973
1494;4976
1508;4978
1521;4980
1514;4983
1522;4985
1537;4988
1531;4990
1524;4993
1505;4996
1497;4998
1495;5001
1504;5003
1494;5005
1489;5008
1492;5010
1487;5013
1481;5015
1483;5018
1495;5020
1508;5022
1516;5025
1521;5027
1509;5030
1493;5032
1490;5035
1491;5038
1495;5040
1503;5043
1522;5045
1542;5048
1549;5050
1554;5052
1536;5055
1514;5057
1509;5060
1516;5062
1532;5064
1546;5067
1551;5069
1579;5072
1606;5074
1611;5076
1601;5080
1590;5082
1571;5085
1571;5087
1563;5090
1549;5092
1539;5094
1520;5097
1501;5099
1481;5102
1466;5104
1465;5106
1470;5109
1484;5111
1483;5114
1475;5116
1473;5118
1480;5122
1486;5124
1490;5127
1485;5129
1473;5132
1472;5134
1482;5136
1484;5139
1491;5141
1537;5144
1575;5146
1580;5148
1598;5151
1590;5153
1577;5156
1563;5158
1531;5160
1497;5164
1475;5166
1461;5169
1455;5171
1457;5174
1459;5176
1454;5178
1448;5181
1448;5183
1462;5186
1473;5188
1491;5190
1514;5193
1531;5195
1542;5198
1545;5200
1538;5202
1523;5206
1527;5208
1529;5211
1505;5213
1486;5216
1495;5218
1498;5220
1513;5223
1508;5225
1499;5228
1501;5230
1498;5232
1506;5235
1521;5237
1519;5240
1515;5242
1522;5245
1535;5248
1546;5250
1533;5253
1525;5255
1508;5258
1498;5260
1481;5262
1459;5265
1435;5267
1424;5270
1430;5272
1438;5274
1448;5277
1449;5279
1459;5282
1469;5284
1475;5287
1489;5289
1516;5292
1523;5295
1525;5297
1525;5300
1536;5302
1559;5304
1540;5307
1517;5309
1497;5312
1477;5314
1465;5316
1453;5319
1442;5321
1456;5324
1473;5326
1492;5329
1497;5331
1502;5334
1500;5337
1475;5339
1464;5342
1480;5344
1508;5346
1504;5349
1485;5351
1474;5354
1484;5356
1490;5358
1477;5361
1466;5363
1484;5366
1519;5368
1556;5371
1548;5373
1494;5376
1487;5379
1481;5381
1476;5384
1466;5386
1446;5388
1453;5391
1466;5393
1486;5396
1498;5398
1504;5400
1502;5403
1498;5405
1500;5408
1514;5410
1504;5413
1491;5415
1481;5417
1474;5421
1478;5423
1497;5426
1513;5428
1520;5430
1517;5433
1512;5435
1505;5438
1491;5440
1487;5443
1496;5445
1512;5447
1557;5450
1573;5452
1546;5455
1522;5457
1506;5459
1499;5463
1503;5465
1508;5468
1501;5470
1491;5472
1487;5475
1487;5477
1504;5480
1518;5482
1500;5485
1480;5487
1473;5489
1473;5492
1478;5494
1488;5497
1492;5499
1494;5501
1502;5505
1501;5507
1498;5510
1483;5512
1461;5514
1453;5517
1459;5519
1471;5522
1482;5524
1469;5527
1460;5529
1455;5531
1437;5534
1425;5536
1417;5539
1407;5541
1408;5543
1412;5547
1420;5549
1433;5552
1456;5554
1478;5556
1479;5559
1483;5561
1475;5564
1462;5566
1455;5569
1469;5571
1486;5573
1484;5576
1477;5578
1469;5581
1469;5583
1491;5585
1519;5588
1532;5591
1521;5594
1480;5596
1469;5598
1457;5601
1475;5603
1508;5606
1539;5608
1554;5611
1507;5613
1468;5615
1456;5618
1447;5620
1448;5623
1459;5625
1481;5627
1498;5630
1499;5633
1485;5636
1475;5638
1467;5640
1475;5643
1491;5645
1489;5648
1483;5650
1476;5653
1490;5655
1509;5657
1541;5660
1546;5662
1540;5665
1535;5667
1506;5669
1497;5672
1503;5675
1493;5678
1475;5680
1465;5682
1458;5685
1473;5687
1503;5690
1540;5692
1573;5695
1550;5697
1510;5699
1493;5702
1477;5704
1447;5707
1424;5709
1426;5711
1437;5714
1436;5716
1427;5720
1433;5722
1442;5724
1457;5727
1472;5729
1455;5732
1446;5734
1445;5737
1454;5739
1461;5741
1451;5744
1443;5746
1444;5749
1460;5751
1455;5753
1473;5756
1492;5758
1488;5762
1487;5764
1474;5767
1458;5769
1469;5771
1486;5774
1501;5776
1492;5779
1480;5781
1470;5783
1457;5786
1453;5788
1467;5791
1485;5793
1484;5795
1487;5798
1489;5800
1477;5804
1462;5806
1457;5809
1456;5811
1448;5813
1433;5816
1423;5818
1451;5821
1493;5823
1544;5825
1544;5828
1515;5830
1487;5833
1470;5835
1466;5837
1467;5840
1462;5842
1473;5846
1484;5848
1504;5851
1535;5853
1559;5855
1557;5858
1526;5860
1497;5863
1476;5865
1472;5867
1486;5870
1503;5872
1517;5875
1507;5877
1491;5879
1478;5882
1481;5884
1503;5888
1526;5890
1540;5893
1523;5895
1498;5897
1495;5900
1506;5902
1514;5905
1507;5907
1510;5909
1526;5912
1534;5914
1512;5917
1484;5919
1464;5922
1456;5924
1459;5926
1458;5929
1454;5932
1456;5935
1483;5937
1508;5939
1517;5942
1500;5944
1479;5947
1488;5949
1490;5951
1502;5954
1495;5956
1455;5959
1428;5961
1418;5964
1423;5966
1420;5968
1448;5971
1460;5974
1430;5977
1395;5979
1366;5981
1345;5984
1339;5986
1355;5989
1379;5991
1389;5993
1402;5996
1391;5998
1376;6001
1355;6003
1340;6006
1337;6008
1334;6010
1342;6013
1361;6016
1378;6019
1390;6021
1393;6023
1367;6026
1368;6028
1377;6031
1383;6033
1384;6035
1397;6038
1413;6040
1434;6043
1426;6045
1387;6048
1383;6050
1394;6052
1407;6055
1402;6057
1375;6061
1363;6063
1366;6065
1370;6068
1363;6070
1350;6073
1366;6075
1391;6077
1425;6080
1452;6082
1436;6085
1408;6087
1389;6090
1374;6092
1380;6094
1412;6097
1454;6099
1479;6103
1469;6105
1458;6107
1461;6110
1463;6112
1452;6115
1432;6117
1425;6120
1423;6122
1427;6124
1429;6127
1433;6129
1434;6132
1423;6134
1418;6136
1428;6139
1448;6141
1479;6145
1482;6147
1487;6149
1492;6152
1490;6154
1508;6157
1529;6159
1529;6162
1525;6164
1535;6166
1557;6169
1561;6171
1554;6174
1545;6176
1566;6178
1585;6181
1588;6183
1566;6187
1536;6189
1534;6191
1555;6194
1577;6196
1574;6199
1548;6201
1538;6204
1539;6206
1548;6208
1552;6211
1550;6213
1542;6216
1555;6218
1548;6220
1546;6223
1545;6225
1538;6228
1524;6231
1505;6233
1494;6236
1498;6238
1511;6241
1539;6243
1558;6246
1574;6248
1570;6250
1539;6253
1542;6255
1560;6258
1590;6260
1588;6262
1573;6265
1555;6267
1555;6270
1560;6273
1558;6275
1554;6278
1553;6280
1553;6283
1531;6285
1511;6288
1501;6290
1496;6292
1501;6295
1505;6297
1504;6300
1507;6302
1506;6304
1504;6307
1505;6309
1526;6312
1535;6315
1548;6318
1554;6320
1561;6322
1597;6325
1598;6327
1591;6330
1566;6332
1523;6334
1497;6337
1471;6339
1466;6342
1476;6344
1493;6346
1509;6349
1512;6351
1503;6354
1504;6356
1493;6360
1486;6362
1489;6364
1496;6367
1503;6369
1500;6372
1497;6374
1502;6376
1500;6379
1504;6381
1499;6384
1492;6386
1509;6388
1525;6391
1549;6393
1555;6396
1534;6398
1534;6402
1555;6404
1581;6406
1566;6409
1543;6411
1539;6414
1549;6416
1560;6418
1578;6421
1586;6423
1578;6426
1557;6428
1556;6430
1558;6433
1544;6435
1509;6438
1483;6440
1475;6444
1477;6446
1479;6448
1485;6451
1500;6453
1518;6456
1551;6458
1546;6460
1509;6463
1495;6465
1486;6468
1473;6470
1457;6472
1450;6475
1450;6477
1438;6480
1441;6482
1457;6486
1463;6488
1452;6490
1449;6493
1450;6495
1457;6498
1442;6500
1415;6502
1397;6505
1386;6507
1376;6510
1373;6512
1371;6515
1370;6517
1358;6519
1358;6522
1378;6524
1382;6528
1378;6530
1398;6532
1406;6535
1416;6537
1418;6540
1416;6542
1405;6544
1393;6547
1398;6549
1415;6552
1430;6554
1434;6557
1422;6559
1415;6561
1421;6564
1429;6566
1437;6569
1455;6572
1488;6574
1535;6577
1561;6579
1558;6582
1532;6584
1518;6586
1519;6589
1503;6591
1496;6594
1494;6596
1491;6599
1486;6601
1494;6603
1508;6606
1498;6608
1489;6611
1485;6614
1469;6616
1474;6619
1483;6621
1495;6624
1510;6626
1519;6628
1521;6631
1525;6633
1516;6636
1525;6638
1549;6641
1529;6643
1499;6645
1477;6648
1460;6650
1463;6653
1455;6656
1430;6658
1413;6661
1410;6663
1424;6666
1438;6668
1433;6670
1418;6673
1403;6675
1390;6678
1394;6680
1407;6683
1416;6685
1424;6687
1415;6690
1413;6692
1422;6695
1424;6697
1438;6700
1452;6703
1436;6705
1439;6708
1456;6710
1477;6713
1490;6715
1504;6717
1486;6720
1486;6722
1512;6725
1542;6727
1564;6729
1551;6732
1544;6734
1548;6737
1535;6739
1504;6742
1495;6745
1494;6747
1518;6750
1548;6752
1564;6755
1549;6757
1524;6759
1500;6762
1497;6764
1502;6767
1511;6769
1514;6771
1521;6774
1528;6776
1526;6779
1513;6781
1506;6784
1515;6787
1529;6789
1550;6792
1568;6794
1575;6797
1570;6799
1590;6801
1630;6804
1653;6806
1626;6809
1576;6811
1544;6813
1536;6816
1539;6818
1518;6821
1479;6823
1450;6825
1453;6829
1464;6831
1471;6834
1494;6836
1530;6839
1584;6841
1596;6843
1571;6846
1571;6848
1558;6851
1530;6853
1507;6855
1497;6858
1508;6860
1531;6863
1531;6865
1521;6867
1503;6871
1500;6873
1500;6876
1495;6878
1507;6881
1554;6883
1585;6885
1600;6888
1548;6890
1498;6893
1487;6895
1500;6897
1510;6900
1507;6902
1490;6905
1477;6907
1486;6909
1509;6913
1516;6915
1520;6918
1534;6920
1529;6923
1533;6925
1535;6927
1538;6930
1556;6932
1566;6935
1561;6937
1557;6939
1543;6942
1526;6944
1515;6947
1522;6949
1529;6952
1537;6955
1545;6957
1549;6960
1556;6962
1561;6965
1549;6967
1558;6969
1579;6972
1578;6974
1551;6977
1532;6979
1529;6981
1522;6984
1525;6986
1534;6989
1540;6991
1550;6994
1551;6996
1555;6999
1591;7002
1629;7004
1599;7007
1564;7009
1552;7011
1530;7014
1512;7016
1502;7019
1496;7021
1498;7023
1514;7026
1508;7028
1487;7031
1472;7033
1476;7036
1498;7038
1518;7041
1505;7044
1482;7046
1462;7049
1444;7051
1444;7053
1469;7056
1506;7058
1514;7061
1520;7063
1520;7065
1521;7068
1536;7070
1540;7073
1521;7075
1515;7078
1518;7080
1529;7083
1547;7086
1522;7088
1462;7091
1433;7093
1437;7095
1441;7098
1453;7100
1444;7103
1420;7105
1400;7107
1388;7110
1384;7112
1377;7115
1365;7117
1361;7120
1354;7122
1357;7124
1369;7128
1382;7130
1397;7133
1387;7135
1415;7137
1445;7140
1484;7142
1491;7145
1451;7147
1404;7150
1391;7152
1395;7154
1396;7157
1388;7159
1387;7162
1401;7164
1437;7166
1464;7170
1468;7172
1430;7175
1408;7177
1393;7179
1391;7182
1392;7184
1396;7187
1401;7189
1405;7192
1407;7194
1410;7196
1412;7199
1415;7201
1416;7204
1418;7206
1419;7208
1418;7212
1417;7214
1417;7217
1415;7219
1413;7221
1413;7224
1411;7226
1411;7229
1411;7231
1411;7234
1412;7236
1417;7238
1429;7241
1456;7243
1501;7246
1535;7248
1533;7250
1493;7254
1459;7256
1450;7259
1444;7261
1439;7263
1438;7266
1439;7268
1440;7271
1442;7273
1445;7276
1448;7278
1449;7280
1451;7283
1454;7285
1456;7288
1458;7290
1461;7292
1464;7296
1470;7298
1479;7301
1487;7303
1491;7305
1493;7308
1498;7310
1503;7313
1506;7315
1505;7318
1506;7320
1517;7322
1544;7325
1577;7327
1605;7330
1595;7332
1568;7334
1548;7337
1534;7340
1520;7343
1511;7345
1504;7348
1498;7350
1494;7352
1490;7355
1485;7357
1481;7360
1476;7362
1472;7364
1466;7367
1461;7369
1455;7372
1448;7374
1442;7376
1435;7379
1428;7382
1421;7385
1413;7387
1408;7390
1401;7392
1396;7394
1390;7397
1385;7399
1380;7402
1377;7404
1375;7406
1373;7409
1373;7411
1374;7414
1382;7416
1391;7418
1396;7421
1401;7424
1413;7427
1431;7429
1430;7432
1389;7434
1365;7436
1348;7439
1336;7441
1329;7444
1324;7446
1319;7448
1315;7451
1312;7453
1311;7456
1311;7458
1311;7460
1312;7463
1312;7465
1313;7469
1314;7471
1315;7474
1317;7476
1319;7478
1320;7481
1323;7483
1325;7486
1327;7488
1330;7490
1333;7493
1335;7495
1339;7498
1343;7500
1348;7502
1354;7505
1362;7507
1369;7511
1379;7513
1385;7516
1384;7518
1384;7520
1391;7523
1398;7525
1406;7528
1400;7530
1392;7532
1395;7535
1392;7537
1388;7540
1389;7542
1390;7545
1392;7547
1394;7549
1397;7553
1400;7555
1404;7558
1407;7560
1411;7562
1413;7565
1416;7567
1420;7570
1424;7572
1427;7574
1429;7577
1432;7579
1434;7582
1436;7584
1437;7587
1438;7589
1440;7591
1441;7595
1444;7597
1452;7600
1471;7602
1497;7604
1521;7607
1531;7609
1497;7612
1480;7614
1477;7616
1476;7619
1478;7621
1480;7624
1480;7626
1480;7629
1483;7631
1490;7633
1500;7636
1508;7639
1514;7642
1519;7644
1525;7646
1532;7649
1537;7651
1543;7654
1546;7656
1551;7658
1556;7661
1561;7663
1566;7666
1569;7668
1572;7671
1575;7673
1577;7675
1577;7678
1578;7681
1579;7684
1580;7686
1580;7688
1580;7691
1580;7693
1580;7696
1583;7698
1587;7700
1592;7703
1597;7705
1594;7708
1590;7710
1590;7713
1594;7715
1599;7717
1598;7720
1602;7723
1595;7726
1583;7728
1577;7730
1576;7733
1576;7735
1576;7738
1577;7740
1575;7743
1573;7745
1572;7747
1572;7750
1572;7752
1573;7755
1574;7757
1574;7759
1574;7762
1574;7764
1574;7768
1574;7770
1575;7772
1575;7775
1576;7777
1576;7780
1576;7782
1576;7785
1578;7787
1583;7789
1592;7792
1604;7794
1616;7797
1623;7799
1621;7801
1609;7804
1589;7806
1581;7810
1574;7812
1570;7814
1567;7817
1566;7819
1565;7822
1565;7824
1565;7827
1564;7829
1563;7831
1563;7834
1564;7836
1564;7839
1564;7841
1564;7843
1565;7846
1565;7848
1565;7852
1565;7854
1566;7856
1566;7859
1564;7861
1565;7864
1565;7866
1564;7869
1565;7871
1564;7873
1564;7876
1565;7878
1567;7881
1571;7883
1576;7885
1580;7888
1578;7890
1575;7894
1573;7896
1573;7898
1575;7901
1580;7903
1581;7906
1580;7908
1580;7911
1581;7913
1583;7915
1583;7918
1585;7920
1586;7923
1588;7925
1592;7927
1596;7930
1598;7932
1595;7936
1590;7938
1584;7941
1581;7943
1581;7945
1583;7948
1585;7950
1586;7953
1583;7955
1574;7957
1567;7960
1567;7962
1569;7965
1571;7967
1569;7969
1562;7972
1561;7974
1563;7977
1562;7980
1553;7983
1538;7985
1526;7987
1519;7990
1512;7992
1506;7995
1500;7997
1494;7999
1489;8002
1485;8004
1481;8007
1477;8009
1473;8011
1469;8014
1466;8016
1464;8019
1461;8022
1458;8025
1456;8027
1454;8029
1453;8032
1452;8034
1453;8037
1456;8039
1459;8041
1461;8044
1459;8046
1455;8049
1458;8051
1464;8053
1472;8056
1478;8058
1472;8061
1463;8064
1463;8067
1463;8069
1464;8071
1465;8074
1467;8076
1468;8079
1471;8081
1473;8083
1473;8086
1475;8088
1475;8091
1477;8093
1478;8095
1480;8098
1481;8100
1483;8103
1484;8105
1485;8109
1486;8111
1487;8113
1488;8116
1488;8118
1489;8121
1489;8123
1490;8125
1491;8128
1494;8130
1496;8133
1496;8135
1494;8137
1493;8140
1494;8142
1496;8145
1501;8147
1505;8151
1495;8153
1480;8155
1470;8158
1464;8160
1459;8163
1456;8165
1453;8167
1452;8170
1452;8172
1448;8175
1445;8177
1443;8179
1441;8182
1439;8184
1437;8187
1435;8189
1434;8193
1434;8195
1436;8197
1439;8200
1442;8202
1440;8205
1435;8207
1431;8209
1429;8212
1428;8214
1428;8217
1427;8219
1428;8222
1430;8224
1433;8226
1435;8229
1433;8231
1430;8235
1430;8237
1431;8239
1432;8242
1436;8244
1443;8247
1451;8249
1458;8251
1451;8254
1445;8256
1442;8259
1441;8261
1441;8264
1441;8266
1442;8268
1443;8271
1445;8273
1448;8276
1451;8279
1454;8281
1456;8284
1457;8286
1457;8289
1458;8291
1459;8293
1461;8296
1462;8298
1463;8301
1465;8303
1469;8306
1472;8308
1475;8310
1476;8313
1474;8315
1472;8318
1476;8321
1481;8323
1489;8326
1495;8328
1493;8331
1494;8333
1499;8335
1506;8338
1502;8340
1485;8343
1479;8345
1476;8348
1474;8350
1473;8352
1471;8355
1471;8357
1470;8360
1470;8363
1470;8365
1470;8368
1469;8370
1468;8373
1468;8375
1468;8377
1467;8380
1466;8382
1467;8385
1470;8387
1472;8390
1473;8392
1472;8394
1469;8397
1468;8399
1465;8402
1460;8404
1457;8407
1454;8410
1453;8412
1453;8415
1452;8417
1452;8419
1453;8422
1453;8424
1452;8427
1452;8429
1452;8432
1453;8434
1454;8436
1455;8439
1456;8441
1457;8444
1458;8446
1461;8449
1464;8452
1467;8454
1471;8457
1472;8459
1474;8461
1477;8464
1478;8466
1479;8469
1480;8471
1478;8474
1479;8476
1479;8478
1479;8481
1478;8483
1480;8486
1480;8488
1478;8491
1478;8494
1478;8496
1479;8499
1478;8501
1478;8503
1478;8506
1478;8508
1479;8511
1479;8513
1479;8516
1480;8518
1482;8520
1482;8523
1484;8525
1485;8528
1490;8530
1497;8532
1500;8536
1499;8538
1495;8541
1489;8543
1489;8546
1494;8548
1502;8550
1509;8553
1511;8555
1501;8558
1491;8560
1486;8562
1482;8565
1480;8567
1480;8570
1480;8572
1479;8574
1479;8578
1480;8580
1480;8583
1479;8585
1479;8588
1478;8590
1478;8592
1478;8595
1478;8597
1477;8600
1477;8602
1477;8604
1477;8607
1477;8609
1476;8612
1474;8614
1473;8616
1474;8620
1475;8622
1476;8625
1477;8627
1478;8630
1482;8632
1486;8634
1491;8637
1495;8639
1486;8642
1475;8644
1471;8646
1471;8649
1473;8651
1477;8654
1479;8656
1477;8658
1475;8662
1473;8664
1471;8667
1469;8669
1469;8672
1468;8674
1467;8676
1467;8679
1468;8681
1468;8684
1468;8686
1468;8688
1468;8691
1469;8693
1470;8696
1471;8698
1472;8700
1474;8704
1476;8706
1480;8709
1484;8711
1485;8714
1483;8716
1481;8718
1481;8721
1481;8723
1480;8726
1480;8728
1480;8730
1481;8733
1483;8735
1483;8738
1482;8740
1478;8743
1475;8745
1474;8748
1475;8751
1476;8753
1478;8756
1480;8758
1478;8760
1475;8763
1474;8765
1473;8768
1472;8770
1472;8772
1473;8775
1474;8777
1475;8780
1475;8782
1476;8785
1476;8787
1477;8790
1478;8793
1479;8795
1480;8798
1482;8800
1485;8802
1490;8805
1496;8807
1500;8810
1495;8812
1491;8814
1490;8817
1489;8819
1489;8822
1489;8824
1491;8827
1494;8829
1497;8832
1499;8835
1502;8837
1502;8840
1502;8842
1497;8844
1493;8847
1493;8849
1493;8852
1493;8854
1493;8856
1493;8859
1493;8861
1493;8864
1492;8866
1491;8869
1492;8871
1495;8873
1498;8877
1497;8879
1492;8882
1491;8884
1490;8886
1489;8889
1489;8891
1489;8894
1489;8896
1490;8898
1492;8901
1494;8903
1493;8906
1493;8908
1494;8911
1494;8913
1493;8915
1488;8919
1488;8921
1490;8924
1494;8926
1497;8928
1497;8931
1493;8933
1489;8936
1487;8938
1485;8940
1485;8943
1485;8945
1486;8948
1486;8950
1488;8953
1486;8955
1483;8957
1481;8961
1481;8963
1482;8966
1481;8968
1477;8970
1475;8973
1474;8975
1474;8978
1473;8980
1472;8983
1470;8985
1469;8987
1468;8990
1468;8992
1468;8995
1469;8997
1470;8999
1471;9003
1471;9005
1470;9008
1469;9010
1469;9012
1471;9015
1473;9017
1475;9020
1478;9022
1475;9025
1473;9027
1472;9029
1472;9032
1472;9034
1472;9037
1473;9039
1474;9041
1476;9044
1478;9047
1483;9050
1488;9052
1491;9054
1491;9057
1490;9059
1490;9062
1486;9064
1483;9067
1483;9069
1485;9071
1485;9074
1486;9076
1485;9079
1482;9081
1483;9083
1481;9086
1479;9089
1478;9092
1478;9094
1478;9096
1479;9099
1478;9101
1477;9104
1476;9106
1475;9109
1474;9111
1474;9113
1473;9116
1472;9118
1471;9121
1469;9123
1469;9125
1468;9128
1467;9131
1467;9134
1466;9136
1466;9138
1466;9141
1466;9143
1467;9146
1469;9148
1474;9151
1478;9153
1479;9155
1476;9158
1477;9160
1478;9163
1476;9165
1470;9167
1470;9170
1471;9172
1470;9176
1469;9178
1467;9180
1464;9183
1463;9185
1463;9188
1464;9190
1464;9193
1462;9195
1463;9197
1463;9200
1463;9202
1462;9205
1462;9207
1462;9209
1462;9212
1462;9214
1462;9218
1462;9220
1462;9223
1462;9225
1462;9227
1463;9230
1463;9232
1465;9235
1466;9237
1467;9239
1470;9242
1475;9244
1479;9247
1481;9249
1479;9251
1475;9254
1469;9256
1466;9260
1466;9262
1469;9265
1473;9267
1479;9269
1484;9272
1479;9274
1473;9277
1469;9279
1467;9281
1467;9284
1467;9286
1466;9289
1466;9291
1466;9293
1466;9296
1467;9298
1466;9302
1466;9304
1467;9307
1467;9309
1467;9311
1467;9314
1467;9316
1468;9319
1469;9321
1471;9323
1471;9326
1470;9328
1468;9331
1468;9333
1469;9335
1472;9338
1475;9340
1478;9344
1477;9346
1472;9349
1470;9351
1468;9353
1466;9356
1464;9358
1463;9361
1462;9363
1461;9365
1461;9368
1461;9370
1461;9373
1462;9375
1462;9378
1463;9380
1463;9382
1463;9385
1463;9388
1464;9391
1464;9393
1466;9395
1467;9398
1468;9400
1471;9403
1477;9405
1483;9407
1488;9410
1494;9412
1496;9415
1492;9417
1483;9420
1479;9422
1479;9424
1476;9427
1473;9430
1473;9433
1473;9435
1474;9437
1476;9440
1478;9442
1477;9445
1474;9447
1473;9449
1472;9452
1473;9454
1473;9457
1474;9459
1473;9462
1473;9464
1473;9466
1472;9469
1472;9472
1471;9475
1471;9477
1471;9479
1471;9482
1471;9484
1472;9487
1474;9489
1478;9491
1484;9494
1487;9496
1486;9499
1484;9501
1484;9504
1486;9506
1489;9508
1487;9511
1483;9513
1476;9517
1472;9519
1469;9521
1466;9524
1466;9526
1466;9529
1466;9531
1467;9533
1468;9536
1470;9538
1472;9541
1473;9543
1474;9546
1473;9548
1470;9550
1468;9553
1467;9555
1467;9559
1467;9561
1467;9563
1467;9566
1466;9568
1467;9571
1468;9573
1470;9575
1474;9578
1478;9580
1480;9583
1482;9585
1479;9588
1475;9590
1474;9592
1475;9595
1475;9597
9601
