1486;2
1487;4
1488;7
1489;9
1492;11
1492;13
1489;16
1489;18
1492;20
1496;23
1501;25
1507;27
1509;30
1510;32
1510;34
1508;37
1503;39
1500;41
1498;44
1501;47
1507;49
1512;51
1520;54
1515;56
1508;58
1509;61
1506;63
1504;65
1504;68
1505;70
1508;72
1507;75
1503;77
1501;79
1499;81
1499;84
1500;87
1501;89
1501;92
1503;94
1503;96
1502;99
1501;101
1500;103
1498;106
1495;108
1496;110
1497;113
1495;115
1493;117
1484;120
1470;122
1459;125
1453;128
1449;130
1446;133
1442;135
1440;137
1438;140
1437;142
1435;144
1432;147
1430;149
1429;152
1425;154
1421;156
1416;159
1410;161
1404;163
1400;166
1396;168
1396;171
1401;174
1411;176
1419;179
1419;181
1414;183
1406;186
1401;188
1401;190
1407;193
1413;195
1416;197
1421;200
1425;202
1423;205
1417;207
1414;209
1415;212
1418;215
1424;217
1432;220
1439;222
1442;224
1445;227
1442;229
1442;232
1444;234
1446;236
1447;239
1451;241
1454;243
1458;246
1463;248
1467;250
1470;253
1474;256
1479;259
1487;261
1498;263
1508;266
1520;268
1519;270
1518;273
1524;275
1530;277
1538;280
1541;282
1543;285
1544;287
1547;289
1554;292
1565;294
1573;296
1576;300
1582;302
1586;304
1593;307
1594;309
1592;312
1594;314
1596;316
1600;319
1602;321
1605;323
1609;326
1613;328
1617;330
1621;333
1623;335
1625;337
1627;340
1630;343
1633;346
1641;348
1647;350
1655;353
1656;355
1651;357
1641;360
1636;362
1637;364
1637;367
1630;369
1617;372
1608;374
1603;376
1597;379
1591;381
1586;384
1581;387
1577;389
1568;391
1561;394
1557;396
1548;399
1538;401
1531;403
1525;406
1521;408
1518;410
1515;413
1514;415
1510;417
1501;420
1499;422
1498;425
1494;428
1489;430
1483;433
1474;435
1469;437
1463;440
1459;442
1456;444
1451;447
1449;449
1450;452
1454;454
1456;456
1458;459
1459;461
1454;463
1445;466
1435;468
1429;471
1428;474
1430;476
1434;479
1436;481
1432;483
1421;486
1413;488
1410;490
1408;493
1409;495
1410;497
1413;500
1412;502
1411;505
1413;507
1415;509
1415;513
1414;515
1416;517
1417;520
1418;522
1419;524
1418;527
1420;529
1423;532
1429;534
1436;536
1439;539
1440;541
1441;543
1443;546
1448;548
1450;550
1449;553
1451;556
1460;558
1469;561
1474;563
1475;566
1473;568
1468;570
1465;573
1464;575
1466;577
1469;580
1473;582
1478;584
1479;587
1480;589
1480;592
1479;594
1479;596
1479;600
1482;602
1487;604
1488;607
1487;609
1489;611
1492;614
1496;616
1495;619
1486;621
1481;623
1475;626
1471;628
1468;630
1469;633
1472;635
1474;637
1476;641
1471;643
1464;646
1459;648
1456;650
1450;653
1445;655
1442;657
1441;660
1439;662
1440;664
1442;667
1442;669
1442;672
1444;674
1444;676
1441;679
1442;681
1447;684
1451;687
1451;689
1452;691
1453;694
1454;696
1453;699
1452;701
1451;703
1446;706
1439;708
1438;710
1437;713
1436;715
1436;717
1437;720
1439;722
1442;726
1444;728
1444;730
1444;733
1444;735
1446;737
1449;740
1452;742
1455;744
1459;747
1461;749
1459;752
1457;754
1456;756
1456;759
1457;761
1459;763
1465;766
1472;769
1478;771
1486;774
1491;776
1486;779
1476;781
1474;783
1475;786
1478;788
1484;790
1486;793
1484;795
1482;797
1479;800
1475;802
1472;805
1473;807
1474;809
1478;813
1482;815
1486;817
1491;820
1491;822
1480;824
1470;827
1464;829
1461;832
1459;834
1459;836
1462;839
1467;841
1475;843
1478;846
1482;848
1477;850
1469;854
1463;856
1459;859
1457;861
1457;863
1459;866
1461;868
1465;870
1467;873
1464;875
1462;877
1459;880
1458;882
1460;885
1465;887
1470;889
1478;892
1479;894
1474;897
1470;900
1468;902
1469;904
1468;907
1471;909
1476;912
1480;914
1484;916
1484;919
1486;921
1485;923
1478;926
1475;928
1473;930
1470;933
1468;935
1469;939
1469;941
1471;943
1474;946
1475;948
1475;950
1475;953
1474;955
1474;957
1478;960
1484;962
1493;965
1498;967
1501;969
1501;972
1492;974
1482;976
1476;979
1473;982
1472;984
1472;987
1473;989
1475;992
1480;994
1486;996
1485;999
1482;1001
1479;1003
1477;1006
1481;1008
1482;1011
1480;1013
1472;1015
1468;1018
1465;1020
1464;1024
1464;1026
1466;1029
1463;1031
1466;1033
1468;1036
1469;1038
1469;1041
1471;1043
1473;1045
1474;1048
1469;1050
1464;1053
1462;1055
1460;1057
1460;1060
1458;1062
1456;1065
1455;1068
1456;1071
1457;1073
1455;1075
1455;1078
1457;1080
1463;1083
1466;1085
1460;1087
1456;1090
1457;1092
1459;1095
1457;1097
1455;1099
1449;1102
1450;1104
1452;1107
1457;1110
1461;1113
1463;1115
1459;1117
1456;1120
1454;1122
1453;1125
1454;1127
1454;1129
1456;1132
1456;1134
1456;1137
1456;1139
1458;1141
1462;1144
1466;1146
1468;1149
1469;1152
1470;1155
1473;1157
1478;1159
1482;1162
1483;1164
1485;1167
1487;1169
1486;1171
1486;1174
1486;1176
1492;1179
1497;1181
1497;1184
1489;1186
1489;1188
1488;1191
1487;1193
1487;1197
1486;1199
1482;1201
1477;1204
1475;1206
1474;1209
1475;1211
1476;1213
1479;1216
1484;1218
1486;1221
1482;1223
1482;1226
1484;1228
1482;1230
1477;1233
1475;1235
1470;1239
1469;1241
1474;1243
1481;1246
1488;1248
1484;1251
1471;1253
1466;1255
1463;1258
1462;1260
1464;1263
1466;1265
1470;1268
1476;1270
1477;1272
1473;1275
1468;1277
1465;1281
1463;1283
1463;1285
1460;1288
1461;1290
1462;1293
1465;1295
1471;1297
1478;1300
1484;1302
1486;1305
1481;1307
1478;1310
1475;1312
1472;1314
1470;1317
1469;1319
1467;1323
1466;1325
1466;1327
1469;1330
1473;1332
1477;1335
1483;1337
1481;1339
1475;1342
1471;1344
1469;1347
1472;1349
1474;1352
1468;1354
1461;1356
1457;1359
1452;1361
1448;1364
1445;1367
1444;1369
1442;1372
1441;1374
1443;1377
1444;1379
1446;1382
1450;1384
1448;1386
1449;1389
1446;1391
1443;1394
1438;1396
1435;1398
1435;1401
1436;1403
1437;1406
1436;1409
1433;1411
1428;1414
1428;1416
1430;1419
1433;1421
1436;1424
1435;1426
1432;1428
1432;1431
1434;1433
1435;1436
1433;1438
1431;1440
1431;1443
1433;1445
1435;1448
1435;1451
1432;1453
1430;1456
1426;1458
1425;1461
1423;1463
1425;1466
1428;1468
1431;1470
1432;1473
1435;1475
1436;1478
1436;1480
1432;1482
1428;1485
1425;1487
1423;1490
1422;1492
1422;1495
1427;1498
1434;1500
1442;1503
1451;1505
1452;1508
1448;1510
1442;1512
1439;1515
1439;1517
1438;1520
1438;1522
1441;1524
1444;1527
1451;1529
1454;1532
1454;1534
1453;1537
1456;1540
1461;1542
1461;1545
1459;1547
1456;1550
1454;1552
1451;1554
1453;1557
1457;1559
1465;1562
1473;1564
1474;1566
1477;1569
1475;1571
1476;1574
1479;1576
1484;1579
1488;1582
1488;1584
1491;1587
1490;1589
1492;1592
1496;1594
1496;1596
1498;1599
1494;1601
1488;1604
1485;1606
1485;1608
1487;1611
1488;1613
1490;1616
1491;1618
1490;1620
1490;1624
1493;1626
1499;1629
1504;1631
1510;1634
1511;1636
1506;1638
1501;1641
1497;1643
1498;1646
1499;1648
1501;1650
1504;1653
1505;1655
1506;1658
1512;1660
1522;1664
1526;1666
1517;1668
1510;1671
1504;1673
1502;1676
1502;1678
1505;1680
1505;1683
1501;1685
1498;1688
1497;1690
1498;1692
1499;1695
1499;1697
1498;1700
1500;1702
1504;1705
1508;1708
1511;1710
1509;1713
1507;1715
1508;1718
1507;1720
1503;1722
1501;1725
1500;1727
1501;1730
1504;1732
1508;1734
1511;1737
1512;1739
1512;1742
1510;1744
1513;1747
1521;1750
1524;1752
1518;1755
1513;1757
1511;1760
1510;1762
1510;1764
1510;1767
1508;1769
1507;1772
1506;1774
1501;1776
1497;1779
1496;1781
1496;1784
1498;1786
1500;1789
1502;1792
1501;1794
1499;1797
1496;1799
1495;1802
1496;1804
1498;1806
1499;1809
1497;1811
1493;1814
1489;1816
1486;1818
1485;1821
1486;1823
1489;1826
1492;1828
1493;1831
1490;1833
1489;1836
1489;1839
1493;1841
1499;1844
1507;1846
1504;1848
1501;1851
1500;1853
1505;1856
1508;1858
1502;1861
1498;1863
1495;1865
1493;1868
1494;1870
1497;1873
1499;1875
1496;1878
1492;1881
1492;1883
1492;1886
1494;1888
1496;1890
1499;1893
1500;1895
1499;1898
1497;1900
1496;1903
1496;1905
1498;1907
1501;1910
1506;1912
1508;1915
1506;1917
1507;1920
1507;1923
1509;1925
1514;1928
1517;1930
1519;1932
1519;1935
1514;1937
1512;1940
1513;1942
1515;1945
1513;1947
1509;1949
1506;1952
1499;1954
1495;1957
1494;1959
1494;1961
1494;1965
1494;1967
1493;1970
1490;1972
1488;1974
1490;1977
1493;1979
1494;1982
1495;1984
1493;1987
1488;1989
1486;1991
1487;1994
1489;1996
1488;1999
1486;2001
1486;2003
1487;2007
1488;2009
1490;2012
1494;2014
1501;2016
1513;2019
1521;2021
1523;2024
1520;2026
1510;2029
1502;2031
1491;2033
1487;2036
1486;2038
1489;2041
1495;2043
1501;2045
1501;2049
1496;2051
1491;2054
1485;2056
1483;2058
1482;2061
1480;2063
1480;2066
1481;2068
1484;2071
1488;2073
1492;2075
1490;2078
1487;2080
1489;2083
1492;2085
1494;2087
1496;2091
1497;2093
1498;2096
1505;2098
1513;2100
1508;2103
1503;2105
1503;2108
1501;2110
1500;2113
1499;2115
1500;2117
1504;2120
1509;2122
1514;2125
1515;2127
1515;2129
1517;2132
1517;2135
1516;2138
1517;2140
1517;2143
1518;2145
1516;2147
1511;2150
1507;2152
1504;2155
1504;2157
1506;2159
1508;2162
1510;2164
1510;2167
1510;2169
1511;2171
1511;2174
1511;2177
1512;2180
1511;2182
1510;2185
1511;2187
1512;2189
1511;2192
1509;2194
1511;2197
1511;2199
1511;2201
1509;2204
1503;2206
1500;2209
1502;2211
1505;2213
1508;2216
1509;2219
1513;2222
1515;2224
1510;2227
1506;2229
1505;2231
1507;2234
1510;2236
1509;2239
1505;2241
1503;2243
1501;2246
1500;2248
1499;2251
1501;2253
1503;2255
1502;2258
1498;2260
1495;2264
1493;2266
1493;2269
1494;2271
1498;2273
1503;2276
1506;2278
1507;2281
1506;2283
1504;2285
1499;2288
1499;2290
1500;2293
1501;2295
1504;2297
1503;2300
1501;2302
1501;2306
1504;2308
1508;2311
1512;2313
1512;2315
1506;2318
1504;2320
1505;2323
1504;2325
1504;2327
1502;2330
1500;2332
1498;2335
1495;2337
1496;2340
1496;2342
1497;2344
1499;2348
1501;2350
1502;2353
1504;2355
1504;2357
1501;2360
1499;2362
1501;2365
1505;2367
1507;2369
1514;2372
1519;2374
1519;2377
1516;2379
1514;2382
1517;2384
1517;2386
1512;2390
1508;2392
1508;2395
1509;2397
1511;2399
1514;2402
1514;2404
1510;2407
1507;2409
1504;2411
1503;2414
1502;2416
1500;2419
1497;2421
1496;2424
1494;2426
1494;2428
1496;2432
1499;2434
1505;2437
1507;2439
1507;2441
1502;2444
1500;2446
1502;2449
1504;2451
1505;2453
1509;2456
1513;2458
1517;2461
1523;2463
1521;2466
1515;2468
1514;2470
1514;2473
1514;2476
1514;2479
1512;2481
1513;2483
1512;2486
1514;2488
1519;2491
1519;2493
1517;2495
1512;2498
1509;2500
1507;2503
1506;2505
1513;2508
1517;2510
1512;2512
1510;2515
1510;2518
1507;2521
1507;2523
1510;2525
1516;2528
1514;2530
1509;2533
1504;2535
1510;2538
1519;2540
1530;2542
1547;2545
1558;2547
1568;2550
1571;2552
1566;2554
1567;2557
1573;2560
1580;2563
1586;2565
1593;2567
1593;2570
1591;2572
1597;2575
1622;2577
1633;2580
1634;2582
1614;2584
1610;2587
1630;2589
1646;2592
1659;2594
1655;2596
1640;2599
1626;2601
1624;2605
1634;2607
1650;2609
1658;2612
1662;2614
1674;2617
1679;2619
1693;2622
1698;2624
1682;2626
1666;2629
1682;2631
1699;2634
1711;2636
1703;2638
1659;2641
1623;2643
1594;2647
1592;2649
1598;2651
1589;2654
1580;2656
1565;2659
1554;2661
1564;2664
1565;2666
1561;2668
1547;2671
1521;2673
1489;2676
1471;2678
1468;2680
1467;2683
1474;2685
1491;2689
1524;2691
1554;2693
1581;2696
1585;2698
1569;2701
1565;2703
1524;2706
1485;2708
1461;2710
1468;2713
1483;2715
1487;2718
1463;2720
1422;2722
1381;2725
1374;2727
1375;2731
1379;2733
1380;2735
1380;2738
1370;2740
1365;2743
1372;2745
1378;2748
1363;2750
1360;2752
1365;2755
1378;2757
1365;2760
1347;2762
1348;2764
1348;2767
1348;2769
1358;2772
1361;2775
1388;2777
1420;2780
1395;2782
1365;2785
1350;2787
1355;2790
1361;2792
1370;2794
1385;2797
1393;2799
1412;2802
1424;2804
1464;2806
1478;2809
1455;2811
1430;2814
1397;2817
1371;2820
1362;2822
1354;2824
1354;2827
1352;2829
1356;2832
1380;2834
1381;2836
1391;2839
1421;2841
1458;2844
1447;2846
1400;2848
1371;2851
1366;2853
1362;2856
1350;2859
1350;2862
1364;2864
1381;2866
1386;2869
1357;2871
1351;2874
1334;2876
1316;2878
1301;2881
1284;2883
1278;2886
1277;2888
1298;2890
1294;2893
1299;2895
1305;2898
1306;2900
1325;2904
1323;2906
1312;2908
1301;2911
1286;2913
1282;2916
1297;2918
1319;2920
1365;2923
1410;2925
1389;2928
1364;2930
1375;2932
1379;2935
1356;2937
1353;2940
1351;2942
1349;2946
1344;2948
1341;2950
1340;2953
1350;2955
1362;2958
1389;2960
1385;2962
1363;2965
1354;2967
1347;2970
1346;2972
1348;2974
1359;2977
1376;2979
1384;2982
1395;2984
1387;2988
1393;2990
1398;2992
1422;2995
1464;2997
1499;3000
1494;3002
1454;3004
1443;3007
1458;3009
1466;3012
1475;3014
1494;3017
1507;3019
1480;3021
1456;3024
1462;3026
1464;3030
1457;3032
1476;3034
1473;3037
1476;3039
1464;3042
1449;3044
1454;3046
1467;3049
1474;3051
1474;3054
1457;3056
1437;3059
1427;3061
1423;3063
1419;3066
1421;3068
1447;3072
1481;3074
1508;3076
1522;3079
1525;3081
1542;3084
1540;3086
1497;3088
1453;3091
1447;3093
1446;3096
1458;3098
1504;3101
1527;3103
1522;3105
1524;3108
1546;3110
1569;3113
1552;3116
1527;3118
1532;3121
1515;3123
1501;3126
1503;3128
1480;3130
1476;3133
1492;3135
1487;3138
1462;3140
1454;3143
1463;3145
1475;3147
1477;3150
1480;3152
1483;3155
1504;3158
1494;3160
1480;3163
1501;3165
1541;3168
1562;3170
1535;3172
1508;3175
1508;3177
1523;3180
1550;3182
1569;3185
1581;3187
1564;3189
1540;3192
1521;3194
1488;3197
1454;3200
1449;3202
1454;3205
1464;3207
1470;3210
1475;3212
1465;3215
1469;3217
1481;3219
1498;3222
1513;3224
1512;3227
1510;3229
1512;3231
1495;3234
1484;3236
1489;3239
1490;3241
1499;3244
1512;3247
1519;3249
1536;3252
1537;3254
1539;3257
1557;3259
1564;3261
1525;3264
1513;3266
1529;3269
1537;3271
1536;3273
1518;3276
1535;3278
1539;3281
1514;3283
1481;3286
1454;3289
1445;3291
1445;3294
1448;3296
1447;3299
1441;3301
1446;3303
1461;3306
1484;3308
1510;3311
1535;3313
1537;3315
1538;3318
1556;3320
1572;3323
1571;3325
1601;3328
1606;3331
1577;3333
1574;3336
1561;3338
1535;3341
1518;3343
1502;3345
1496;3348
1508;3350
1498;3353
1482;3355
1481;3357
1477;3360
1475;3362
1470;3365
1468;3367
1448;3369
1438;3373
1439;3375
1467;3378
1503;3380
1527;3383
1532;3385
1543;3387
1548;3390
1538;3392
1514;3395
1509;3397
1523;3399
1526;3402
1512;3404
1508;3407
1535;3409
1537;3412
1512;3415
1498;3417
1505;3420
1517;3422
1511;3425
1490;3427
1476;3429
1473;3432
1478;3434
1474;3437
1459;3439
1464;3441
1469;3444
1484;3446
1508;3449
1513;3451
1488;3454
1494;3457
1498;3459
1499;3462
1489;3464
1498;3467
1518;3469
1559;3471
1577;3474
1553;3476
1540;3479
1543;3481
1524;3483
1512;3486
1523;3488
1521;3491
1534;3493
1525;3496
1513;3499
1515;3501
1520;3504
1512;3506
1484;3509
1485;3511
1497;3513
1497;3516
1491;3518
1479;3521
1460;3523
1456;3525
1465;3528
1485;3530
1501;3533
1505;3535
1494;3538
1493;3540
1490;3543
1490;3546
1499;3548
1533;3551
1554;3553
1546;3555
1513;3558
1483;3560
1481;3563
1489;3565
1504;3567
1491;3570
1466;3572
1445;3575
1447;3577
1476;3580
1485;3582
1490;3585
1492;3588
1492;3590
1502;3593
1508;3595
1489;3597
1473;3600
1455;3602
1466;3605
1505;3607
1545;3610
1549;3612
1515;3614
1481;3617
1473;3619
1480;3622
1476;3624
1469;3627
1472;3630
1479;3632
1466;3635
1456;3637
1453;3639
1461;3642
1477;3644
1492;3647
1494;3649
1502;3652
1500;3654
1480;3656
1473;3659
1462;3661
1473;3664
1511;3666
1539;3668
1566;3672
1574;3674
1569;3677
1562;3679
1558;3681
1543;3684
1526;3686
1520;3689
1524;3691
1520;3694
1494;3696
1481;3698
1469;3701
1467;3703
1474;3706
1468;3708
1465;3710
1458;3714
1472;3716
1480;3719
1477;3721
1475;3723
1469;3726
1468;3728
1487;3731
1499;3733
1538;3736
1592;3738
1624;3740
1565;3743
1556;3745
1562;3748
1575;3750
1568;3752
1546;3756
1525;3758
1512;3761
1500;3763
1500;3765
1512;3768
1530;3770
1550;3773
1561;3775
1576;3778
1596;3780
1580;3782
1529;3785
1504;3787
1489;3790
1484;3792
1487;3794
1503;3798
1517;3800
1529;3803
1524;3805
1514;3807
1526;3810
1550;3812
1546;3815
1529;3817
1507;3820
1497;3822
1514;3824
1519;3827
1518;3829
1502;3832
1483;3834
1478;3836
1487;3840
1489;3842
1510;3845
1499;3847
1484;3849
1482;3852
1483;3854
1485;3857
1479;3859
1466;3862
1459;3864
1452;3866
1438;3869
1431;3871
1428;3874
1438;3876
1459;3878
1487;3881
1510;3884
1503;3887
1483;3889
1481;3892
1508;3894
1504;3896
1484;3899
1472;3901
1463;3904
1457;3906
1456;3908
1459;3911
1453;3913
1444;3916
1450;3918
1461;3920
1459;3923
1460;3926
1466;3929
1478;3931
1461;3934
1428;3936
1406;3938
1423;3941
1452;3943
1454;3946
1424;3948
1409;3950
1408;3953
1426;3955
1439;3958
1443;3960
1461;3962
1480;3965
1491;3968
1497;3971
1488;3973
1466;3976
1440;3978
1425;3980
1431;3983
1448;3985
1452;3988
1446;3990
1432;3992
1413;3995
1423;3997
1437;4000
1468;4002
1488;4004
1485;4007
1472;4009
1446;4013
1434;4015
1424;4018
1421;4020
1421;4022
1423;4025
1442;4027
1441;4030
1438;4032
1447;4034
1455;4037
1474;4039
1497;4042
1494;4044
1477;4046
1456;4049
1456;4051
1457;4055
1456;4057
1458;4060
1463;4062
1482;4064
1487;4067
1482;4069
1468;4072
1459;4074
1443;4076
1424;4079
1428;4081
1451;4084
1472;4086
1484;4089
1483;4091
1494;4093
1514;4097
1521;4099
1506;4102
1484;4104
1463;4106
1446;4109
1436;4111
1429;4114
1453;4116
1472;4118
1468;4121
1469;4123
1474;4126
1464;4128
1462;4131
1461;4133
1455;4135
1464;4139
1478;4141
1482;4144
1480;4146
1464;4148
1453;4151
1448;4153
1457;4156
1460;4158
1448;4160
1449;4163
1464;4165
1478;4168
1487;4170
1508;4173
1512;4175
1487;4177
1522;4180
1567;4183
1586;4186
1595;4188
1562;4190
1539;4193
1553;4195
1563;4198
1541;4200
1518;4202
1510;4205
1523;4207
1541;4210
1512;4212
1482;4215
1475;4217
1479;4219
1471;4222
1462;4225
1460;4228
1459;4230
1448;4232
1433;4235
1430;4237
1447;4240
1476;4242
1506;4244
1517;4247
1524;4249
1537;4252
1528;4254
1527;4257
1521;4259
1496;4261
1488;4264
1488;4267
1489;4270
1489;4272
1500;4274
1500;4277
1488;4279
1472;4282
1477;4284
1481;4287
1463;4289
1458;4291
1467;4294
1488;4296
1503;4299
1516;4301
1514;4303
1485;4306
1484;4308
1480;4312
1469;4314
1460;4316
1474;4319
1508;4321
1535;4324
1547;4326
1537;4329
1520;4331
1508;4333
1501;4336
1488;4338
1486;4341
1500;4343
1532;4345
1561;4348
1576;4350
1549;4354
1525;4356
1521;4358
1517;4361
1499;4363
1488;4366
1482;4368
1475;4371
1477;4373
1496;4375
1526;4378
1550;4380
1559;4383
1532;4385
1502;4387
1469;4390
1448;4392
1441;4396
1447;4398
1458;4400
1469;4403
1474;4405
1481;4408
1498;4410
1503;4413
1493;4415
1490;4417
1501;4420
1499;4422
1509;4425
1508;4427
1502;4429
1480;4432
1458;4434
1466;4438
1471;4440
1469;4442
1462;4445
1441;4447
1448;4450
1460;4452
1466;4455
1462;4457
1471;4459
1482;4462
1470;4464
1447;4467
1443;4469
1451;4471
1457;4474
1464;4476
1479;4480
1482;4482
1470;4484
1462;4487
1476;4489
1499;4492
1499;4494
1480;4497
1483;4499
1502;4501
1513;4504
1499;4506
1482;4509
1471;4511
1460;4513
1458;4516
1461;4518
1462;4521
1479;4524
1498;4527
1524;4529
1539;4531
1524;4534
1492;4536
1462;4539
1437;4541
1432;4543
1439;4546
1446;4548
1455;4551
1464;4553
1459;4555
1443;4558
1438;4560
1440;4563
1444;4566
1459;4569
1463;4571
1479;4573
1480;4576
1475;4578
1472;4581
1454;4583
1442;4585
1455;4588
1476;4590
1492;4593
1473;4595
1457;4597
1458;4600
1486;4602
1514;4605
1521;4608
1523;4611
1529;4613
1507;4615
1476;4618
1465;4620
1461;4623
1460;4625
1458;4627
1466;4630
1488;4632
1517;4635
1517;4637
1491;4639
1488;4642
1482;4644
1486;4647
1489;4649
1488;4653
1481;4655
1479;4657
1491;4660
1503;4662
1503;4665
1503;4667
1488;4669
1486;4672
1495;4674
1502;4677
1520;4679
1540;4681
1540;4684
1505;4686
1488;4689
1486;4691
1483;4695
1464;4697
1459;4699
1458;4702
1448;4704
1436;4707
1439;4709
1463;4711
1485;4714
1494;4716
1509;4719
1530;4721
1538;4724
1504;4726
1497;4728
1487;4731
1483;4733
1469;4737
1443;4739
1438;4741
1452;4744
1465;4746
1474;4749
1468;4751
1456;4753
1448;4756
1465;4758
1496;4761
1501;4763
1476;4766
1448;4768
1441;4770
1433;4773
1430;4775
1441;4779
1450;4781
1447;4783
1458;4786
1459;4788
1485;4791
1503;4793
1500;4795
1490;4798
1483;4800
1477;4803
1471;4805
1461;4808
1453;4810
1434;4812
1435;4815
1440;4817
1451;4820
1459;4823
1461;4825
1473;4828
1469;4830
1445;4833
1439;4835
1449;4837
1456;4840
1462;4842
1452;4845
1442;4847
1445;4850
1452;4852
1459;4854
1468;4857
1481;4859
1484;4862
1493;4865
1506;4867
1510;4870
1514;4872
1512;4875
1495;4877
1483;4879
1485;4882
1482;4884
1479;4887
1484;4889
1494;4892
1500;4894
1496;4896
1477;4899
1449;4901
1456;4904
1488;4907
1523;4909
1504;4912
1469;4914
1481;4917
1493;4919
1509;4921
1519;4924
1489;4926
1455;4929
1444;4931
1445;4934
1428;4936
1419;4938
1435;4941
1445;4943
1450;4946
1460;4948
1479;4951
1513;4954
1532;4956
1546;4959
1524;4961
1483;4964
1475;4966
1483;4968
1495;4971
1506;4973
1479;4976
1453;4978
1439;4980
1442;4983
1466;4985
1481;4988
1503;4990
1536;4993
1534;4996
1497;4998
1474;5001
1492;5003
1515;5006
1518;5008
1493;5010
1482;5013
1485;5015
1491;5018
1493;5020
1487;5022
1495;5025
1501;5027
1483;5030
1485;5032
1490;5035
1498;5038
1502;5040
1513;5043
1516;5045
1524;5048
1533;5050
1542;5052
1541;5055
1552;5057
1552;5060
1519;5062
1493;5064
1480;5067
1469;5069
1471;5072
1489;5074
1512;5076
1547;5080
1582;5082
1563;5085
1516;5087
1507;5090
1515;5092
1538;5094
1547;5097
1542;5099
1515;5102
1516;5104
1529;5106
1536;5109
1536;5111
1545;5114
1561;5116
1598;5118
1591;5122
1567;5124
1545;5127
1535;5129
1527;5132
1527;5134
1534;5136
1512;5139
1507;5141
1506;5144
1514;5146
1523;5148
1517;5151
1515;5153
1518;5156
1534;5158
1552;5161
1529;5164
1513;5166
1512;5169
1511;5171
1511;5174
1502;5176
1510;5178
1531;5181
1543;5183
1525;5186
1500;5188
1492;5190
1500;5193
1520;5195
1533;5198
1536;5200
1542;5203
1553;5206
1564;5208
1580;5211
1580;5213
1534;5216
1509;5218
1492;5220
1503;5223
1535;5225
1542;5228
1523;5230
1500;5232
1483;5235
1477;5237
1476;5240
1496;5242
1512;5245
1519;5248
1529;5250
1530;5253
1527;5255
1505;5258
1498;5260
1501;5262
1510;5265
1519;5267
1516;5270
1515;5272
1539;5274
1555;5277
1542;5279
1537;5282
1557;5284
1570;5287
1597;5289
1603;5292
1599;5295
1623;5297
1624;5300
1594;5302
1566;5304
1562;5307
1576;5309
1572;5312
1540;5314
1527;5316
1515;5319
1509;5321
1511;5324
1515;5326
1518;5329
1504;5331
1483;5334
1471;5337
1468;5339
1483;5342
1507;5344
1530;5346
1528;5349
1516;5351
1509;5354
1510;5356
1512;5358
1516;5361
1497;5363
1456;5366
1451;5368
1455;5371
1479;5373
1509;5376
1527;5379
1520;5381
1515;5384
1488;5386
1458;5388
1438;5391
1423;5393
1427;5396
1419;5398
1411;5401
1403;5403
1396;5405
1402;5408
1408;5410
1408;5413
1405;5415
1404;5417
1417;5421
1429;5423
1457;5426
1503;5428
1523;5430
1542;5433
1554;5435
1515;5438
1471;5440
1433;5443
1436;5445
1467;5447
1513;5450
1541;5452
1531;5455
1513;5457
1512;5459
1517;5463
1517;5465
1517;5468
1497;5470
1467;5472
1445;5475
1426;5477
1419;5480
1406;5482
1403;5485
1408;5487
1419;5489
1427;5492
1439;5494
1445;5497
1454;5499
1461;5501
1472;5505
1502;5507
1520;5510
1535;5512
1532;5514
1514;5517
1484;5519
1486;5522
1484;5524
1485;5527
1485;5529
1466;5531
1462;5534
1477;5536
1496;5539
1499;5541
1518;5543
1530;5547
1491;5549
1443;5552
1435;5554
1450;5556
1462;5559
1450;5561
1421;5564
1406;5566
1419;5569
1433;5571
1442;5573
1433;5576
1430;5578
1436;5581
1442;5583
1437;5585
1425;5588
1422;5591
1431;5594
1460;5596
1482;5599
1500;5601
1513;5603
1531;5606
1535;5608
1512;5611
1480;5613
1464;5615
1445;5618
1447;5620
1460;5623
1481;5625
1481;5627
1472;5630
1489;5633
1498;5636
1494;5638
1492;5641
1471;5643
1454;5645
1451;5648
1447;5650
1442;5653
1441;5655
1442;5657
1450;5660
1473;5662
1472;5665
1473;5667
1494;5669
1512;5672
1521;5675
1511;5678
1502;5680
1483;5683
1478;5685
1489;5687
1484;5690
1489;5692
1506;5695
1497;5697
1488;5699
1444;5702
1425;5704
1426;5707
1425;5709
1434;5711
1433;5714
1418;5716
1393;5720
1389;5722
1393;5725
1400;5727
1409;5729
1412;5732
1413;5734
1404;5737
1396;5739
1380;5741
1373;5744
1382;5746
1382;5749
1380;5751
1385;5753
1396;5756
1415;5758
1431;5762
1442;5764
1468;5767
1472;5769
1483;5771
1502;5774
1495;5776
1492;5779
1499;5781
1489;5783
1477;5786
1491;5788
1498;5791
1499;5793
1500;5796
1531;5798
1570;5800
1599;5804
1608;5806
1543;5809
1486;5811
1463;5813
1453;5816
1445;5818
1437;5821
1428;5823
1428;5825
1434;5828
1444;5830
1451;5833
1453;5835
1452;5838
1449;5840
1453;5842
1468;5846
1498;5848
1502;5851
1479;5853
1488;5855
1517;5858
1550;5860
1570;5863
1559;5865
1506;5867
1485;5870
1483;5872
1501;5875
1500;5877
1484;5880
1461;5882
1447;5884
1454;5888
1457;5890
1453;5893
1436;5895
1434;5897
1434;5900
1425;5902
1417;5905
1420;5907
1433;5909
1451;5912
1446;5914
1435;5917
1448;5919
1486;5922
1526;5924
1517;5926
1484;5929
1487;5932
1489;5935
1503;5937
1519;5939
1537;5942
1546;5944
1545;5947
1531;5949
1538;5951
1572;5954
1612;5956
1620;5959
1556;5961
1521;5964
1507;5966
1500;5968
1491;5971
1488;5974
1477;5977
1474;5979
1465;5981
1472;5984
1480;5986
1481;5989
1482;5991
1492;5994
1502;5996
1509;5998
1521;6001
1536;6003
1560;6006
1586;6008
1599;6010
1598;6013
1568;6016
1537;6019
1524;6021
1500;6023
1480;6026
1483;6028
1515;6031
1574;6033
1603;6036
1593;6038
1572;6040
1546;6043
1514;6045
1477;6048
1456;6050
1445;6052
1441;6055
1445;6057
1471;6061
1486;6063
1498;6065
1477;6068
1460;6070
1441;6073
1436;6075
1440;6078
1454;6080
1479;6082
1510;6085
1519;6087
1523;6090
1521;6092
1526;6094
1529;6097
1519;6099
1510;6103
1501;6105
1512;6107
1509;6110
1472;6112
1447;6115
1455;6117
1485;6120
1522;6122
1537;6124
1518;6127
1499;6129
1485;6132
1472;6134
1448;6136
1445;6139
1449;6141
1456;6145
1435;6147
1433;6149
1459;6152
1473;6154
1496;6157
1506;6159
1510;6162
1512;6164
1496;6166
1483;6169
1482;6171
1499;6174
1491;6176
1495;6178
1517;6181
1523;6183
1532;6187
1534;6189
1531;6191
1511;6194
1482;6196
1469;6199
1458;6201
1454;6204
1450;6206
1445;6208
1449;6211
1467;6213
1491;6216
1480;6218
1479;6220
1492;6223
1514;6225
1545;6228
1582;6231
1603;6233
1578;6236
1534;6238
1508;6241
1495;6243
1525;6246
1563;6248
1555;6250
1526;6253
1500;6255
1486;6258
1456;6260
1431;6262
1420;6265
1426;6267
1438;6270
1440;6273
1446;6276
1445;6278
1453;6280
1457;6283
1455;6285
1472;6288
1519;6290
1544;6292
1503;6295
1475;6297
1478;6300
1478;6302
1471;6304
1466;6307
1472;6309
1489;6312
1520;6315
1551;6318
1554;6320
1568;6322
1566;6325
1518;6327
1501;6330
1479;6332
1461;6334
1467;6337
1458;6339
1441;6342
1427;6344
1429;6346
1425;6349
1421;6351
1420;6354
1411;6356
1419;6360
1425;6362
1438;6364
1481;6367
1531;6369
1553;6372
1522;6374
1515;6376
1536;6379
1565;6381
1555;6384
1534;6386
1509;6388
1506;6391
1519;6393
1510;6396
1493;6398
1488;6402
1486;6404
1478;6406
1451;6409
1424;6411
1404;6414
1395;6416
1392;6418
1390;6421
1392;6423
1401;6426
1417;6428
1427;6431
1457;6433
1469;6435
1482;6438
1488;6440
1506;6444
1561;6446
1578;6448
1567;6451
1546;6453
1509;6456
1466;6458
1437;6460
1428;6463
1435;6465
1444;6468
1458;6470
1478;6473
1496;6475
1521;6477
1517;6480
1471;6482
1455;6486
1442;6488
1422;6490
1419;6493
1431;6495
1429;6498
1423;6500
1415;6502
1427;6505
1453;6507
1495;6510
1515;6512
1559;6515
1572;6517
1505;6519
1453;6522
1439;6524
1447;6528
1474;6530
1478;6532
1477;6535
1492;6537
1516;6540
1511;6542
1481;6544
1472;6547
1454;6549
1444;6552
1449;6554
1460;6557
1453;6559
1441;6561
1444;6564
1439;6566
1430;6569
1424;6572
1420;6574
1427;6577
1449;6579
1489;6582
1514;6584
1511;6586
1511;6589
1531;6591
1518;6594
1488;6596
1458;6599
1472;6601
1493;6603
1519;6606
1516;6608
1477;6611
1455;6614
1444;6616
1460;6619
1470;6621
1459;6624
1446;6626
1431;6628
1424;6631
1423;6633
1423;6636
1444;6638
1452;6641
1449;6643
1453;6645
1479;6648
1515;6650
1500;6653
1462;6656
1476;6658
1522;6661
1545;6663
1533;6666
1495;6668
1455;6670
1448;6673
1465;6675
1481;6678
1516;6680
1530;6683
1525;6685
1512;6687
1472;6690
1461;6692
1462;6695
1463;6697
1467;6700
1461;6703
1455;6705
1464;6708
1443;6710
1427;6713
1417;6715
1412;6717
1409;6720
1420;6722
1448;6725
1487;6727
1524;6729
1524;6732
1497;6734
1483;6737
1490;6739
1498;6742
1514;6745
1490;6747
1468;6750
1502;6752
1552;6755
1591;6757
1530;6759
1455;6762
1438;6764
1444;6767
1450;6769
1453;6771
1455;6774
1452;6776
1457;6779
1443;6781
1438;6784
1439;6787
1443;6789
1449;6792
1468;6794
1496;6797
1514;6799
1500;6801
1474;6804
1470;6806
1492;6809
1522;6811
1530;6813
1537;6816
1504;6818
1463;6821
1461;6823
1489;6825
1533;6829
1546;6831
1500;6834
1476;6836
1466;6839
1452;6841
1461;6843
1477;6846
1494;6848
1507;6851
1519;6853
1531;6855
1522;6858
1517;6860
1521;6863
1533;6865
1533;6867
1487;6871
1455;6873
1448;6876
1451;6878
1464;6881
1480;6883
1496;6885
1518;6888
1537;6890
1556;6893
1562;6895
1550;6897
1557;6900
1581;6902
1597;6905
1576;6907
1542;6909
1486;6913
1470;6915
1481;6918
1482;6920
1480;6923
1468;6925
1444;6927
1428;6930
1426;6932
1427;6935
1425;6937
1442;6939
1478;6942
1492;6944
1474;6947
1450;6949
1442;6952
1449;6955
1458;6957
1469;6960
1487;6962
1502;6965
1506;6967
1480;6969
1476;6972
1500;6974
1518;6977
1537;6979
1524;6981
1512;6984
1519;6986
1517;6989
1505;6991
1498;6994
1465;6996
1433;6999
1434;7002
1456;7004
1487;7007
1490;7009
1473;7011
1461;7014
1467;7016
1475;7019
1462;7021
1444;7023
1449;7026
1476;7028
1490;7031
1504;7033
1505;7036
1500;7038
1496;7041
1479;7044
1465;7046
1477;7049
1503;7051
1517;7053
1514;7056
1498;7058
1482;7061
1454;7063
1434;7065
1438;7068
1442;7070
1433;7073
1425;7075
1425;7078
1434;7080
1442;7083
1437;7086
1436;7088
1425;7091
1425;7093
1439;7095
1472;7098
1524;7100
1555;7103
1529;7105
1486;7107
1478;7110
1488;7112
1474;7115
1477;7117
1508;7120
1548;7122
1549;7124
1519;7128
1494;7130
1463;7133
1449;7135
1450;7137
1442;7140
1445;7142
1453;7145
1441;7147
1421;7150
1424;7152
1450;7154
1502;7157
1565;7159
1581;7162
1553;7164
1527;7166
1497;7170
1488;7172
1474;7175
1464;7177
1459;7179
1460;7182
1462;7184
1455;7187
1450;7189
1458;7192
1467;7194
1473;7196
1462;7199
1482;7201
1523;7204
1547;7206
1504;7208
1456;7212
1458;7214
1478;7217
1469;7219
1473;7221
1459;7224
1451;7226
1444;7229
1453;7231
1464;7234
1464;7236
1504;7238
1554;7241
1587;7243
1540;7246
1495;7248
1491;7250
1486;7254
1464;7256
1440;7259
1446;7261
1480;7263
1518;7266
1548;7268
1538;7271
1509;7273
1477;7276
1446;7278
1446;7280
1471;7283
1499;7285
1532;7288
1552;7290
1546;7292
1532;7296
1523;7298
1503;7301
1474;7303
1450;7306
1432;7308
1434;7310
1441;7313
1447;7315
1471;7318
1488;7320
1511;7322
1528;7325
1516;7327
1505;7330
1509;7332
1508;7334
1513;7337
1499;7340
1481;7343
1463;7345
1463;7348
1482;7350
1504;7352
1517;7355
1486;7357
1451;7360
1447;7362
1438;7364
1435;7367
1442;7369
1439;7372
1434;7374
1438;7376
1463;7379
1521;7382
1559;7385
1566;7387
1575;7390
1566;7392
1516;7394
1501;7397
1491;7399
1476;7402
1472;7404
1475;7406
1479;7409
1493;7411
1480;7414
1450;7416
1441;7418
1445;7421
1451;7424
1452;7427
1451;7429
1454;7432
1449;7434
1446;7436
1441;7439
1428;7441
1432;7444
1435;7446
1460;7448
1469;7451
1472;7453
1483;7456
1492;7458
1482;7460
1470;7463
1488;7465
1493;7469
1513;7471
1541;7474
1525;7476
1485;7478
1462;7481
1447;7483
1436;7486
1443;7488
1462;7490
1479;7493
1496;7495
1513;7498
1505;7500
1499;7503
1491;7505
1480;7507
1478;7511
1491;7513
1500;7516
1504;7518
1477;7520
1449;7523
1462;7525
1501;7528
1526;7530
1536;7532
1529;7535
1520;7537
1525;7540
1520;7542
1527;7545
1516;7547
1495;7549
1500;7553
1520;7555
1533;7558
1524;7560
1494;7562
1469;7565
1457;7567
1439;7570
1433;7572
1452;7574
1474;7577
1471;7579
1460;7582
1455;7584
1434;7587
1423;7589
1430;7591
1444;7595
1447;7597
1444;7600
1442;7602
1456;7604
1464;7607
1470;7609
1467;7612
1449;7614
1455;7616
1507;7619
1567;7621
1582;7624
1573;7626
1516;7629
1464;7631
1450;7633
1449;7636
1440;7639
1445;7642
1454;7644
1424;7646
1414;7649
1409;7651
1406;7654
1405;7656
1413;7659
1419;7661
1416;7663
1411;7666
1409;7668
1414;7671
1420;7673
1423;7675
1440;7678
1463;7681
1466;7684
1455;7686
1442;7688
1428;7691
1422;7693
1417;7696
1415;7698
1420;7701
1429;7703
1437;7705
1438;7708
1434;7710
1432;7713
1429;7715
1433;7717
1445;7720
1469;7723
1492;7726
1509;7728
1521;7730
1524;7733
1519;7735
1514;7738
1498;7740
1486;7743
1476;7745
1482;7747
1473;7750
1471;7752
1472;7755
1475;7757
1477;7759
1480;7762
1483;7764
1485;7768
1486;7770
1487;7772
1486;7775
1485;7777
1482;7780
1477;7782
1473;7785
1469;7787
1464;7789
1459;7792
1453;7794
1447;7797
1440;7799
1433;7801
1426;7804
1424;7806
1423;7810
1419;7812
1413;7814
1397;7817
1380;7819
1367;7822
1351;7824
1331;7827
1318;7829
1321;7831
1331;7834
1358;7836
1384;7839
1367;7841
1342;7843
1307;7846
1267;7848
1226;7852
1208;7854
1189;7856
1176;7859
1161;7861
1147;7864
1134;7866
1122;7869
1111;7871
1101;7873
1092;7876
1087;7878
1083;7881
1080;7883
1075;7885
1075;7888
1078;7890
1082;7894
1087;7896
1091;7899
1098;7901
1110;7903
1128;7906
1145;7908
1167;7911
1180;7913
1182;7915
1184;7918
1188;7920
1187;7923
1193;7925
1201;7927
1210;7930
1217;7932
1223;7936
1231;7938
1240;7941
1249;7943
1259;7945
1270;7948
1281;7950
1291;7953
1299;7955
1308;7957
1318;7960
1329;7962
1338;7965
1347;7967
1355;7969
1364;7972
1373;7974
1381;7977
1388;7980
1397;7983
1405;7985
1414;7987
1423;7990
1428;7992
1432;7995
1448;7997
1470;7999
1500;8002
1511;8004
1510;8007
1510;8009
1482;8011
1466;8014
1461;8016
1459;8019
1460;8022
1462;8025
1464;8027
1467;8029
1470;8032
1474;8034
1477;8037
1480;8039
1483;8041
1486;8044
1488;8046
1490;8049
1492;8051
1494;8053
1498;8056
1502;8058
1506;8061
1510;8064
1514;8067
1519;8069
1524;8071
1528;8074
1532;8076
1538;8079
1545;8081
1549;8083
1548;8086
1551;8088
1557;8091
1563;8093
1566;8095
1561;8098
1556;8100
1558;8103
1565;8105
1573;8109
1571;8111
1561;8113
1557;8116
1558;8118
1559;8121
1557;8123
1557;8125
1558;8128
1560;8130
1561;8133
1562;8135
1562;8138
1563;8140
1564;8142
1564;8145
1566;8147
1567;8151
1568;8153
1570;8155
1572;8158
1574;8160
1577;8163
1581;8165
1588;8167
1599;8170
1609;8172
1614;8175
1620;8177
1627;8180
1639;8182
1654;8184
1654;8187
1637;8189
1622;8193
1615;8195
1613;8197
1611;8200
1608;8202
1607;8205
1608;8207
1610;8209
1612;8212
1615;8214
1618;8217
1621;8219
1623;8222
1626;8224
1629;8226
1633;8229
1636;8231
1640;8235
1645;8237
1650;8239
1658;8242
1664;8244
1667;8247
1668;8249
1663;8251
1662;8254
1663;8256
1665;8259
1666;8261
1668;8264
1672;8266
1675;8268
1679;8271
1687;8273
1691;8276
1694;8279
1694;8281
1676;8284
1663;8286
1656;8289
1649;8291
1645;8293
1638;8296
1633;8298
1632;8301
1635;8303
1636;8306
1634;8308
1631;8310
1632;8313
1632;8315
1632;8318
1634;8321
1634;8323
1634;8326
1635;8328
1635;8331
1637;8333
1638;8336
1639;8338
1640;8340
1641;8343
1641;8345
1642;8348
1642;8350
1642;8352
1641;8355
1641;8357
1642;8360
1645;8363
1648;8365
1649;8368
1647;8370
1645;8373
1645;8375
1648;8378
1655;8380
1667;8382
1668;8385
1657;8387
1650;8390
1646;8392
1641;8394
1637;8397
1635;8399
1634;8402
1633;8404
1632;8407
1632;8410
1632;8412
1633;8415
1632;8417
1630;8420
1630;8422
1629;8424
1629;8427
1629;8429
1629;8432
1628;8434
1630;8436
1633;8439
1638;8441
1643;8444
1644;8446
1643;8449
1643;8452
1646;8454
1649;8457
1646;8459
1646;8462
1643;8464
1640;8466
1640;8469
1643;8471
1644;8474
1643;8476
1640;8478
1639;8481
1639;8483
1639;8486
1640;8488
1640;8491
1641;8494
1641;8496
1642;8499
1642;8501
1643;8504
1644;8506
1644;8508
1645;8511
1645;8513
1645;8516
1645;8518
1646;8520
1646;8523
1647;8525
1651;8528
1655;8530
1657;8532
1664;8536
1668;8538
1674;8541
1665;8543
1645;8546
1631;8548
1620;8550
1613;8553
1608;8555
1603;8558
1599;8560
1595;8562
1591;8565
1588;8567
1584;8570
1581;8572
1578;8574
1574;8578
1571;8580
1568;8583
1566;8585
1562;8588
1559;8590
1556;8592
1553;8595
1549;8597
1546;8600
1543;8602
1540;8604
1538;8607
1537;8609
1535;8612
1533;8614
1533;8617
1534;8620
1537;8622
1535;8625
1526;8627
1517;8630
1515;8632
1516;8634
1523;8637
1530;8639
1526;8642
1516;8644
1518;8646
1521;8649
1511;8651
1496;8654
1491;8656
1485;8659
1480;8662
1479;8664
1477;8667
1476;8669
1475;8672
1473;8674
1473;8676
1472;8679
1471;8681
1471;8684
1471;8686
1470;8688
1470;8691
1470;8693
1470;8696
1469;8698
1469;8701
1468;8704
1468;8706
1468;8709
1467;8711
1466;8714
1466;8716
1466;8718
1466;8721
1467;8723
1466;8726
1462;8728
1460;8730
1457;8733
1456;8735
1458;8738
1462;8740
1471;8743
1483;8745
1487;8748
1484;8751
1475;8753
1470;8756
1455;8758
1440;8760
1434;8763
1431;8765
1427;8768
1424;8770
1422;8772
1420;8775
1419;8777
1419;8780
1417;8782
1416;8785
1414;8787
1413;8790
1412;8793
1412;8795
1411;8798
1410;8800
1410;8802
1409;8805
1408;8807
1407;8810
1406;8812
1405;8815
1406;8817
1409;8819
1414;8822
1418;8824
1420;8827
1421;8829
1413;8832
1405;8835
1404;8837
1407;8840
1405;8842
1395;8844
1389;8847
1383;8849
1381;8852
1382;8854
1383;8857
1384;8859
1385;8861
1384;8864
1382;8866
1382;8869
1381;8871
1383;8873
1384;8877
1386;8879
1390;8882
1393;8884
1395;8886
1398;8889
1403;8891
1406;8894
1411;8896
1416;8899
1418;8901
1422;8903
1428;8906
1435;8908
1438;8911
1439;8913
1439;8915
1439;8919
1440;8921
1442;8924
1444;8926
1448;8928
1453;8931
1459;8933
1465;8936
1459;8938
1453;8941
1451;8943
1451;8945
1451;8948
1450;8950
1449;8953
1448;8955
1446;8957
1446;8961
1447;8963
1449;8966
1449;8968
1448;8970
1447;8973
1446;8975
1446;8978
1446;8980
1447;8983
1448;8985
1450;8987
1454;8990
1464;8992
1476;8995
1487;8997
1495;8999
1488;9003
1475;9005
1463;9008
1458;9010
1457;9013
1460;9015
1461;9017
1456;9020
1456;9022
1458;9025
1457;9027
1453;9029
1451;9032
1449;9034
1447;9037
1446;9039
1444;9041
1443;9044
1442;9047
1441;9050
1440;9052
1440;9055
1439;9057
1438;9059
1437;9062
1437;9064
1438;9067
1438;9069
1439;9071
1440;9074
1442;9076
1442;9079
1445;9081
1452;9083
1460;9086
1470;9089
1472;9092
1465;9094
1460;9097
1449;9099
1441;9101
1439;9104
1442;9106
1447;9109
1448;9111
1447;9113
1441;9116
1438;9118
1437;9121
1438;9123
1439;9125
1441;9128
1442;9131
1443;9134
1443;9136
1444;9139
1445;9141
1445;9143
1445;9146
1444;9148
1444;9151
1442;9153
1441;9155
1439;9158
1437;9160
1435;9163
1432;9165
1430;9167
1427;9170
1423;9172
1417;9176
1413;9178
1408;9181
1403;9183
1394;9185
1385;9188
1377;9190
1372;9193
1366;9195
1360;9197
1357;9200
1355;9202
1351;9205
1344;9207
1338;9210
1334;9212
1331;9214
1330;9218
1329;9220
1330;9223
1334;9225
1341;9227
1348;9230
1350;9232
1339;9235
1330;9237
1321;9239
1317;9242
1315;9244
1315;9247
1318;9249
1321;9252
1324;9254
1327;9256
1331;9260
1334;9262
1336;9265
1338;9267
1341;9269
1345;9272
1349;9274
1354;9277
1358;9279
1363;9281
1367;9284
1371;9286
1374;9289
1378;9291
1383;9294
1389;9296
1396;9298
1402;9302
1408;9304
1412;9307
1415;9309
1416;9311
1420;9314
1430;9316
1442;9319
1447;9321
1440;9323
1436;9326
1437;9328
1440;9331
1444;9333
1448;9336
1450;9338
1452;9340
1449;9344
1444;9346
1440;9349
1440;9351
1441;9353
1442;9356
1444;9358
1445;9361
1447;9363
1449;9365
1451;9368
1452;9370
1455;9373
1457;9375
1459;9378
1460;9380
1462;9382
1463;9385
1465;9388
1467;9391
1469;9393
1472;9395
1477;9398
1481;9400
1484;9403
1486;9405
1489;9407
1490;9410
1484;9412
1479;9415
1478;9417
1482;9420
1488;9422
1492;9424
1489;9427
1485;9430
1481;9433
1480;9435
1479;9437
1476;9440
1475;9442
1474;9445
1471;9447
1472;9450
1473;9452
1475;9454
1476;9457
1476;9459
1477;9462
1478;9464
1480;9466
1481;9469
1482;9472
1484;9475
1485;9477
1487;9479
1489;9482
1490;9484
1492;9487
1495;9489
1499;9492
1503;9494
1509;9496
1517;9499
1522;9501
1526;9504
1522;9506
1518;9508
1519;9511
1526;9513
1535;9517
1540;9519
1528;9521
1520;9524
1514;9526
1512;9529
1512;9531
1513;9534
1516;9536
1517;9538
1516;9541
1515;9543
1515;9546
1516;9548
1517;9550
1518;9553
1518;9555
1520;9559
1521;9561
1522;9563
1522;9566
1523;9568
1525;9571
1527;9573
1528;9576
1530;9578
1534;9580
1538;9583
1544;9585
1544;9588
1544;9590
1540;9592
1536;9595
1535;9597
1533;9601
1532;9603
1530;9605
1524;9608
1520;9610
1519;9613
1518;9615
1516;9618
1518;9620
1518;9622
1518;9625
1518;9627
1518;9630
1517;9632
1521;9634
1530;9637
1542;9639
1549;9643
1539;9645
1526;9647
1518;9650
1514;9652
1511;9655
1510;9657
1510;9660
1512;9662
1516;9664
1516;9667
1513;9669
1508;9672
1505;9674
1504;9676
1502;9679
1501;9681
1501;9684
1501;9687
1502;9690
1502;9692
1503;9694
1505;9697
1506;9699
1508;9702
1510;9704
1511;9706
1512;9709
1516;9711
1518;9714
1517;9716
1518;9718
1524;9721
1532;9723
1541;9726
1550;9729
1540;9732
1526;9734
1522;9736
1520;9739
1519;9741
1519;9744
1517;9746
1515;9748
1514;9751
1514;9753
1515;9756
1515;9758
1514;9760
1514;9763
1514;9765
1514;9768
1514;9771
9774
