1492;2
1492;4
1490;7
1487;9
1488;11
1490;13
1491;16
1493;18
1494;20
1494;23
1492;25
1491;27
1489;30
1487;32
1487;34
1486;37
1484;39
1481;41
1478;44
1475;47
1474;49
1474;51
1478;54
1482;56
1485;58
1484;61
1480;63
1480;65
1485;68
1491;70
1490;72
1486;74
1482;77
1478;79
1478;81
1480;84
1484;87
1488;89
1489;92
1486;94
1483;96
1484;99
1487;101
1489;103
1489;106
1491;108
1494;110
1494;113
1495;115
1492;117
1492;120
1491;122
1486;125
1484;128
1481;130
1481;133
1485;135
1487;137
1488;140
1485;142
1481;144
1481;147
1479;149
1475;152
1472;154
1472;156
1473;159
1474;161
1475;163
1480;166
1484;168
1490;171
1490;174
1490;176
1489;179
1489;181
1490;183
1493;186
1494;188
1492;190
1490;193
1486;195
1482;197
1481;200
1481;202
1483;204
1483;207
1484;209
1485;212
1484;215
1482;217
1480;220
1482;222
1485;224
1486;227
1490;229
1491;231
1492;234
1495;236
1496;239
1498;241
1505;243
1514;246
1522;248
1521;250
1511;253
1503;256
1497;258
1499;261
1501;263
1497;266
1496;268
1495;270
1498;273
1498;275
1493;277
1485;280
1480;282
1474;284
1472;287
1470;289
1468;292
1466;294
1466;296
1467;300
1469;302
1472;304
1472;307
1470;309
1468;311
1466;314
1466;316
1469;319
1470;321
1469;323
1469;326
1471;328
1474;330
1475;333
1473;335
1468;337
1466;340
1467;343
1470;346
1474;348
1479;350
1482;353
1481;355
1477;357
1471;360
1467;362
1467;364
1468;367
1469;369
1471;372
1475;374
1479;376
1480;379
1479;381
1478;384
1476;387
1475;389
1472;391
1473;394
1474;396
1477;399
1481;401
1485;403
1488;406
1490;408
1492;410
1492;413
1490;415
1487;417
1482;420
1477;422
1475;425
1474;428
1478;430
1480;433
1481;435
1480;437
1478;440
1476;442
1477;444
1476;447
1476;449
1477;452
1480;454
1483;456
1486;459
1491;461
1497;463
1501;466
1496;468
1489;471
1485;474
1481;476
1479;478
1479;481
1480;483
1481;486
1483;488
1488;490
1492;493
1492;495
1489;497
1487;500
1483;502
1481;504
1480;507
1480;509
1480;513
1479;515
1480;517
1484;520
1490;522
1494;524
1495;527
1489;529
1482;531
1474;534
1470;536
1469;539
1474;541
1486;543
1500;546
1507;548
1505;550
1500;553
1493;556
1487;558
1486;561
1488;563
1489;566
1489;568
1489;570
1490;573
1492;575
1500;577
1509;580
1519;582
1523;584
1517;587
1510;589
1506;592
1503;594
1498;596
1492;600
1484;602
1485;604
1490;607
1501;609
1513;611
1515;614
1508;616
1498;619
1486;621
1478;623
1474;626
1475;628
1481;630
1485;633
1484;635
1480;637
1474;641
1470;643
1469;646
1468;648
1472;650
1474;653
1474;655
1474;657
1475;660
1478;662
1479;664
1478;667
1476;669
1479;672
1486;674
1491;676
1488;679
1478;681
1470;684
1468;687
1468;689
1469;691
1472;694
1478;696
1483;699
1488;701
1485;703
1476;706
1471;708
1469;710
1468;713
1471;715
1473;717
1473;720
1471;722
1470;726
1473;728
1477;730
1480;733
1480;735
1473;737
1465;740
1460;742
1459;744
1465;747
1476;749
1483;752
1482;754
1476;756
1474;759
1474;761
1475;763
1479;766
1482;769
1491;771
1494;774
1495;776
1490;779
1487;781
1483;783
1484;786
1486;788
1486;790
1483;793
1481;795
1480;797
1483;800
1483;802
1483;805
1482;807
1479;809
1476;813
1476;815
1479;817
1482;820
1483;822
1482;824
1481;827
1477;829
1473;832
1469;834
1468;836
1471;839
1475;841
1477;843
1478;846
1477;848
1477;850
1480;854
1485;856
1491;859
1502;861
1506;863
1501;866
1491;868
1486;870
1485;873
1484;875
1482;877
1477;880
1474;882
1474;885
1478;887
1486;889
1491;892
1490;894
1484;897
1478;900
1474;902
1473;904
1472;907
1477;909
1482;912
1490;914
1494;916
1487;919
1481;921
1475;923
1473;926
1470;928
1468;930
1470;933
1474;935
1478;939
1481;941
1486;943
1488;946
1488;948
1487;950
1486;953
1484;955
1483;957
1482;960
1481;962
1485;964
1491;967
1499;969
1499;972
1495;974
1486;976
1479;979
1473;982
1472;984
1472;987
1473;989
1474;991
1474;994
1476;996
1483;999
1487;1001
1490;1003
1493;1006
1494;1008
1491;1011
1480;1013
1478;1015
1481;1018
1488;1020
1491;1024
1490;1026
1481;1028
1474;1031
1471;1033
1472;1036
1476;1038
1482;1041
1485;1043
1482;1045
1478;1048
1476;1050
1478;1053
1479;1055
1479;1057
1482;1060
1482;1062
1484;1065
1488;1068
1495;1070
1500;1073
1498;1075
1492;1078
1488;1080
1489;1083
1488;1085
1484;1087
1482;1090
1482;1092
1481;1095
1479;1097
1476;1099
1476;1102
1475;1104
1473;1107
1469;1110
1469;1113
1473;1115
1479;1117
1484;1120
1481;1122
1474;1125
1467;1127
1465;1129
1466;1132
1469;1134
1473;1137
1477;1139
1480;1141
1480;1144
1479;1146
1478;1149
1478;1152
1479;1155
1486;1157
1489;1159
1489;1162
1486;1164
1483;1167
1482;1169
1483;1171
1485;1174
1487;1176
1485;1179
1484;1181
1484;1183
1487;1186
1487;1188
1482;1191
1477;1193
1476;1197
1478;1199
1480;1201
1481;1204
1474;1206
1469;1209
1465;1211
1464;1213
1467;1216
1471;1218
1475;1221
1477;1223
1477;1225
1476;1228
1474;1230
1475;1233
1479;1235
1485;1239
1490;1241
1493;1243
1495;1246
1494;1248
1489;1251
1482;1253
1477;1255
1475;1258
1475;1260
1476;1263
1478;1265
1479;1267
1478;1270
1477;1272
1476;1275
1478;1277
1483;1281
1488;1283
1490;1285
1494;1288
1493;1290
1493;1293
1487;1295
1485;1297
1483;1300
1480;1302
1478;1305
1478;1307
1482;1309
1486;1312
1489;1314
1489;1317
1486;1319
1486;1323
1488;1325
1493;1327
1499;1330
1504;1332
1507;1335
1506;1337
1503;1339
1496;1342
1489;1344
1482;1347
1478;1349
1477;1352
1478;1354
1478;1356
1478;1359
1478;1361
1477;1364
1477;1367
1474;1369
1476;1372
1482;1374
1483;1377
1481;1379
1477;1381
1474;1384
1474;1386
1475;1389
1477;1391
1479;1394
1478;1396
1475;1398
1470;1401
1470;1403
1472;1406
1473;1409
1475;1411
1477;1414
1485;1416
1490;1419
1488;1421
1485;1423
1482;1426
1483;1428
1489;1431
1491;1433
1486;1436
1479;1438
1472;1440
1471;1443
1473;1445
1475;1448
1474;1451
1470;1453
1467;1456
1465;1458
1466;1461
1464;1463
1461;1465
1460;1468
1462;1470
1466;1473
1468;1475
1464;1478
1459;1480
1457;1482
1457;1485
1459;1487
1463;1490
1468;1492
1475;1495
1476;1498
1476;1500
1477;1503
1478;1505
1478;1507
1476;1510
1473;1512
1472;1515
1473;1517
1477;1520
1480;1522
1479;1524
1477;1527
1475;1529
1479;1532
1481;1534
1480;1537
1476;1540
1473;1542
1474;1545
1479;1547
1482;1549
1480;1552
1474;1554
1471;1557
1473;1559
1484;1562
1497;1564
1502;1566
1499;1569
1490;1571
1481;1574
1476;1576
1472;1579
1472;1582
1473;1584
1475;1587
1475;1589
1474;1591
1474;1594
1474;1596
1478;1599
1485;1601
1488;1604
1484;1606
1477;1608
1473;1611
1472;1613
1473;1616
1474;1618
1475;1620
1476;1624
1484;1626
1491;1629
1497;1631
1498;1634
1496;1636
1493;1638
1490;1641
1490;1643
1497;1646
1500;1648
1500;1650
1496;1653
1491;1655
1485;1658
1477;1660
1472;1662
1467;1666
1465;1668
1465;1671
1470;1673
1476;1676
1481;1678
1478;1680
1470;1683
1467;1685
1471;1688
1480;1690
1487;1692
1488;1695
1485;1697
1483;1700
1481;1702
1482;1704
1480;1708
1478;1710
1479;1713
1481;1715
1486;1718
1489;1720
1487;1722
1482;1725
1477;1727
1478;1730
1481;1732
1483;1734
1483;1737
1481;1739
1481;1742
1480;1744
1480;1746
1481;1750
1485;1752
1488;1755
1491;1757
1494;1760
1495;1762
1496;1764
1495;1767
1493;1769
1489;1772
1484;1774
1479;1776
1477;1779
1476;1781
1477;1784
1478;1786
1480;1788
1484;1792
1486;1794
1484;1797
1478;1799
1478;1802
1481;1804
1484;1806
1484;1809
1484;1811
1482;1814
1482;1816
1484;1818
1486;1821
1489;1823
1490;1826
1489;1828
1486;1831
1485;1833
1493;1836
1499;1839
1503;1841
1501;1844
1496;1846
1492;1848
1489;1851
1487;1853
1487;1856
1485;1858
1485;1860
1484;1863
1487;1865
1486;1868
1485;1870
1483;1873
1481;1875
1479;1878
1479;1881
1479;1883
1482;1886
1483;1888
1482;1890
1483;1893
1479;1895
1477;1898
1476;1900
1478;1902
1479;1905
1479;1907
1478;1910
1476;1912
1473;1915
1473;1917
1473;1920
1477;1923
1482;1925
1486;1928
1489;1930
1493;1932
1495;1935
1492;1937
1486;1940
1479;1942
1482;1944
1486;1947
1490;1949
1491;1952
1489;1954
1486;1957
1486;1959
1483;1961
1478;1965
1474;1967
1472;1970
1470;1972
1467;1974
1466;1977
1466;1979
1467;1982
1473;1984
1482;1986
1489;1989
1491;1991
1487;1994
1481;1996
1478;1999
1478;2001
1481;2003
1483;2007
1482;2009
1482;2012
1490;2014
1499;2016
1506;2019
1504;2021
1494;2024
1485;2026
1478;2028
1475;2031
1475;2033
1477;2036
1477;2038
1476;2041
1474;2043
1474;2045
1477;2049
1480;2051
1484;2054
1489;2056
1490;2058
1487;2061
1484;2063
1480;2066
1478;2068
1477;2070
1477;2073
1480;2075
1486;2078
1492;2080
1495;2083
1491;2085
1486;2087
1480;2091
1476;2093
1473;2096
1473;2098
1474;2100
1474;2103
1475;2105
1474;2108
1474;2110
1473;2113
1473;2115
1479;2117
1484;2120
1487;2122
1489;2125
1488;2127
1483;2129
1480;2132
1482;2135
1488;2138
1495;2140
1497;2142
1495;2145
1491;2147
1491;2150
1492;2152
1492;2155
1487;2157
1482;2159
1477;2162
1475;2164
1474;2167
1473;2169
1472;2171
1472;2174
1472;2177
1474;2180
1476;2182
1475;2184
1475;2187
1475;2189
1475;2192
1477;2194
1480;2197
1485;2199
1492;2201
1501;2204
1506;2206
1499;2209
1489;2211
1482;2213
1479;2216
1479;2219
1479;2222
1478;2224
1475;2226
1475;2229
1478;2231
1480;2234
1481;2236
1481;2239
1481;2241
1481;2243
1483;2246
1482;2248
1482;2251
1484;2253
1485;2255
1485;2258
1483;2260
1480;2264
1476;2266
1474;2268
1475;2271
1478;2273
1482;2276
1485;2278
1487;2281
1490;2283
1495;2285
1496;2288
1492;2290
1490;2293
1486;2295
1483;2297
1481;2300
1482;2302
1484;2306
1488;2308
1488;2311
1486;2313
1487;2315
1491;2318
1499;2320
1504;2323
1501;2325
1496;2327
1493;2330
1487;2332
1485;2335
1481;2337
1481;2339
1484;2342
1491;2344
1494;2348
1488;2350
1478;2353
1472;2355
1468;2357
1467;2360
1470;2362
1476;2365
1480;2367
1487;2369
1492;2372
1496;2374
1494;2377
1488;2379
1481;2381
1477;2384
1478;2386
1483;2390
1487;2392
1488;2395
1488;2397
1492;2399
1506;2402
1521;2404
1526;2407
1518;2409
1505;2411
1494;2414
1487;2416
1485;2419
1493;2421
1516;2423
1540;2426
1555;2428
1544;2432
1522;2434
1503;2437
1495;2439
1500;2441
1515;2444
1529;2446
1532;2449
1527;2451
1523;2453
1519;2456
1521;2458
1528;2461
1534;2463
1537;2465
1532;2468
1531;2470
1536;2473
1546;2476
1558;2479
1563;2481
1566;2483
1567;2486
1572;2488
1577;2491
1577;2493
1580;2495
1582;2498
1586;2500
1590;2503
1597;2505
1594;2508
1588;2510
1581;2512
1571;2515
1581;2518
1596;2521
1603;2523
1597;2525
1585;2528
1575;2530
1574;2533
1583;2535
1598;2537
1614;2540
1621;2542
1613;2545
1603;2547
1597;2550
1604;2552
1617;2554
1616;2557
1601;2560
1579;2563
1568;2565
1575;2567
1596;2570
1612;2572
1617;2575
1626;2577
1643;2579
1657;2582
1650;2584
1615;2587
1584;2589
1565;2592
1578;2594
1603;2596
1616;2599
1597;2601
1569;2605
1553;2607
1546;2609
1539;2612
1531;2614
1532;2617
1543;2619
1543;2621
1528;2624
1498;2626
1472;2629
1462;2631
1457;2634
1452;2636
1443;2638
1440;2641
1448;2643
1466;2647
1475;2649
1464;2651
1434;2654
1413;2656
1406;2659
1406;2661
1417;2663
1421;2666
1400;2668
1356;2671
1301;2673
1273;2676
1277;2678
1293;2680
1314;2683
1320;2685
1298;2689
1276;2691
1255;2693
1245;2696
1238;2698
1236;2701
1229;2703
1220;2706
1220;2708
1228;2710
1242;2713
1241;2715
1238;2718
1251;2720
1265;2722
1256;2725
1232;2727
1212;2731
1206;2733
1218;2735
1220;2738
1209;2740
1204;2743
1218;2745
1223;2748
1238;2750
1256;2752
1261;2755
1251;2757
1249;2760
1264;2762
1280;2764
1279;2767
1279;2769
1287;2772
1297;2775
1309;2777
1323;2780
1346;2782
1346;2785
1321;2787
1304;2790
1310;2792
1321;2794
1329;2797
1351;2799
1372;2802
1392;2804
1401;2806
1404;2809
1425;2811
1436;2814
1420;2817
1383;2819
1363;2822
1356;2824
1363;2827
1384;2829
1421;2832
1446;2834
1452;2836
1435;2839
1408;2841
1401;2844
1414;2846
1431;2848
1440;2851
1451;2853
1469;2856
1492;2859
1511;2861
1524;2864
1541;2866
1555;2869
1529;2871
1505;2874
1492;2876
1490;2878
1505;2881
1534;2883
1554;2886
1561;2888
1548;2890
1528;2893
1518;2895
1504;2898
1496;2900
1513;2904
1547;2906
1569;2908
1561;2911
1538;2913
1523;2916
1517;2918
1519;2920
1529;2923
1539;2925
1555;2928
1571;2930
1582;2932
1580;2935
1583;2937
1568;2940
1554;2942
1563;2946
1565;2948
1557;2950
1539;2953
1537;2955
1565;2958
1581;2960
1573;2962
1560;2965
1573;2967
1587;2970
1581;2972
1562;2974
1541;2977
1524;2979
1553;2982
1617;2984
1662;2988
1643;2990
1599;2992
1561;2995
1548;2997
1566;3000
1614;3002
1642;3004
1622;3007
1578;3009
1539;3012
1563;3014
1630;3016
1654;3019
1629;3021
1585;3024
1561;3026
1560;3030
1577;3032
1585;3034
1571;3037
1543;3039
1522;3042
1516;3044
1522;3046
1533;3049
1542;3051
1550;3054
1552;3056
1564;3058
1587;3061
1598;3063
1562;3066
1519;3068
1513;3072
1540;3074
1566;3076
1557;3079
1532;3081
1537;3084
1553;3086
1548;3088
1535;3091
1521;3093
1516;3096
1522;3098
1536;3101
1563;3103
1567;3105
1562;3108
1538;3110
1554;3113
1588;3116
1605;3118
1582;3121
1540;3123
1507;3126
1486;3128
1489;3130
1539;3133
1583;3135
1577;3138
1527;3140
1498;3143
1482;3145
1490;3147
1521;3150
1537;3152
1527;3155
1508;3158
1506;3160
1509;3163
1546;3165
1586;3168
1619;3170
1606;3172
1560;3175
1540;3177
1540;3180
1542;3182
1536;3185
1539;3187
1546;3189
1549;3192
1545;3194
1520;3197
1505;3200
1502;3202
1526;3205
1555;3207
1577;3210
1616;3212
1634;3214
1625;3217
1571;3219
1535;3222
1553;3224
1583;3227
1614;3229
1653;3231
1649;3234
1576;3236
1511;3239
1468;3241
1466;3244
1487;3247
1514;3249
1551;3252
1571;3254
1553;3256
1505;3259
1479;3261
1474;3264
1478;3266
1489;3269
1494;3271
1480;3273
1464;3276
1456;3278
1465;3281
1490;3283
1513;3286
1519;3289
1536;3291
1539;3294
1504;3296
1470;3298
1456;3301
1466;3303
1498;3306
1508;3308
1502;3311
1479;3313
1461;3315
1476;3318
1497;3320
1520;3323
1508;3325
1476;3328
1444;3331
1431;3333
1428;3336
1430;3338
1450;3341
1486;3343
1500;3345
1496;3348
1486;3350
1483;3353
1477;3355
1489;3357
1494;3360
1481;3362
1476;3365
1473;3367
1477;3369
1505;3373
1527;3375
1527;3378
1492;3380
1465;3383
1460;3385
1454;3387
1460;3390
1467;3392
1455;3395
1449;3397
1467;3399
1508;3402
1512;3404
1495;3407
1481;3409
1472;3411
1472;3415
1458;3417
1463;3420
1472;3422
1482;3425
1472;3427
1462;3429
1452;3432
1447;3434
1460;3437
1472;3439
1504;3441
1540;3444
1535;3446
1481;3449
1438;3451
1460;3453
1503;3457
1536;3459
1527;3462
1487;3464
1446;3467
1444;3469
1465;3471
1490;3474
1525;3476
1565;3479
1566;3481
1534;3483
1482;3486
1465;3488
1472;3491
1469;3493
1466;3495
1486;3499
1510;3501
1509;3504
1499;3506
1497;3509
1491;3511
1476;3513
1480;3516
1507;3518
1522;3521
1485;3523
1453;3525
1452;3528
1459;3530
1456;3533
1448;3535
1453;3538
1487;3540
1518;3543
1520;3546
1495;3548
1476;3551
1477;3553
1502;3555
1526;3558
1505;3560
1461;3563
1429;3565
1423;3567
1436;3570
1451;3572
1464;3575
1444;3577
1434;3580
1417;3582
1403;3585
1405;3588
1421;3590
1449;3593
1469;3595
1471;3597
1473;3600
1498;3602
1502;3605
1508;3607
1537;3609
1539;3612
1484;3614
1426;3617
1409;3619
1407;3622
1428;3624
1458;3627
1482;3630
1481;3632
1459;3635
1447;3637
1437;3639
1441;3642
1471;3644
1483;3647
1460;3649
1433;3651
1415;3654
1406;3656
1413;3659
1454;3661
1510;3664
1525;3666
1481;3668
1415;3672
1399;3674
1410;3677
1442;3679
1473;3681
1483;3684
1475;3686
1453;3689
1438;3691
1448;3693
1453;3696
1440;3698
1421;3701
1417;3703
1425;3706
1440;3708
1485;3710
1509;3714
1478;3716
1422;3719
1398;3721
1407;3723
1436;3726
1497;3728
1523;3731
1501;3733
1436;3736
1417;3738
1417;3740
1418;3743
1416;3745
1413;3748
1423;3750
1441;3752
1446;3756
1425;3758
1422;3761
1429;3763
1434;3765
1444;3768
1470;3770
1486;3773
1494;3775
1494;3778
1490;3780
1467;3782
1442;3785
1434;3787
1438;3790
1436;3792
1438;3794
1441;3798
1447;3800
1443;3803
1433;3805
1426;3807
1449;3810
1487;3812
1515;3815
1505;3817
1486;3820
1476;3822
1463;3824
1462;3827
1461;3829
1459;3832
1460;3834
1461;3836
1457;3840
1463;3842
1470;3845
1470;3847
1467;3849
1471;3852
1485;3854
1485;3857
1474;3859
1457;3862
1440;3864
1433;3866
1447;3869
1454;3871
1460;3874
1454;3876
1456;3878
1464;3881
1473;3884
1474;3887
1496;3889
1521;3891
1527;3894
1502;3896
1473;3899
1462;3901
1480;3904
1496;3906
1491;3908
1468;3911
1471;3913
1480;3916
1475;3918
1464;3920
1449;3923
1449;3926
1462;3929
1473;3931
1492;3933
1508;3936
1515;3938
1496;3941
1479;3943
1475;3946
1482;3948
1476;3950
1470;3953
1462;3955
1460;3958
1454;3960
1447;3962
1444;3965
1458;3968
1497;3971
1526;3973
1508;3976
1475;3978
1480;3980
1509;3983
1519;3985
1509;3988
1506;3990
1511;3992
1523;3995
1518;3997
1496;4000
1463;4002
1465;4004
1480;4007
1498;4009
1505;4013
1489;4015
1472;4018
1465;4020
1483;4022
1490;4025
1471;4027
1450;4030
1457;4032
1491;4034
1507;4037
1492;4039
1472;4042
1463;4044
1463;4046
1460;4049
1458;4051
1461;4055
1477;4057
1490;4060
1484;4062
1472;4064
1483;4067
1516;4069
1540;4072
1527;4074
1494;4076
1463;4079
1451;4081
1457;4084
1491;4086
1511;4088
1517;4091
1492;4093
1478;4097
1460;4099
1450;4102
1453;4104
1458;4106
1478;4109
1503;4111
1539;4114
1530;4116
1487;4118
1459;4121
1473;4123
1521;4126
1550;4128
1524;4130
1485;4133
1476;4135
1493;4139
1494;4141
1465;4144
1450;4146
1446;4148
1442;4151
1438;4153
1445;4156
1460;4158
1459;4160
1451;4163
1444;4165
1443;4168
1428;4170
1417;4172
1419;4175
1440;4177
1452;4180
1473;4183
1493;4186
1516;4188
1513;4190
1487;4193
1448;4195
1423;4198
1421;4200
1428;4202
1435;4205
1434;4207
1440;4210
1461;4212
1475;4215
1466;4217
1454;4219
1451;4222
1467;4225
1490;4228
1487;4230
1451;4232
1428;4235
1444;4237
1493;4240
1517;4242
1487;4244
1456;4247
1435;4249
1435;4252
1460;4254
1485;4257
1491;4259
1466;4261
1436;4264
1427;4267
1430;4270
1436;4272
1433;4274
1441;4277
1441;4279
1463;4282
1506;4284
1516;4286
1481;4289
1434;4291
1412;4294
1421;4296
1446;4299
1462;4301
1473;4303
1511;4306
1556;4308
1554;4312
1496;4314
1460;4316
1459;4319
1475;4321
1490;4324
1494;4326
1490;4328
1492;4331
1500;4333
1497;4336
1485;4338
1474;4341
1461;4343
1442;4345
1463;4348
1513;4350
1534;4354
1496;4356
1431;4358
1405;4361
1415;4363
1471;4366
1530;4368
1535;4370
1506;4373
1474;4375
1456;4378
1454;4380
1465;4383
1467;4385
1463;4387
1462;4390
1466;4392
1469;4396
1482;4398
1500;4400
1494;4403
1476;4405
1459;4408
1465;4410
1470;4412
1460;4415
1447;4417
1445;4420
1449;4422
1456;4425
1464;4427
1479;4429
1510;4432
1528;4434
1513;4438
1471;4440
1451;4442
1439;4445
1447;4447
1483;4450
1500;4452
1478;4454
1445;4457
1425;4459
1426;4462
1452;4464
1485;4467
1505;4469
1501;4471
1493;4474
1488;4476
1469;4480
1438;4482
1416;4484
1423;4487
1441;4489
1451;4492
1449;4494
1477;4497
1500;4499
1512;4501
1498;4504
1483;4506
1473;4509
1481;4511
1481;4513
1462;4516
1447;4518
1472;4521
1492;4524
1500;4526
1475;4529
1457;4531
1493;4534
1523;4536
1503;4539
1459;4541
1445;4543
1446;4546
1445;4548
1458;4551
1499;4553
1523;4555
1509;4558
1486;4560
1486;4563
1500;4566
1486;4568
1452;4571
1442;4573
1473;4576
1526;4578
1538;4581
1503;4583
1485;4585
1491;4588
1485;4590
1476;4593
1487;4595
1488;4597
1467;4600
1432;4602
1445;4605
1495;4608
1524;4610
1510;4613
1471;4615
1440;4618
1431;4620
1428;4623
1431;4625
1438;4627
1473;4630
1513;4632
1510;4635
1467;4637
1433;4639
1454;4642
1461;4644
1453;4647
1431;4649
1442;4652
1471;4655
1484;4657
1480;4660
1461;4662
1444;4665
1440;4667
1445;4669
1447;4672
1444;4674
1442;4677
1440;4679
1437;4681
1471;4684
1519;4686
1525;4689
1491;4691
1479;4695
1465;4697
1440;4699
1420;4702
1424;4704
1453;4707
1484;4709
1484;4711
1460;4714
1452;4716
1461;4719
1476;4721
1465;4723
1450;4726
1425;4728
1421;4731
1454;4733
1511;4737
1525;4739
1490;4741
1452;4744
1433;4746
1469;4749
1512;4751
1508;4753
1500;4756
1535;4758
1572;4761
1554;4763
1513;4765
1475;4768
1457;4770
1441;4773
1441;4775
1464;4779
1491;4781
1495;4783
1489;4786
1486;4788
1493;4791
1509;4793
1516;4795
1494;4798
1464;4800
1452;4803
1447;4805
1459;4807
1482;4810
1486;4812
1492;4815
1525;4817
1564;4820
1552;4823
1530;4825
1529;4828
1528;4830
1516;4833
1538;4835
1619;4837
1662;4840
1656;4842
1572;4845
1502;4847
1473;4849
1484;4852
1497;4854
1495;4857
1465;4859
1449;4862
1465;4865
1483;4867
1510;4870
1517;4872
1517;4875
1537;4877
1578;4879
1586;4882
1530;4884
1472;4887
1432;4889
1444;4891
1538;4894
1642;4896
1658;4899
1581;4901
1510;4904
1484;4907
1475;4909
1482;4912
1489;4914
1487;4917
1482;4919
1473;4921
1469;4924
1485;4926
1502;4929
1509;4931
1493;4933
1493;4936
1491;4938
1520;4941
1553;4943
1559;4946
1548;4948
1545;4951
1542;4954
1523;4956
1499;4959
1478;4961
1455;4963
1460;4966
1479;4968
1502;4971
1509;4973
1523;4976
1550;4978
1545;4980
1505;4983
1481;4985
1501;4988
1541;4990
1574;4993
1578;4996
1555;4998
1526;5001
1493;5003
1502;5005
1527;5008
1533;5010
1493;5013
1448;5015
1459;5018
1505;5020
1526;5022
1519;5025
1526;5027
1551;5030
1543;5032
1508;5035
1494;5038
1517;5040
1541;5043
1520;5045
1473;5047
1458;5050
1469;5052
1484;5055
1517;5057
1564;5060
1568;5062
1502;5064
1468;5067
1481;5069
1516;5072
1549;5074
1567;5076
1553;5080
1518;5082
1457;5085
1442;5087
1496;5089
1544;5092
1540;5094
1499;5097
1482;5099
1476;5102
1510;5104
1574;5106
1614;5109
1599;5111
1562;5114
1524;5116
1475;5118
1441;5122
1455;5124
1505;5127
1531;5129
1526;5131
1482;5134
1454;5136
1464;5139
1511;5141
1548;5144
1530;5146
1480;5148
1451;5151
1442;5153
1444;5156
1460;5158
1494;5160
1518;5164
1509;5166
1476;5169
1467;5171
1484;5173
1507;5176
1502;5178
1482;5181
1457;5183
1460;5186
1474;5188
1483;5190
1483;5193
1499;5195
1513;5198
1497;5200
1467;5202
1455;5206
1477;5208
1510;5211
1508;5213
1492;5216
1516;5218
1553;5220
1545;5223
1495;5225
1452;5228
1440;5230
1499;5232
1544;5235
1538;5237
1485;5240
1474;5242
1474;5244
1473;5248
1467;5250
1480;5253
1491;5255
1489;5258
1468;5260
1428;5262
1410;5265
1461;5267
1572;5270
1625;5272
1609;5274
1533;5277
1471;5279
1476;5282
1492;5284
1500;5286
1487;5289
1470;5292
1458;5295
1463;5297
1472;5300
1495;5302
1526;5304
1532;5307
1514;5309
1474;5312
1445;5314
1439;5316
1443;5319
1454;5321
1449;5324
1443;5326
1443;5328
1434;5331
1480;5334
1531;5337
1524;5339
1464;5342
1411;5344
1395;5346
1403;5349
1447;5351
1484;5354
1486;5356
1478;5358
1481;5361
1493;5363
1504;5366
1485;5368
1454;5370
1436;5373
1442;5376
1439;5379
1418;5381
1415;5384
1432;5386
1457;5388
1507;5391
1534;5393
1526;5396
1453;5398
1402;5400
1404;5403
1439;5405
1486;5408
1488;5410
1456;5412
1414;5415
1409;5417
1415;5421
1428;5423
1467;5426
1520;5428
1546;5430
1518;5433
1487;5435
1475;5438
1459;5440
1454;5442
1469;5445
1496;5447
1476;5450
1441;5452
1442;5454
1474;5457
1532;5459
1546;5463
1515;5465
1489;5468
1503;5470
1519;5472
1497;5475
1466;5477
1469;5480
1470;5482
1446;5484
1420;5487
1431;5489
1460;5492
1487;5494
1479;5497
1436;5499
1411;5501
1426;5505
1456;5507
1463;5510
1452;5512
1441;5514
1439;5517
1442;5519
1463;5522
1465;5524
1459;5526
1463;5529
1468;5531
1458;5534
1460;5536
1482;5539
1505;5541
1530;5543
1542;5547
1518;5549
1486;5552
1476;5554
1477;5556
1474;5559
1465;5561
1439;5564
1428;5566
1431;5568
1426;5571
1423;5573
1430;5576
1438;5578
1475;5581
1518;5583
1522;5585
1466;5588
1437;5591
1423;5594
1428;5596
1445;5598
1457;5601
1455;5603
1471;5606
1480;5608
1480;5610
1498;5613
1515;5615
1509;5618
1467;5620
1437;5623
1419;5625
1424;5627
1464;5630
1494;5633
1478;5636
1442;5638
1419;5640
1430;5643
1458;5645
1480;5648
1495;5650
1529;5652
1545;5655
1513;5657
1455;5660
1424;5662
1407;5665
1416;5667
1448;5669
1493;5672
1501;5675
1485;5678
1504;5680
1530;5682
1527;5685
1489;5687
1441;5690
1426;5692
1470;5694
1528;5697
1542;5699
1498;5702
1464;5704
1475;5707
1498;5709
1530;5711
1531;5714
1501;5716
1454;5720
1433;5722
1442;5724
1467;5727
1491;5729
1499;5732
1494;5734
1475;5736
1457;5739
1467;5741
1488;5744
1485;5746
1512;5749
1553;5751
1559;5753
1507;5756
1467;5758
1438;5762
1437;5764
1489;5766
1539;5769
1534;5771
1479;5774
1459;5776
1460;5778
1465;5781
1482;5783
1527;5786
1553;5788
1512;5791
1451;5793
1414;5795
1401;5798
1421;5800
1473;5804
1511;5806
1498;5808
1464;5811
1458;5813
1468;5816
1485;5818
1498;5821
1488;5823
1469;5825
1460;5828
1454;5830
1455;5833
1475;5835
1487;5837
1472;5840
1451;5842
1429;5846
1420;5848
1446;5850
1499;5853
1513;5855
1500;5858
1461;5860
1437;5863
1430;5865
1437;5867
1471;5870
1532;5872
1562;5875
1530;5877
1482;5879
1435;5882
1417;5884
1401;5888
1394;5890
1407;5892
1442;5895
1462;5897
1451;5900
1435;5902
1429;5905
1415;5907
1406;5909
1426;5912
1470;5914
1494;5917
1480;5919
1450;5921
1423;5924
1422;5926
1434;5929
1511;5932
1585;5934
1581;5937
1500;5939
1450;5942
1444;5944
1450;5947
1468;5949
1459;5951
1438;5954
1432;5956
1485;5959
1519;5961
1499;5963
1455;5966
1441;5968
1465;5971
1495;5974
1492;5976
1462;5979
1436;5981
1471;5984
1516;5986
1518;5989
1480;5991
1467;5993
1504;5996
1533;5998
1517;6001
1472;6003
1452;6005
1450;6008
1441;6010
1427;6013
1428;6016
1460;6019
1536;6021
1591;6023
1585;6026
1537;6028
1486;6031
1452;6033
1425;6035
1402;6038
1389;6040
1391;6043
1422;6045
1470;6047
1497;6050
1507;6052
1516;6055
1520;6057
1503;6061
1456;6063
1423;6065
1437;6068
1462;6070
1476;6073
1476;6075
1466;6077
1474;6080
1476;6082
1494;6085
1492;6087
1480;6089
1464;6092
1492;6094
1525;6097
1526;6099
1497;6103
1478;6105
1482;6107
1501;6110
1533;6112
1538;6115
1515;6117
1505;6119
1523;6122
1536;6124
1504;6127
1449;6129
1433;6131
1448;6134
1463;6136
1463;6139
1463;6141
1482;6145
1506;6147
1517;6149
1499;6152
1481;6154
1474;6157
1466;6159
1475;6161
1499;6164
1515;6166
1507;6169
1505;6171
1505;6173
1508;6176
1508;6178
1503;6181
1481;6183
1469;6187
1492;6189
1514;6191
1526;6194
1513;6196
1507;6199
1510;6201
1504;6203
1499;6206
1468;6208
1444;6211
1477;6213
1538;6215
1568;6218
1547;6220
1492;6223
1469;6225
1482;6228
1504;6231
1503;6233
1490;6236
1498;6238
1519;6241
1531;6243
1518;6245
1487;6248
1468;6250
1486;6253
1493;6255
1469;6258
1433;6260
1420;6262
1432;6265
1463;6267
1497;6270
1490;6273
1453;6275
1439;6278
1452;6280
1482;6283
1524;6285
1547;6287
1545;6290
1534;6292
1540;6295
1535;6297
1512;6300
1549;6302
1594;6304
1588;6307
1515;6309
1479;6312
1489;6315
1497;6317
1508;6320
1526;6322
1521;6325
1492;6327
1450;6329
1457;6332
1516;6334
1548;6337
1515;6339
1464;6342
1423;6344
1417;6346
1423;6349
1437;6351
1445;6354
1456;6356
1495;6359
1536;6362
1539;6364
1501;6367
1470;6369
1485;6371
1492;6374
1472;6376
1457;6379
1474;6381
1516;6384
1547;6386
1547;6388
1503;6391
1489;6393
1493;6396
1487;6398
1468;6401
1481;6404
1502;6406
1503;6409
1482;6411
1469;6413
1459;6416
1460;6418
1477;6421
1520;6423
1531;6426
1494;6428
1445;6430
1435;6433
1463;6435
1487;6438
1499;6440
1473;6443
1448;6446
1449;6448
1458;6451
1471;6453
1486;6455
1499;6458
1489;6460
1465;6463
1453;6465
1485;6468
1534;6470
1554;6472
1517;6475
1464;6477
1424;6480
1406;6482
1402;6484
1407;6488
1429;6490
1478;6493
1510;6495
1498;6497
1454;6500
1445;6502
1468;6505
1480;6507
1467;6510
1455;6512
1475;6514
1487;6517
1490;6519
1485;6522
1469;6524
1433;6526
1445;6530
1496;6532
1527;6535
1499;6537
1436;6540
1426;6542
1482;6544
1519;6547
1485;6549
1427;6552
1413;6554
1438;6556
1465;6559
1477;6561
1449;6564
1416;6566
1402;6568
1430;6572
1479;6574
1494;6577
1467;6579
1431;6582
1439;6584
1467;6586
1490;6589
1467;6591
1437;6594
1435;6596
1471;6598
1527;6601
1543;6603
1522;6606
1498;6608
1493;6610
1490;6614
1488;6616
1508;6619
1526;6621
1519;6624
1538;6626
1559;6628
1549;6631
1490;6633
1439;6636
1450;6638
1510;6640
1556;6643
1539;6645
1483;6648
1450;6650
1444;6652
1448;6656
1456;6658
1464;6661
1501;6663
1547;6666
1570;6668
1535;6670
1488;6673
1493;6675
1527;6678
1549;6680
1557;6682
1537;6685
1504;6687
1487;6690
1502;6692
1512;6694
1479;6697
1449;6700
1451;6703
1457;6705
1455;6708
1444;6710
1434;6712
1444;6715
1485;6717
1520;6720
1515;6722
1492;6724
1485;6727
1480;6729
1470;6732
1469;6734
1476;6737
1498;6739
1520;6742
1511;6745
1468;6747
1419;6750
1413;6752
1439;6754
1496;6757
1536;6759
1536;6762
1540;6764
1557;6766
1555;6769
1535;6771
1502;6774
1470;6776
1451;6779
1439;6781
1446;6784
1466;6787
1497;6789
1502;6792
1475;6794
1439;6796
1427;6799
1430;6801
1440;6804
1457;6806
1489;6808
1516;6811
1507;6813
1494;6816
1502;6818
1540;6821
1561;6823
1549;6825
1506;6829
1496;6831
1534;6834
1559;6836
1543;6838
1516;6841
1507;6843
1488;6846
1481;6848
1473;6850
1504;6853
1557;6855
1565;6858
1541;6860
1514;6863
1514;6865
1495;6867
1496;6871
1493;6873
1486;6876
1462;6878
1451;6880
1480;6883
1519;6885
1528;6888
1503;6890
1485;6892
1490;6895
1490;6897
1494;6900
1490;6902
1493;6905
1491;6907
1511;6909
1537;6913
1533;6915
1542;6918
1564;6920
1563;6922
1525;6925
1488;6927
1478;6930
1469;6932
1459;6935
1464;6937
1476;6939
1501;6942
1529;6944
1548;6947
1537;6949
1485;6951
1451;6955
1447;6957
1479;6960
1527;6962
1537;6964
1497;6967
1472;6969
1494;6972
1557;6974
1583;6977
1548;6979
1472;6981
1451;6984
1461;6986
1485;6989
1502;6991
1502;6993
1481;6996
1454;6999
1447;7002
1459;7004
1481;7006
1497;7009
1506;7011
1494;7014
1465;7016
1444;7019
1433;7021
1448;7023
1475;7026
1494;7028
1515;7031
1552;7033
1571;7035
1533;7038
1463;7041
1433;7044
1437;7046
1466;7048
1484;7051
1489;7053
1493;7056
1478;7058
1445;7061
1435;7063
1446;7065
1468;7068
1509;7070
1544;7073
1553;7075
1531;7077
1492;7080
1443;7083
1438;7086
1458;7088
1458;7090
1441;7093
1413;7095
1420;7098
1456;7100
1485;7103
1485;7105
1456;7107
1431;7110
1425;7112
1449;7115
1500;7117
1535;7119
1531;7122
1494;7124
1457;7128
1464;7130
1495;7132
1511;7135
1481;7137
1457;7140
1427;7142
1447;7145
1488;7147
1518;7149
1494;7152
1478;7154
1462;7157
1431;7159
1413;7161
1416;7164
1431;7166
1447;7170
1459;7172
1462;7175
1458;7177
1462;7179
1462;7182
1466;7184
1459;7187
1452;7189
1442;7191
1437;7194
1453;7196
1475;7199
1513;7201
1535;7203
1528;7206
1475;7208
1444;7212
1456;7214
1493;7217
1510;7219
1484;7221
1447;7224
1422;7226
1462;7229
1531;7231
1562;7233
1517;7236
1474;7238
1440;7241
1434;7243
1448;7245
1469;7248
1465;7250
1461;7254
1449;7256
1432;7259
1429;7261
1433;7263
1452;7266
1460;7268
1465;7271
1477;7273
1486;7275
1502;7278
1503;7280
1488;7283
1478;7285
1478;7287
1480;7290
1473;7292
1454;7296
1457;7298
1479;7301
1506;7303
1514;7305
1517;7308
1501;7310
1495;7313
1481;7315
1482;7317
1477;7320
1474;7322
1484;7325
1500;7327
1489;7329
1461;7332
1439;7334
1438;7337
1460;7340
1477;7343
1479;7345
1470;7347
1489;7350
1513;7352
1501;7355
1469;7357
1459;7359
1456;7362
1446;7364
1426;7367
1425;7369
1448;7372
1479;7374
1513;7376
1528;7379
1507;7382
1477;7385
1446;7387
1431;7389
1427;7392
1425;7394
1422;7397
1428;7399
1440;7401
1453;7404
1459;7406
1468;7409
1484;7411
1524;7414
1548;7416
1521;7418
1475;7421
1453;7424
1444;7427
1438;7429
1439;7431
1438;7434
1447;7436
1466;7439
1478;7441
1480;7443
1481;7446
1491;7448
1497;7451
1493;7453
1478;7456
1467;7458
1460;7460
1453;7463
1450;7465
1452;7469
1452;7471
1454;7473
1457;7476
1463;7478
1476;7481
1484;7483
1472;7485
1448;7488
1438;7490
1439;7493
1442;7495
1447;7498
1447;7500
1445;7502
1446;7505
1451;7507
1457;7511
1460;7513
1465;7515
1468;7518
1474;7520
1471;7523
1458;7525
1448;7527
1443;7530
1444;7532
1449;7535
1461;7537
1476;7540
1485;7542
1489;7544
1484;7547
1473;7549
1467;7553
1460;7555
1456;7557
1453;7560
1449;7562
1445;7565
1444;7567
1447;7570
1457;7572
1466;7574
1468;7577
1463;7579
1461;7582
1458;7584
1456;7586
1452;7589
1449;7591
1451;7595
1453;7597
1451;7599
1445;7602
1438;7604
1439;7607
1440;7609
1442;7612
1445;7614
1447;7616
1452;7619
1459;7621
1467;7624
1470;7626
1468;7628
1463;7631
1459;7633
1461;7636
1462;7639
1454;7641
1445;7644
1444;7646
1447;7649
1453;7651
1463;7654
1463;7656
1458;7658
1448;7661
1442;7663
1438;7666
1438;7668
1439;7670
1440;7673
1439;7675
1439;7678
1439;7681
1440;7683
1442;7686
1447;7688
1452;7691
1458;7693
1461;7696
1462;7698
1467;7700
1473;7703
1482;7705
1486;7708
1486;7710
1483;7712
1478;7715
1478;7717
1481;7720
1486;7723
1493;7725
1494;7728
1488;7730
1484;7733
1484;7735
1484;7738
1486;7740
1489;7742
1492;7745
1495;7747
1499;7750
1504;7752
1508;7754
1509;7757
1509;7759
1513;7762
1517;7764
1517;7768
1514;7770
1512;7772
1506;7775
1498;7777
1491;7780
1487;7782
1485;7784
1487;7787
1491;7789
1494;7792
1493;7794
1491;7796
1487;7799
1481;7801
1479;7804
1477;7806
1476;7810
1479;7812
1486;7814
1493;7817
1495;7819
1494;7822
1490;7824
1483;7826
1476;7829
1474;7831
1478;7834
1485;7836
1490;7838
1489;7841
1484;7843
1477;7846
1474;7848
1474;7852
1473;7854
1470;7856
1470;7859
1470;7861
1472;7864
1473;7866
1474;7868
1474;7871
1471;7873
1470;7876
1470;7878
1472;7880
1476;7883
1476;7885
1474;7888
1476;7890
1479;7894
1484;7896
1487;7898
1486;7901
1484;7903
1479;7906
1474;7908
1473;7910
1477;7913
1484;7915
1490;7918
1498;7920
1502;7922
1503;7925
1504;7927
1507;7930
1507;7932
1506;7936
1506;7938
1507;7940
1509;7943
1512;7945
1513;7948
1513;7950
1513;7952
1515;7955
1517;7957
1520;7960
1524;7962
1527;7965
1529;7967
1528;7969
1529;7972
1532;7974
1538;7977
1545;7980
1553;7982
1561;7985
1562;7987
1558;7990
1552;7992
1546;7994
1540;7997
1537;7999
1536;8002
1539;8004
1542;8007
1544;8009
1542;8011
1538;8014
1536;8016
1536;8019
1537;8022
1538;8024
1535;8027
1527;8029
1519;8032
1515;8034
1512;8036
1511;8039
1509;8041
1508;8044
1507;8046
1508;8049
1509;8051
1510;8053
1510;8056
1510;8058
1509;8061
1508;8064
1505;8066
1499;8069
1497;8071
1498;8074
1500;8076
1502;8078
1502;8081
1499;8083
1496;8086
1493;8088
1490;8091
1489;8093
1489;8095
1490;8098
1490;8100
1488;8103
1485;8105
1482;8108
1482;8111
1483;8113
1484;8116
1485;8118
1486;8120
1489;8123
1490;8125
1488;8128
1484;8130
1480;8133
1478;8135
1476;8137
1476;8140
1477;8142
1482;8145
1488;8147
1491;8150
1490;8153
1486;8155
1483;8158
1481;8160
1477;8163
1474;8165
1474;8167
1474;8170
1476;8172
1476;8175
1475;8177
1473;8179
1470;8182
1466;8184
1464;8187
1464;8189
1464;8192
1464;8195
1462;8197
1460;8200
1459;8202
1458;8205
1457;8207
1458;8209
1459;8212
1461;8214
1463;8217
1465;8219
1468;8221
1473;8224
1479;8226
1483;8229
1485;8231
1484;8233
1481;8237
1478;8239
1474;8242
1472;8244
1473;8247
1474;8249
1475;8251
1475;8254
1475;8256
1477;8259
1479;8261
1482;8263
1486;8266
1486;8268
1485;8271
1484;8273
1482;8275
1481;8279
1481;8281
1479;8284
1477;8286
1474;8289
1472;8291
1472;8293
1472;8296
1473;8298
1475;8301
1476;8303
1476;8305
1476;8308
1477;8310
1478;8313
1480;8315
1482;8317
1483;8321
1485;8323
1486;8326
1487;8328
1487;8331
1486;8333
1486;8335
1483;8338
1483;8340
1486;8343
1492;8345
1498;8347
1500;8350
1494;8352
1490;8355
1486;8357
1484;8360
1484;8363
1485;8365
1484;8368
1480;8370
1475;8373
1472;8375
1471;8377
1470;8380
1470;8382
1470;8385
1469;8387
1469;8389
1469;8392
1470;8394
1474;8397
1484;8399
1492;8402
1498;8404
1497;8407
1488;8410
1478;8412
1473;8415
1471;8417
1471;8419
1473;8422
1475;8424
1475;8427
1474;8429
1475;8431
1476;8434
1479;8436
1481;8439
1481;8441
1479;8444
1479;8446
1478;8449
1478;8452
1479;8454
1481;8457
1484;8459
1487;8461
1488;8464
1487;8466
1488;8469
1490;8471
1491;8473
1491;8476
1490;8478
1490;8481
1491;8483
1492;8486
1493;8488
1493;8491
1494;8494
1496;8496
1498;8499
1499;8501
1497;8503
1491;8506
1485;8508
1482;8511
1480;8513
1480;8515
1483;8518
1485;8520
1486;8523
1486;8525
1485;8528
1485;8530
1484;8532
1484;8536
1485;8538
1485;8541
1485;8543
1485;8545
1487;8548
1492;8550
1496;8553
1497;8555
1498;8558
1498;8560
1501;8562
1505;8565
1506;8567
1505;8570
1504;8572
1500;8574
1495;8578
1491;8580
1488;8583
1486;8585
1486;8587
1488;8590
1489;8592
1489;8595
1490;8597
1490;8600
1491;8602
1493;8604
1493;8607
1489;8609
1485;8612
1483;8614
1483;8616
1484;8620
1484;8622
1484;8625
1485;8627
1484;8629
1483;8632
1480;8634
1479;8637
1477;8639
1476;8642
1474;8644
1474;8646
1476;8649
1478;8651
1481;8654
1483;8656
1482;8658
1483;8662
1483;8664
1484;8667
1485;8669
1485;8671
1487;8674
1489;8676
1490;8679
1488;8681
1482;8684
1478;8686
1475;8688
1473;8691
1474;8693
1476;8696
1478;8698
1479;8700
1481;8704
1482;8706
1481;8709
1480;8711
1477;8714
1475;8716
1475;8718
1477;8721
1484;8723
1492;8726
1496;8728
1494;8730
1487;8733
1482;8735
1479;8738
1478;8740
1477;8742
1477;8745
1477;8748
1477;8751
1479;8753
1483;8756
1487;8758
1489;8760
1488;8763
1488;8765
1488;8768
1489;8770
1489;8772
1488;8775
1485;8777
1482;8780
1482;8782
1483;8784
1487;8787
1488;8790
1487;8793
1484;8795
1482;8798
1481;8800
1484;8802
1487;8805
1487;8807
1485;8810
1482;8812
1480;8814
1479;8817
1480;8819
1484;8822
1491;8824
1497;8826
1497;8829
1493;8832
1490;8835
1488;8837
1487;8840
1486;8842
1484;8844
1483;8847
1482;8849
1480;8852
1480;8854
1479;8856
1478;8859
1478;8861
1479;8864
1481;8866
1483;8868
1486;8871
1489;8873
1492;8877
1495;8879
1497;8882
1496;8884
1494;8886
1492;8889
1490;8891
1487;8894
1485;8896
1484;8898
1483;8901
1483;8903
1482;8906
1482;8908
1485;8910
1489;8913
1495;8915
1502;8919
1506;8921
1505;8924
1501;8926
1495;8928
1489;8931
1486;8933
1485;8936
1484;8938
1482;8940
1481;8943
1481;8945
1484;8948
1488;8950
1492;8953
1492;8955
1490;8957
1488;8961
1486;8963
1485;8966
1483;8968
1480;8970
1480;8973
1480;8975
1482;8978
1482;8980
1482;8982
1482;8985
1482;8987
1485;8990
1487;8992
1488;8995
1489;8997
1487;8999
1485;9003
1485;9005
1488;9008
1491;9010
1494;9012
1492;9015
1489;9017
1485;9020
1485;9022
1489;9024
1494;9027
1497;9029
1496;9032
1493;9034
1491;9037
1491;9039
1491;9041
1489;9044
1486;9047
1483;9050
1481;9052
1481;9054
1481;9057
1482;9059
1482;9062
1485;9064
1489;9066
1491;9069
1491;9071
1488;9074
1484;9076
1480;9079
1479;9081
1477;9083
1476;9086
1475;9089
1475;9092
1475;9094
1477;9096
1482;9099
1491;9101
1498;9104
1500;9106
1497;9108
1491;9111
1484;9113
1480;9116
1477;9118
1475;9121
1473;9123
1473;9125
1472;9128
1473;9131
1473;9134
1475;9136
1476;9138
1479;9141
1487;9143
1497;9146
1505;9148
1507;9151
1499;9153
1492;9155
1484;9158
1479;9160
1476;9163
1474;9165
1473;9167
1472;9170
1472;9172
1472;9176
1472;9178
1473;9180
1473;9183
1474;9185
1474;9188
1474;9190
1476;9193
1480;9195
1488;9197
1495;9200
1497;9202
1496;9205
1492;9207
1490;9209
1488;9212
1485;9214
1482;9218
1479;9220
1477;9222
1475;9225
1474;9227
1473;9230
1473;9232
1474;9235
1480;9237
1486;9239
1492;9242
1498;9244
1497;9247
1495;9249
1491;9251
1485;9254
1480;9256
1476;9260
1474;9262
1472;9264
1471;9267
1470;9269
1470;9272
1470;9274
1471;9277
1473;9279
1478;9281
1484;9284
1489;9286
1492;9289
1492;9291
1486;9293
1480;9296
1474;9298
1472;9302
1470;9304
1469;9306
1468;9309
1468;9311
1470;9314
1472;9316
1477;9319
1482;9321
1486;9323
1487;9326
1485;9328
1482;9331
1478;9333
1475;9335
1473;9338
1474;9340
1476;9344
1477;9346
1478;9349
1479;9351
1483;9353
1487;9356
1490;9358
1489;9361
1486;9363
1482;9365
1478;9368
1476;9370
1475;9373
1474;9375
1474;9377
1474;9380
1474;9382
1474;9385
1475;9388
1476;9391
1476;9393
1476;9395
1475;9398
1476;9400
1476;9403
1476;9405
1476;9407
1475;9410
1474;9412
1475;9415
1476;9417
1476;9419
1476;9422
1477;9424
1477;9427
1476;9430
1477;9433
1477;9435
1477;9437
1476;9440
1476;9442
1478;9445
1479;9447
1482;9449
1483;9452
1482;9454
1479;9457
1477;9459
1475;9461
1472;9464
1470;9466
1467;9469
1466;9472
1466;9475
1467;9477
1469;9479
1473;9482
1476;9484
1477;9487
1476;9489
1477;9491
1477;9494
1475;9496
1474;9499
1473;9501
1473;9503
1474;9506
1474;9508
1476;9511
1478;9513
1480;9517
1480;9519
1480;9521
1479;9524
1477;9526
1475;9529
1475;9531
1475;9533
1473;9536
1473;9538
1473;9541
1473;9543
1474;9545
1473;9548
1472;9550
1472;9553
1472;9555
1470;9559
1469;9561
1467;9563
1467;9566
1468;9568
1470;9571
1472;9573
1473;9575
1470;9578
1469;9580
1469;9583
1471;9585
1474;9588
1477;9590
1478;9592
1478;9595
1477;9597
1475;9601
1474;9603
1472;9605
1471;9608
1469;9610
1469;9613
1468;9615
1469;9617
1473;9620
1476;9622
1478;9625
1479;9627
1477;9630
1476;9632
1476;9634
1477;9637
1478;9639
1479;9643
1479;9645
1479;9647
1480;9650
1480;9652
1481;9655
1481;9657
1480;9659
1478;9662
1477;9664
1475;9667
1475;9669
1476;9672
1478;9674
1483;9676
1488;9679
1489;9681
1487;9684
1483;9687
1482;9689
1480;9692
1480;9694
1479;9697
1479;9699
1479;9701
1478;9704
1478;9706
1477;9709
1476;9711
1475;9714
1476;9716
1478;9718
1481;9721
1485;9723
1488;9726
1490;9729
1490;9731
1488;9734
1486;9736
1484;9739
1482;9741
1482;9744
1482;9746
1482;9748
1482;9751
1482;9753
1483;9756
1483;9758
1483;9760
1483;9763
1483;9765
1484;9768
1485;9771
1487;9773
1493;9776
1497;9778
1499;9781
1496;9783
1492;9786
1488;9788
1486;9790
1484;9793
1483;9795
1483;9798
1484;9800
1486;9802
1489;9805
1490;9807
1490;9810
1489;9812
1487;9815
1484;9818
1481;9820
1479;9823
1477;9825
1476;9828
1476;9830
1477;9832
1477;9835
1476;9837
1475;9840
1474;9842
1474;9844
1474;9847
1474;9849
1474;9852
1474;9854
1475;9857
1476;9860
1478;9862
1479;9865
1479;9867
1479;9870
1479;9872
1479;9874
1480;9877
1479;9879
1476;9882
1476;9884
1477;9886
1479;9889
1480;9891
1480;9894
1477;9896
1475;9899
1473;9902
1472;9904
1471;9907
1471;9909
1471;9912
1472;9914
1475;9916
1477;9919
1481;9921
1482;9924
1481;9926
1480;9928
1478;9931
1478;9933
1479;9936
1478;9938
1477;9942
1475;9944
1474;9946
1474;9949
1474;9951
1475;9954
1475;9956
1476;9958
1476;9961
1476;9963
1477;9966
1477;9968
1476;9970
1476;9973
1476;9975
1475;9978
1474;9980
1473;9984
1473;9986
1475;9988
1478;9991
1481;9993
1483;9996
1481;9998
1479;10000
1476;10003
1475;10005
1473;10008
1473;10010
1474;10013
1475;10015
1476;10018
1476;10020
1478;10023
1481;10025
1483;10029
1483;10031
1481;10033
1479;10036
1479;10038
1479;10041
1478;10043
1477;10046
1474;10048
1473;10051
1472;10053
1471;10056
1472;10058
1473;10061
1474;10063
1477;10065
1481;10068
1485;10071
1489;10074
1490;10076
1489;10079
1485;10081
1480;10084
1478;10086
1476;10089
1475;10091
1475;10094
1475;10096
1475;10098
1476;10101
1476;10103
1476;10106
1477;10108
1477;10112
1478;10114
1478;10117
1479;10119
1481;10122
1484;10124
1486;10127
1488;10129
1486;10131
1483;10134
1481;10136
1480;10139
1479;10141
1478;10146
1478;10149
1478;10151
1481;10155
1486;10157
1490;10160
1492;10162
1491;10164
1489;10167
1485;10169
1482;10172
1480;10174
1479;10177
1478;10179
