1542;2
1543;4
1544;7
1546;9
1549;11
1549;13
1546;16
1544;18
1544;20
1541;23
1539;25
1537;27
1535;30
1535;32
1533;34
1537;37
1542;39
1548;41
1552;44
1553;47
1549;49
1539;51
1535;54
1533;56
1532;58
1532;61
1533;63
1535;65
1536;68
1536;70
1536;72
1538;75
1538;77
1537;79
1536;81
1535;84
1532;87
1532;89
1532;92
1532;94
1531;96
1530;99
1529;101
1528;103
1528;106
1528;108
1529;110
1529;113
1530;115
1532;117
1535;120
1538;122
1540;125
1542;128
1543;130
1544;133
1545;135
1546;137
1545;140
1543;142
1540;144
1538;147
1536;149
1535;152
1534;154
1532;156
1529;159
1525;161
1522;163
1520;166
1520;168
1522;171
1524;174
1525;176
1524;179
1523;181
1520;183
1518;186
1518;188
1517;190
1517;193
1518;195
1519;197
1521;200
1524;202
1527;205
1528;207
1529;209
1528;212
1525;215
1522;217
1520;220
1520;222
1520;224
1522;227
1521;229
1516;232
1513;234
1513;236
1512;239
1512;241
1513;243
1516;246
1518;248
1519;250
1518;253
1515;256
1511;259
1508;261
1505;263
1502;266
1503;268
1505;270
1509;273
1512;275
1515;277
1517;280
1517;282
1516;285
1514;287
1514;289
1516;292
1517;294
1518;296
1520;300
1519;302
1516;304
1514;307
1514;309
1514;312
1515;314
1515;316
1515;319
1516;321
1518;323
1518;326
1516;328
1514;330
1514;333
1513;335
1514;337
1514;340
1516;343
1518;346
1519;348
1520;350
1519;353
1518;355
1517;357
1516;360
1516;362
1516;364
1515;367
1513;369
1514;372
1515;374
1517;376
1518;379
1517;381
1515;384
1515;387
1514;389
1511;391
1510;394
1508;396
1508;399
1511;401
1514;403
1517;406
1518;408
1520;410
1517;413
1515;415
1516;417
1518;420
1519;422
1518;425
1514;428
1511;430
1508;433
1507;435
1508;437
1508;440
1510;442
1513;444
1512;447
1511;449
1510;452
1508;454
1507;456
1507;459
1507;461
1508;463
1508;466
1508;468
1508;471
1509;474
1510;476
1511;479
1512;481
1512;483
1511;486
1509;488
1507;490
1505;493
1503;495
1501;497
1501;500
1503;502
1505;505
1509;507
1512;509
1511;513
1510;515
1510;517
1507;520
1505;522
1503;524
1502;527
1500;529
1500;532
1501;534
1502;536
1505;539
1508;541
1510;543
1513;546
1511;548
1506;550
1502;553
1499;556
1497;559
1497;561
1496;563
1495;566
1495;568
1497;570
1501;573
1506;575
1512;577
1516;580
1517;582
1514;585
1509;587
1507;589
1503;592
1501;594
1498;596
1498;600
1499;602
1501;604
1502;607
1504;609
1504;612
1504;614
1503;616
1505;619
1507;621
1508;623
1508;626
1508;628
1506;630
1505;633
1503;635
1503;638
1504;641
1506;643
1507;646
1507;648
1509;650
1510;653
1510;655
1508;657
1507;660
1502;662
1499;665
1497;667
1496;669
1496;672
1496;674
1499;676
1503;679
1509;681
1514;684
1518;687
1520;689
1519;692
1512;694
1507;696
1503;699
1503;701
1504;703
1505;706
1506;708
1504;710
1502;713
1497;715
1494;718
1493;720
1492;722
1491;726
1491;728
1491;730
1492;733
1492;735
1492;737
1492;740
1492;742
1493;745
1495;747
1501;749
1508;752
1515;754
1523;756
1528;759
1525;761
1519;763
1515;766
1512;769
1509;772
1505;774
1501;776
1500;779
1499;781
1499;783
1500;786
1501;788
1501;790
1502;793
1501;795
1500;798
1501;800
1503;802
1504;805
1505;807
1506;809
1505;813
1501;815
1497;817
1494;820
1492;822
1491;825
1491;827
1491;829
1492;832
1491;834
1490;836
1490;839
1489;841
1489;843
1490;846
1491;848
1492;851
1494;854
1496;856
1499;859
1501;861
1503;863
1503;866
1502;868
1500;870
1499;873
1496;875
1496;878
1497;880
1498;882
1501;885
1501;887
1500;889
1498;892
1496;894
1495;897
1493;900
1489;902
1487;905
1488;907
1491;909
1494;912
1494;914
1495;916
1497;919
1498;921
1496;923
1495;926
1494;928
1491;931
1488;933
1488;935
1490;939
1492;941
1495;943
1498;946
1497;948
1493;950
1488;953
1486;955
1485;958
1486;960
1489;962
1492;965
1494;967
1494;969
1491;972
1488;974
1486;976
1485;979
1484;982
1485;985
1488;987
1494;989
1500;992
1504;994
1505;996
1503;999
1497;1001
1492;1004
1489;1006
1486;1008
1485;1011
1485;1013
1486;1016
1488;1018
1489;1020
1488;1024
1487;1026
1485;1029
1484;1031
1483;1033
1482;1036
1482;1038
1482;1041
1484;1043
1487;1046
1489;1048
1493;1050
1494;1053
1495;1055
1493;1058
1490;1060
1488;1062
1484;1065
1482;1068
1480;1071
1478;1073
1477;1075
1476;1078
1475;1080
1474;1083
1474;1085
1476;1088
1485;1090
1496;1092
1505;1095
1511;1097
1510;1100
1503;1102
1495;1104
1491;1107
1487;1110
1485;1113
1483;1115
1481;1117
1478;1120
1478;1122
1478;1125
1479;1127
1480;1130
1481;1132
1481;1134
1480;1137
1480;1139
1480;1142
1483;1144
1491;1146
1502;1149
1513;1152
1521;1155
1527;1157
1522;1159
1511;1162
1500;1164
1493;1167
1486;1169
1481;1172
1478;1174
1477;1176
1478;1179
1480;1181
1482;1184
1485;1186
1486;1188
1485;1191
1485;1193
1484;1197
1484;1199
1485;1201
1485;1204
1486;1206
1489;1209
1492;1211
1493;1214
1490;1216
1488;1218
1486;1221
1484;1223
1484;1226
1484;1228
1485;1230
1487;1233
1488;1235
1489;1239
1489;1241
1490;1243
1491;1246
1492;1248
1491;1251
1490;1253
1487;1256
1483;1258
1482;1260
1483;1263
1484;1265
1485;1268
1486;1270
1485;1272
1484;1275
1483;1277
1482;1281
1483;1283
1486;1286
1489;1288
1493;1290
1494;1293
1491;1295
1489;1298
1489;1300
1488;1302
1486;1305
1489;1307
1491;1310
1491;1312
1491;1314
1490;1317
1489;1319
1487;1323
1486;1325
1486;1328
1487;1330
1489;1332
1489;1335
1488;1337
1488;1340
1486;1342
1485;1344
1485;1347
1486;1349
1488;1352
1491;1354
1493;1356
1493;1359
1493;1361
1491;1364
1489;1367
1488;1370
1486;1372
1484;1374
1484;1377
1486;1379
1491;1382
1497;1384
1502;1386
1502;1389
1500;1391
1497;1394
1494;1396
1488;1398
1483;1401
1480;1403
1478;1406
1478;1409
1479;1412
1479;1414
1479;1416
1479;1419
1481;1421
1483;1424
1483;1426
1483;1428
1482;1431
1481;1433
1481;1436
1480;1438
1482;1440
1485;1443
1487;1445
1487;1448
1486;1451
1484;1454
1482;1456
1480;1458
1480;1461
1481;1463
1484;1466
1484;1468
1484;1470
1486;1473
1488;1475
1488;1478
1491;1480
1493;1483
1492;1485
1491;1487
1490;1490
1489;1492
1488;1496
1488;1498
1490;1500
1488;1503
1486;1505
1485;1508
1482;1510
1481;1512
1479;1515
1479;1517
1480;1520
1480;1522
1481;1525
1483;1527
1485;1529
1486;1532
1487;1534
1488;1538
1485;1540
1484;1542
1484;1545
1485;1547
1486;1550
1487;1552
1487;1554
1488;1557
1489;1559
1489;1562
1488;1564
1486;1567
1486;1569
1487;1571
1487;1574
1489;1576
1489;1580
1489;1582
1488;1584
1487;1587
1486;1589
1485;1592
1484;1594
1484;1596
1485;1599
1488;1601
1488;1604
1487;1606
1485;1609
1485;1611
1487;1613
1489;1616
1491;1618
1492;1622
1492;1624
1492;1626
1490;1629
1489;1631
1490;1634
1489;1636
1488;1638
1486;1641
1484;1643
1483;1646
1483;1648
1482;1651
1482;1653
1480;1655
1478;1658
1478;1660
1477;1664
1477;1666
1477;1668
1477;1671
1477;1673
1477;1676
1478;1678
1479;1681
1483;1683
1488;1685
1491;1688
1495;1690
1498;1693
1499;1695
1498;1697
1494;1700
1490;1702
1489;1705
1487;1708
1486;1710
1489;1713
1491;1715
1490;1718
1487;1720
1484;1723
1482;1725
1480;1727
1477;1730
1475;1732
1473;1735
1473;1737
1474;1739
1476;1742
1480;1744
1482;1747
1481;1750
1479;1752
1477;1755
1475;1757
1475;1760
1476;1762
1476;1765
1478;1767
1480;1769
1483;1772
1484;1774
1484;1777
1483;1779
1483;1781
1483;1784
1486;1786
1488;1789
1489;1792
1486;1794
1483;1797
1481;1799
1483;1802
1484;1804
1484;1807
1484;1809
1483;1811
1481;1814
1480;1816
1479;1819
1480;1821
1482;1823
1482;1826
1482;1828
1481;1831
1481;1833
1481;1836
1481;1839
1481;1841
1479;1844
1478;1846
1476;1849
1475;1851
1476;1853
1476;1856
1476;1858
1478;1861
1482;1863
1485;1865
1487;1868
1487;1870
1485;1873
1486;1875
1488;1878
1488;1881
1487;1883
1485;1886
1481;1888
1479;1891
1479;1893
1479;1895
1479;1898
1479;1900
1480;1903
1481;1905
1481;1907
1478;1910
1476;1912
1475;1915
1473;1917
1473;1921
1474;1923
1475;1925
1476;1928
1477;1930
1480;1933
1484;1935
1487;1937
1488;1940
1488;1942
1485;1945
1479;1947
1474;1949
1473;1952
1471;1954
1473;1957
1476;1959
1479;1963
1483;1965
1485;1967
1485;1970
1485;1972
1482;1975
1482;1977
1480;1979
1478;1982
1477;1984
1476;1987
1475;1989
1474;1991
1474;1994
1475;1996
1476;1999
1479;2001
1482;2004
1484;2007
1485;2009
1486;2012
1483;2014
1480;2017
1479;2019
1480;2021
1480;2024
1482;2026
1485;2029
1486;2031
1488;2033
1488;2036
1486;2038
1484;2041
1481;2043
1477;2046
1474;2049
1473;2051
1474;2054
1476;2056
1480;2059
1483;2061
1484;2063
1485;2066
1486;2068
1486;2071
1486;2073
1485;2075
1483;2078
1484;2080
1483;2083
1482;2085
1482;2088
1482;2091
1480;2093
1478;2096
1476;2098
1474;2101
1474;2103
1476;2105
1481;2108
1485;2110
1488;2113
1488;2115
1488;2118
1488;2120
1486;2122
1485;2125
1483;2127
1481;2130
1478;2132
1477;2135
1478;2138
1480;2140
1483;2143
1484;2145
1485;2147
1483;2150
1482;2152
1484;2155
1484;2157
1486;2160
1487;2162
1486;2164
1485;2167
1482;2169
1481;2172
1482;2174
1485;2177
1487;2180
1489;2182
1492;2185
1496;2187
1496;2189
1494;2192
1488;2194
1482;2197
1478;2199
1476;2202
1474;2204
1473;2206
1475;2209
1477;2211
1479;2214
1481;2216
1482;2219
1483;2222
1485;2224
1486;2227
1488;2229
1488;2231
1489;2234
1490;2236
1490;2239
1490;2241
1489;2244
1487;2246
1483;2248
1479;2251
1477;2253
1477;2256
1480;2258
1481;2260
1482;2264
1482;2266
1481;2269
1480;2271
1478;2273
1476;2276
1475;2278
1474;2281
1473;2283
1472;2286
1472;2288
1472;2290
1471;2293
1472;2295
1475;2298
1482;2300
1492;2302
1501;2306
1508;2308
1507;2311
1500;2313
1490;2316
1482;2318
1478;2320
1476;2323
1475;2325
1472;2328
1471;2330
1470;2332
1469;2335
1468;2337
1468;2340
1468;2342
1468;2344
1469;2348
1473;2350
1482;2353
1492;2355
1503;2358
1512;2360
1516;2362
1516;2365
1509;2367
1502;2370
1495;2372
1488;2374
1483;2377
1480;2379
1476;2382
1472;2384
1471;2386
1469;2390
1468;2392
1468;2395
1468;2397
1469;2400
1470;2402
1473;2404
1476;2407
1477;2409
1478;2412
1478;2414
1479;2416
1480;2419
1484;2421
1490;2424
1494;2426
1498;2428
1499;2432
1499;2434
1494;2437
1487;2439
1484;2442
1483;2444
1482;2446
1481;2449
1482;2451
1483;2454
1482;2456
1482;2458
1480;2461
1479;2463
1480;2466
1482;2468
1485;2470
1488;2473
1491;2476
1493;2479
1495;2481
1495;2484
1494;2486
1490;2488
1489;2491
1489;2493
1486;2496
1485;2498
1486;2500
1488;2503
1489;2505
1492;2508
1493;2510
1491;2512
1485;2515
1481;2518
1478;2521
1477;2523
1477;2526
1477;2528
1479;2530
1482;2533
1489;2535
1498;2538
1502;2540
1499;2542
1494;2545
1488;2547
1480;2550
1477;2552
1476;2555
1477;2557
1482;2560
1486;2563
1489;2565
1495;2568
1498;2570
1497;2572
1495;2575
1488;2577
1482;2580
1476;2582
1472;2584
1471;2587
1473;2589
1473;2592
1473;2594
1476;2597
1477;2599
1477;2601
1472;2605
1469;2607
1473;2610
1477;2612
1479;2614
1483;2617
1489;2619
1493;2622
1505;2624
1511;2626
1514;2629
1524;2631
1523;2634
1514;2636
1519;2639
1532;2641
1543;2643
1549;2647
1547;2649
1537;2652
1525;2654
1526;2656
1548;2659
1568;2661
1578;2664
1575;2666
1561;2668
1530;2671
1498;2673
1493;2676
1507;2678
1516;2681
1528;2683
1546;2685
1543;2689
1529;2691
1515;2694
1491;2696
1478;2698
1480;2701
1495;2703
1503;2706
1513;2708
1523;2710
1523;2713
1525;2715
1530;2718
1529;2720
1538;2723
1553;2725
1578;2727
1592;2731
1599;2733
1590;2736
1574;2738
1548;2740
1528;2743
1525;2745
1537;2748
1555;2750
1569;2753
1577;2755
1572;2757
1550;2760
1531;2762
1520;2765
1521;2767
1526;2769
1534;2772
1531;2775
1526;2778
1536;2780
1546;2782
1559;2785
1569;2787
1572;2790
1565;2792
1553;2795
1556;2797
1555;2799
1563;2802
1553;2804
1549;2807
1557;2809
1565;2811
1573;2814
1574;2817
1564;2820
1560;2822
1558;2824
1553;2827
1551;2829
1546;2832
1541;2834
1533;2837
1535;2839
1538;2841
1539;2844
1545;2846
1542;2849
1532;2851
1523;2853
1527;2856
1545;2859
1555;2862
1589;2864
1609;2866
1618;2869
1623;2871
1621;2874
1616;2876
1610;2879
1589;2881
1572;2883
1576;2886
1578;2888
1587;2891
1593;2893
1584;2895
1574;2898
1559;2900
1544;2904
1534;2906
1532;2908
1542;2911
1554;2913
1580;2916
1597;2918
1603;2921
1590;2923
1569;2925
1530;2928
1509;2930
1499;2933
1498;2935
1510;2937
1516;2940
1522;2942
1520;2946
1510;2948
1502;2950
1506;2953
1511;2955
1543;2958
1564;2960
1582;2963
1584;2965
1580;2967
1570;2970
1558;2972
1549;2975
1534;2977
1515;2979
1506;2982
1513;2984
1538;2988
1557;2990
1576;2993
1579;2995
1562;2997
1549;3000
1531;3002
1550;3005
1568;3007
1581;3009
1583;3012
1577;3014
1569;3017
1577;3019
1591;3021
1581;3024
1568;3026
1546;3030
1528;3032
1517;3035
1509;3037
1501;3039
1489;3042
1490;3044
1501;3047
1529;3049
1565;3051
1578;3054
1579;3056
1582;3059
1580;3061
1567;3063
1554;3066
1543;3068
1551;3072
1563;3074
1559;3077
1572;3079
1577;3081
1582;3084
1581;3086
1574;3089
1573;3091
1571;3093
1584;3096
1583;3098
1586;3101
1599;3103
1591;3105
1583;3108
1551;3110
1517;3113
1488;3116
1473;3119
1465;3121
1458;3123
1475;3126
1501;3128
1524;3131
1537;3133
1542;3135
1540;3138
1548;3140
1553;3143
1554;3145
1547;3147
1518;3150
1532;3152
1556;3155
1587;3158
1606;3161
1603;3163
1573;3165
1542;3168
1533;3170
1543;3173
1537;3175
1540;3177
1545;3180
1546;3182
1563;3185
1567;3187
1558;3189
1544;3192
1529;3194
1510;3197
1496;3200
1483;3203
1462;3205
1449;3207
1464;3210
1490;3212
1515;3215
1528;3217
1535;3219
1534;3222
1553;3224
1566;3227
1569;3229
1558;3231
1530;3234
1487;3236
1481;3239
1483;3241
1498;3245
1506;3247
1501;3249
1494;3252
1491;3254
1488;3257
1500;3259
1493;3261
1486;3264
1486;3266
1494;3269
1511;3271
1535;3274
1543;3276
1543;3278
1531;3281
1519;3283
1513;3287
1509;3289
1508;3291
1504;3294
1486;3296
1477;3299
1479;3301
1492;3303
1546;3306
1576;3308
1586;3311
1572;3313
1520;3316
1484;3318
1488;3320
1537;3323
1566;3325
1569;3329
1544;3331
1502;3333
1468;3336
1466;3338
1461;3341
1460;3343
1454;3345
1456;3348
1458;3350
1464;3353
1481;3355
1500;3358
1511;3360
1526;3362
1536;3365
1535;3367
1524;3371
1508;3373
1493;3375
1473;3378
1465;3380
1462;3383
1451;3385
1451;3387
1482;3390
1528;3392
1544;3395
1532;3397
1525;3400
1512;3402
1503;3404
1509;3407
1500;3409
1523;3412
1562;3415
1595;3417
1587;3420
1567;3422
1521;3425
1496;3427
1497;3429
1516;3432
1542;3434
1541;3437
1508;3439
1486;3442
1454;3444
1462;3446
1500;3449
1530;3451
1544;3454
1533;3457
1515;3459
1496;3462
1483;3464
1453;3467
1466;3469
1496;3472
1520;3474
1528;3476
1507;3479
1491;3481
1515;3484
1536;3486
1544;3488
1507;3491
1471;3493
1435;3496
1428;3499
1429;3501
1441;3504
1475;3506
1516;3509
1544;3511
1537;3514
1506;3516
1456;3518
1404;3521
1381;3523
1386;3526
1398;3528
1404;3530
1396;3533
1402;3535
1435;3538
1459;3540
1472;3543
1458;3546
1417;3548
1391;3551
1355;3553
1369;3556
1406;3558
1438;3560
1449;3563
1435;3565
1417;3568
1424;3570
1458;3572
1492;3575
1487;3577
1455;3580
1424;3582
1407;3585
1416;3588
1427;3590
1443;3593
1460;3595
1477;3598
1470;3600
1448;3602
1421;3605
1385;3607
1380;3610
1414;3612
1440;3614
1457;3617
1457;3619
1426;3622
1410;3624
1423;3627
1430;3630
1414;3632
1383;3635
1373;3637
1375;3640
1378;3642
1391;3644
1413;3647
1433;3649
1475;3652
1508;3654
1512;3656
1479;3659
1452;3661
1432;3664
1421;3666
1412;3670
1391;3672
1373;3674
1394;3677
1411;3679
1432;3682
1435;3684
1424;3686
1390;3689
1375;3691
1374;3694
1396;3696
1406;3698
1442;3701
1468;3703
1464;3706
1451;3708
1428;3712
1397;3714
1392;3716
1377;3719
1365;3721
1369;3724
1366;3726
1370;3728
1387;3731
1391;3733
1400;3736
1384;3738
1360;3740
1362;3743
1380;3745
1400;3748
1424;3750
1448;3753
1451;3756
1457;3758
1459;3761
1440;3763
1426;3766
1420;3768
1455;3770
1484;3773
1489;3775
1460;3778
1411;3780
1380;3782
1355;3785
1356;3787
1415;3790
1468;3792
1505;3795
1488;3798
1433;3800
1401;3803
1400;3805
1406;3808
1411;3810
1387;3812
1376;3815
1397;3817
1429;3820
1449;3822
1460;3825
1444;3827
1433;3829
1430;3832
1449;3834
1460;3837
1453;3840
1422;3842
1391;3845
1374;3847
1382;3850
1400;3852
1407;3854
1410;3857
1403;3859
1385;3862
1400;3864
1411;3867
1409;3869
1388;3871
1383;3874
1391;3876
1409;3879
1415;3881
1402;3884
1377;3887
1337;3889
1324;3892
1362;3894
1407;3896
1447;3899
1448;3901
1414;3904
1386;3906
1398;3909
1424;3911
1450;3913
1439;3916
1389;3918
1359;3921
1359;3923
1366;3926
1374;3929
1366;3931
1354;3934
1353;3936
1359;3938
1358;3941
1343;3943
1326;3946
1328;3948
1339;3951
1362;3953
1392;3955
1405;3958
1406;3960
1409;3963
1413;3965
1443;3968
1462;3971
1484;3973
1487;3976
1465;3978
1425;3980
1396;3983
1370;3985
1370;3988
1378;3990
1397;3993
1422;3995
1445;3997
1450;4000
1427;4002
1401;4005
1403;4007
1421;4009
1435;4013
1439;4015
1416;4018
1401;4020
1411;4023
1432;4025
1429;4027
1435;4030
1429;4032
1425;4035
1430;4037
1453;4039
1498;4042
1536;4044
1547;4047
1518;4049
1493;4051
1469;4055
1430;4057
1411;4060
1412;4062
1423;4065
1432;4067
1434;4069
1465;4072
1483;4074
1506;4077
1531;4079
1514;4081
1485;4084
1456;4086
1426;4089
1404;4091
1398;4093
1399;4097
1409;4099
1421;4102
1432;4104
1447;4107
1463;4109
1472;4111
1469;4114
1445;4116
1429;4119
1436;4121
1440;4123
1474;4126
1524;4128
1558;4131
1601;4133
1612;4135
1602;4139
1579;4141
1540;4144
1497;4146
1447;4149
1433;4151
1439;4153
1458;4156
1469;4158
1473;4161
1467;4163
1451;4165
1443;4168
1453;4170
1504;4173
1539;4175
1559;4177
1552;4180
1519;4183
1488;4186
1484;4188
1486;4191
1493;4193
1502;4195
1486;4198
1481;4200
1471;4203
1467;4205
1461;4207
1462;4210
1471;4212
1493;4215
1506;4217
1505;4219
1486;4222
1464;4225
1442;4228
1431;4230
1424;4233
1428;4235
1428;4237
1431;4240
1443;4242
1464;4245
1490;4247
1511;4249
1535;4252
1538;4254
1535;4257
1521;4259
1505;4262
1489;4264
1469;4267
1438;4270
1430;4272
1442;4275
1440;4277
1479;4279
1534;4282
1567;4284
1578;4287
1574;4289
1550;4291
1532;4294
1517;4296
1491;4299
1474;4301
1461;4304
1451;4306
1435;4308
1446;4312
1457;4314
1488;4317
1524;4319
1545;4321
1545;4324
1527;4326
1498;4329
1470;4331
1471;4333
1479;4336
1474;4338
1464;4341
1456;4343
1457;4346
1460;4348
1470;4350
1471;4354
1466;4356
1477;4359
1486;4361
1483;4363
1486;4366
1506;4368
1520;4371
1520;4373
1514;4375
1489;4378
1479;4380
1495;4383
1504;4385
1499;4388
1495;4390
1478;4392
1475;4396
1495;4398
1511;4401
1504;4403
1477;4405
1453;4408
1450;4410
1484;4413
1539;4415
1566;4417
1562;4420
1538;4422
1515;4425
1507;4427
1502;4430
1497;4432
1490;4434
1481;4438
1499;4440
1507;4443
1519;4445
1524;4447
1506;4450
1485;4452
1486;4455
1503;4457
1516;4460
1522;4462
1530;4464
1534;4467
1536;4469
1548;4472
1544;4474
1551;4476
1547;4480
1526;4482
1531;4485
1556;4487
1562;4489
1562;4492
1556;4494
1545;4497
1542;4499
1530;4502
1510;4504
1502;4506
1501;4509
1507;4511
1518;4514
1534;4516
1535;4518
1567;4521
1586;4524
1601;4527
1594;4529
1572;4531
1538;4534
1513;4536
1500;4539
1496;4541
1510;4544
1529;4546
1552;4548
1578;4551
1598;4553
1599;4556
1601;4558
1586;4560
1562;4563
1543;4566
1523;4569
1529;4571
1557;4573
1571;4576
1565;4578
1544;4581
1514;4583
1507;4586
1523;4588
1568;4590
1582;4593
1568;4595
1543;4598
1512;4600
1488;4602
1469;4605
1457;4608
1456;4611
1475;4613
1533;4616
1604;4618
1637;4620
1630;4623
1595;4625
1549;4628
1502;4630
1486;4632
1474;4635
1473;4637
1476;4640
1492;4642
1528;4644
1559;4647
1573;4649
1555;4653
1527;4655
1512;4658
1499;4660
1499;4662
1493;4665
1480;4667
1480;4670
1496;4672
1513;4674
1515;4677
1504;4679
1507;4682
1504;4684
1505;4686
1489;4689
1459;4691
1465;4695
1499;4697
1534;4700
1551;4702
1552;4704
1533;4707
1517;4709
1526;4712
1529;4714
1535;4716
1522;4719
1522;4721
1531;4724
1542;4726
1551;4728
1552;4731
1545;4733
1520;4737
1481;4739
1457;4742
1439;4744
1437;4746
1458;4749
1473;4751
1489;4754
1502;4756
1503;4758
1480;4761
1452;4763
1433;4766
1440;4768
1482;4770
1512;4773
1529;4775
1524;4779
1517;4781
1477;4784
1467;4786
1480;4788
1495;4791
1509;4793
1513;4796
1503;4798
1519;4800
1534;4803
1532;4805
1510;4808
1469;4810
1433;4813
1441;4815
1443;4817
1447;4820
1452;4823
1457;4826
1472;4828
1473;4830
1446;4833
1408;4835
1391;4838
1389;4840
1405;4842
1431;4845
1460;4847
1472;4850
1488;4852
1484;4855
1473;4857
1475;4859
1509;4862
1513;4865
1526;4868
1540;4870
1531;4872
1513;4875
1505;4877
1491;4880
1483;4882
1494;4884
1509;4887
1495;4889
1466;4892
1453;4894
1432;4897
1428;4899
1466;4901
1493;4904
1505;4907
1505;4910
1482;4912
1435;4914
1418;4917
1398;4919
1385;4922
1408;4924
1430;4926
1439;4929
1441;4931
1441;4934
1460;4936
1447;4939
1439;4941
1447;4943
1471;4946
1486;4948
1501;4952
1488;4954
1480;4956
1492;4959
1480;4961
1467;4964
1470;4966
1447;4968
1426;4971
1404;4973
1390;4976
1400;4978
1417;4981
1424;4983
1434;4985
1437;4988
1425;4990
1428;4994
1442;4996
1451;4998
1455;5001
1447;5003
1444;5006
1460;5008
1479;5010
1482;5013
1485;5015
1481;5018
1471;5020
1462;5023
1441;5025
1488;5027
1526;5030
1533;5032
1500;5036
1466;5038
1433;5040
1425;5043
1422;5045
1432;5048
1440;5050
1441;5053
1442;5055
1443;5057
1446;5060
1442;5062
1425;5065
1411;5067
1406;5069
1436;5072
1485;5074
1510;5078
1514;5080
1497;5082
1463;5085
1442;5087
1466;5090
1491;5092
1497;5095
1475;5097
1449;5099
1441;5102
1455;5104
1472;5107
1467;5109
1472;5111
1459;5114
1462;5116
1474;5120
1463;5122
1439;5124
1398;5127
1387;5129
1387;5132
1388;5134
1401;5137
1443;5139
1483;5141
1498;5144
1485;5146
1443;5149
1437;5151
1447;5153
1463;5156
1473;5158
1460;5161
1443;5164
1426;5166
1411;5169
1438;5171
1478;5174
1503;5176
1505;5179
1454;5181
1423;5183
1409;5186
1430;5188
1462;5191
1493;5193
1513;5195
1506;5198
1499;5200
1478;5203
1445;5206
1418;5208
1423;5211
1470;5213
1512;5216
1546;5218
1521;5221
1482;5223
1457;5225
1439;5228
1431;5230
1428;5233
1426;5235
1426;5237
1444;5240
1450;5242
1442;5245
1443;5248
1477;5251
1503;5253
1501;5255
1468;5258
1439;5260
1440;5263
1447;5265
1460;5267
1465;5270
1443;5272
1453;5275
1476;5277
1488;5279
1484;5282
1471;5284
1444;5287
1467;5289
1502;5293
1515;5295
1489;5297
1443;5300
1412;5302
1424;5305
1449;5307
1475;5309
1471;5312
1440;5314
1416;5317
1420;5319
1445;5321
1455;5324
1448;5326
1434;5329
1470;5331
1506;5335
1544;5337
1546;5339
1530;5342
1492;5344
1475;5347
1468;5349
1477;5351
1510;5354
1529;5356
1530;5359
1502;5361
1501;5363
1502;5366
1498;5368
1468;5371
1439;5373
1450;5377
1494;5379
1527;5381
1523;5384
1484;5386
1465;5389
1460;5391
1483;5393
1504;5396
1504;5398
1465;5401
1424;5403
1416;5405
1425;5408
1456;5410
1493;5413
1522;5415
1549;5419
1569;5421
1561;5423
1528;5426
1489;5428
1455;5431
1434;5433
1412;5435
1434;5438
1456;5440
1481;5443
1505;5445
1509;5447
1501;5450
1487;5452
1494;5455
1497;5457
1471;5460
1450;5463
1443;5465
1475;5468
1509;5470
1533;5473
1542;5475
1532;5477
1530;5480
1542;5482
1555;5485
1544;5487
1496;5490
1465;5492
1461;5494
1460;5497
1454;5499
1491;5502
1516;5505
1521;5507
1494;5510
1437;5512
1412;5515
1413;5517
1412;5519
1405;5522
1406;5524
1440;5527
1485;5529
1501;5532
1505;5534
1496;5536
1462;5539
1469;5541
1472;5544
1454;5547
1434;5549
1416;5552
1454;5554
1497;5557
1517;5559
1520;5561
1497;5564
1468;5566
1465;5569
1483;5571
1461;5574
1441;5576
1448;5578
1452;5581
1464;5583
1462;5586
1469;5588
1482;5591
1479;5594
1459;5596
1440;5599
1419;5601
1412;5603
1428;5606
1471;5608
1519;5611
1546;5613
1530;5616
1496;5618
1467;5620
1443;5623
1448;5625
1468;5628
1480;5630
1475;5633
1466;5636
1444;5638
1434;5641
1438;5643
1436;5645
1439;5648
1471;5650
1491;5653
1490;5655
1478;5658
1482;5660
1485;5662
1483;5665
1469;5667
1451;5670
1420;5672
1417;5675
1430;5678
1429;5680
1431;5683
1446;5685
1456;5688
1453;5690
1460;5692
1472;5695
1471;5697
1513;5700
1547;5702
1568;5704
1569;5707
1511;5709
1445;5712
1423;5714
1407;5716
1408;5720
1433;5722
1462;5725
1482;5727
1481;5730
1475;5732
1481;5734
1480;5737
1488;5739
1491;5742
1472;5744
1458;5746
1468;5749
1465;5751
1468;5754
1452;5756
1447;5758
1466;5762
1497;5764
1509;5767
1510;5769
1486;5772
1441;5774
1397;5776
1380;5779
1392;5781
1436;5784
1468;5786
1491;5788
1485;5791
1469;5793
1473;5796
1485;5798
1494;5800
1498;5804
1509;5806
1519;5809
1522;5811
1508;5814
1480;5816
1443;5818
1408;5821
1406;5823
1405;5826
1415;5828
1428;5830
1441;5833
1439;5835
1459;5838
1490;5840
1530;5842
1545;5846
1528;5848
1506;5851
1483;5853
1482;5856
1484;5858
1478;5860
1463;5863
1468;5865
1467;5868
1454;5870
1464;5872
1493;5875
1500;5877
1497;5880
1518;5882
1534;5884
1555;5888
1569;5890
1537;5893
1474;5895
1459;5898
1467;5900
1474;5902
1450;5905
1430;5907
1418;5910
1452;5912
1502;5914
1519;5917
1501;5919
1473;5922
1456;5924
1472;5927
1522;5929
1537;5932
1549;5935
1538;5937
1547;5940
1539;5942
1518;5944
1511;5947
1481;5949
1464;5952
1454;5954
1450;5956
1456;5959
1473;5961
1502;5964
1504;5966
1483;5969
1446;5971
1421;5974
1459;5977
1514;5979
1571;5982
1581;5984
1538;5986
1510;5989
1493;5991
1490;5994
1477;5996
1467;5998
1444;6001
1441;6003
1470;6006
1484;6008
1507;6011
1515;6013
1508;6016
1519;6019
1519;6021
1533;6024
1527;6026
1508;6028
1468;6031
1439;6033
1417;6036
1437;6038
1470;6040
1481;6043
1483;6045
1494;6048
1518;6050
1535;6053
1531;6055
1514;6057
1487;6061
1463;6063
1449;6066
1443;6068
1441;6070
1446;6073
1459;6075
1463;6078
1448;6080
1474;6082
1491;6085
1495;6087
1485;6090
1456;6092
1428;6095
1421;6097
1420;6099
1427;6103
1446;6105
1480;6108
1524;6110
1549;6112
1561;6115
1537;6117
1500;6120
1491;6122
1477;6124
1471;6127
1442;6129
1429;6132
1434;6134
1468;6137
1481;6139
1484;6141
1505;6145
1511;6147
1507;6150
1495;6152
1456;6154
1419;6157
1411;6159
1422;6162
1437;6164
1469;6166
1491;6169
1510;6171
1524;6174
1493;6176
1473;6179
1457;6181
1470;6183
1460;6187
1447;6189
1444;6192
1440;6194
1433;6196
1441;6199
1478;6201
1518;6204
1539;6206
1525;6209
1509;6211
1507;6213
1544;6216
1559;6218
1560;6221
1526;6223
1469;6225
1427;6228
1416;6231
1458;6234
1511;6236
1558;6238
1542;6241
1504;6243
1463;6246
1447;6248
1441;6251
1449;6253
1479;6255
1500;6258
1508;6260
1493;6263
1476;6265
1450;6267
1422;6270
1427;6273
1439;6276
1448;6278
1449;6280
1434;6283
1454;6285
1507;6288
1544;6290
1562;6293
1531;6295
1500;6297
1484;6300
1496;6302
1489;6305
1485;6307
1477;6309
1463;6312
1469;6315
1468;6318
1461;6320
1449;6322
1440;6325
1475;6327
1520;6330
1548;6332
1537;6335
1524;6337
1528;6339
1552;6342
1561;6344
1541;6347
1476;6349
1449;6351
1443;6354
1445;6356
1460;6360
1496;6362
1513;6365
1537;6367
1506;6369
1462;6372
1423;6374
1410;6377
1437;6379
1470;6381
1479;6384
1463;6386
1442;6389
1436;6391
1442;6393
1445;6396
1432;6398
1423;6402
1424;6404
1442;6407
1465;6409
1490;6411
1504;6414
1498;6416
1497;6419
1474;6421
1456;6423
1431;6426
1408;6428
1397;6431
1388;6433
1399;6435
1425;6438
1438;6440
1479;6444
1520;6446
1547;6449
1545;6451
1531;6453
1482;6456
1431;6458
1410;6461
1403;6463
1403;6465
1399;6468
1412;6470
1423;6473
1442;6475
1489;6477
1540;6480
1558;6482
1550;6486
1500;6488
1438;6491
1394;6493
1395;6495
1408;6498
1420;6500
1453;6503
1473;6505
1488;6507
1515;6510
1525;6512
1501;6515
1485;6517
1447;6519
1428;6522
1425;6524
1433;6528
1450;6530
1474;6533
1502;6535
1532;6537
1562;6540
1566;6542
1540;6545
1498;6547
1470;6549
1458;6552
1446;6554
1430;6557
1427;6559
1464;6562
1528;6564
1575;6566
1579;6569
1525;6572
1462;6575
1441;6577
1437;6579
1445;6582
1457;6584
1454;6587
1432;6589
1421;6591
1445;6594
1465;6596
1491;6599
1521;6601
1567;6604
1587;6606
1593;6608
1570;6611
1514;6614
1447;6617
1432;6619
1482;6621
1530;6624
1558;6626
1551;6629
1521;6631
1501;6633
1505;6636
1518;6638
1522;6641
1506;6643
1480;6646
1469;6648
1493;6650
1505;6653
1529;6656
1544;6659
1524;6661
1522;6663
1519;6666
1504;6668
1496;6671
1477;6673
1482;6675
1499;6678
1534;6680
1566;6683
1557;6685
1512;6688
1444;6690
1405;6692
1384;6695
1371;6697
1388;6701
1442;6703
1494;6705
1527;6708
1535;6710
1513;6713
1510;6715
1502;6717
1488;6720
1459;6722
1456;6725
1472;6727
1481;6730
1501;6732
1502;6734
1491;6737
1472;6739
1469;6743
1476;6745
1484;6747
1491;6750
1536;6752
1549;6755
1534;6757
1511;6760
1481;6762
1480;6764
1507;6767
1505;6769
1495;6772
1483;6774
1490;6776
1520;6779
1528;6781
1515;6785
1507;6787
1498;6789
1490;6792
1481;6794
1449;6797
1414;6799
1385;6802
1387;6804
1403;6806
1416;6809
1429;6811
1427;6814
1451;6816
1505;6818
1529;6821
1530;6823
1518;6827
1491;6829
1493;6831
1491;6834
1484;6836
1494;6839
1484;6841
1472;6844
1459;6846
1437;6848
1399;6851
1410;6853
1453;6856
1499;6858
1530;6860
1529;6863
1491;6865
1455;6868
1439;6871
1409;6873
1382;6876
1370;6878
1370;6881
1424;6883
1482;6886
1512;6888
1495;6890
1449;6893
1429;6895
1427;6898
1437;6900
1435;6902
1429;6905
1443;6907
1470;6910
1506;6913
1509;6915
1520;6918
1535;6920
1524;6923
1482;6925
1431;6928
1404;6930
1368;6932
1344;6935
1350;6937
1409;6940
1472;6942
1532;6944
1566;6947
1543;6949
1482;6952
1416;6955
1397;6958
1386;6960
1384;6962
1388;6965
1379;6967
1402;6970
1447;6972
1491;6974
1551;6977
1600;6979
1606;6982
1568;6984
1499;6986
1423;6989
1397;6991
1398;6994
1415;6996
1431;7000
1435;7002
1418;7004
1433;7007
1475;7009
1505;7012
1510;7014
1489;7016
1464;7019
1467;7021
1489;7024
1489;7026
1461;7028
1429;7031
1427;7033
1442;7036
1457;7038
1475;7042
1480;7044
1469;7046
1466;7049
1456;7051
1446;7054
1441;7056
1469;7058
1500;7061
1509;7063
1508;7066
1493;7068
1483;7070
1489;7073
1489;7075
1488;7078
1509;7080
1520;7084
1526;7086
1521;7088
1493;7091
1436;7093
1424;7096
1442;7098
1474;7100
1509;7103
1514;7105
1502;7108
1508;7110
1504;7112
1492;7115
1479;7117
1468;7120
1451;7122
1458;7126
1466;7128
1442;7130
1425;7133
1433;7135
1477;7138
1543;7140
1577;7142
1577;7145
1521;7147
1478;7150
1469;7152
1469;7154
1475;7157
1476;7159
1472;7162
1484;7164
1493;7168
1496;7170
1511;7172
1519;7175
1534;7177
1521;7180
1496;7182
1460;7184
1429;7187
1419;7189
1418;7192
1420;7194
1427;7196
1440;7199
1452;7201
1468;7204
1473;7206
1478;7209
1493;7212
1530;7214
1550;7217
1556;7219
1549;7222
1522;7224
1533;7226
1557;7229
1552;7231
1546;7234
1531;7236
1516;7239
1489;7241
1477;7243
1448;7246
1420;7248
1417;7251
1422;7254
1429;7256
1436;7259
1459;7261
1508;7264
1541;7266
1551;7268
1512;7271
1482;7273
1475;7276
1469;7278
1473;7281
1472;7283
1491;7285
1516;7288
1567;7290
1579;7293
1548;7296
1508;7298
1466;7301
1462;7303
1494;7306
1507;7308
1514;7310
1503;7313
1472;7315
1470;7318
1485;7320
1495;7323
1510;7325
1508;7327
1485;7330
1482;7332
1481;7335
1491;7337
1504;7340
1521;7343
1546;7345
1551;7348
1542;7350
1533;7352
1519;7355
1497;7357
1489;7360
1479;7362
1454;7365
1427;7367
1417;7369
1408;7372
1413;7374
1424;7377
1450;7379
1483;7382
1500;7385
1516;7387
1536;7390
1552;7392
1544;7394
1525;7397
1498;7399
1449;7402
1433;7404
1463;7407
1498;7409
1526;7411
1527;7414
1515;7416
1504;7419
1506;7421
1497;7424
1480;7427
1473;7429
1487;7432
1502;7434
1497;7437
1514;7439
1528;7441
1535;7444
1515;7446
1487;7449
1419;7451
1389;7453
1392;7456
1392;7458
1398;7461
1421;7463
1465;7465
1516;7469
1534;7471
1536;7474
1502;7476
1468;7479
1428;7481
1413;7483
1419;7486
1441;7488
1469;7491
1470;7493
1459;7495
1463;7498
1502;7500
1536;7503
1553;7505
1543;7507
1502;7511
1471;7513
1488;7516
1506;7518
1511;7521
1492;7523
1495;7525
1504;7528
1519;7530
1529;7533
1532;7535
1516;7537
1494;7540
1463;7542
1445;7545
1429;7547
1428;7549
1423;7553
1407;7555
1410;7558
1413;7560
1409;7563
1401;7565
1425;7567
1462;7570
1494;7572
1502;7575
1487;7577
1466;7579
1438;7582
1430;7584
1418;7587
1403;7589
1405;7591
1439;7595
1484;7597
1515;7600
1517;7602
1477;7605
1420;7607
1390;7609
1379;7612
1380;7614
1385;7617
1391;7619
1397;7621
1403;7624
1410;7626
1420;7629
1428;7631
1438;7633
1439;7636
1439;7639
1433;7642
1426;7644
1427;7647
1435;7649
1446;7651
1455;7654
1457;7656
1467;7659
1473;7661
1468;7663
1462;7666
1450;7668
1446;7671
1447;7673
1451;7676
1456;7678
1461;7681
1468;7684
1471;7686
1471;7689
1469;7691
1464;7693
1460;7696
1458;7698
1457;7701
1456;7703
1457;7705
1459;7708
1461;7710
1463;7713
1466;7715
1470;7718
1474;7720
1478;7723
1481;7726
1484;7728
1485;7731
1485;7733
1486;7735
1487;7738
1488;7740
1489;7743
1488;7745
1486;7747
1487;7750
1494;7752
1503;7755
1511;7757
1514;7760
1514;7762
1505;7764
1489;7768
1478;7770
1481;7773
1487;7775
1486;7777
1478;7780
1461;7782
1443;7785
1420;7787
1402;7789
1387;7792
1381;7794
1384;7797
1387;7799
1386;7802
1374;7804
1359;7806
1346;7810
1337;7812
1332;7815
1329;7817
1335;7819
1350;7822
1366;7824
1375;7827
1374;7829
1363;7831
1353;7834
1341;7836
1334;7839
1330;7841
1327;7844
1326;7846
1336;7848
1350;7852
1360;7854
1362;7857
1356;7859
1350;7861
1333;7864
1324;7866
1317;7869
1311;7871
1308;7873
1310;7876
1315;7878
1320;7881
1323;7883
1326;7886
1328;7888
1330;7890
1330;7894
1331;7896
1330;7899
1331;7901
1336;7903
1341;7906
1349;7908
1360;7911
1372;7913
1377;7916
1378;7918
1373;7920
1367;7923
1363;7925
1364;7928
1366;7930
1369;7932
1374;7936
1378;7938
1384;7941
1390;7943
1397;7945
1408;7948
1422;7950
1434;7953
1439;7955
1441;7958
1443;7960
1447;7962
1451;7965
1457;7967
1460;7970
1463;7972
1460;7974
1466;7977
1479;7980
1496;7983
1508;7985
1512;7987
1509;7990
1493;7992
1486;7995
1483;7997
1483;8000
1484;8002
1486;8004
1489;8007
1492;8009
1495;8012
1500;8014
1504;8016
1508;8019
1511;8022
1514;8025
1516;8027
1519;8029
1522;8032
1527;8034
1534;8037
1541;8039
1551;8042
1569;8044
1583;8046
1592;8049
1591;8051
1581;8054
1563;8056
1552;8058
1555;8061
1574;8064
1591;8067
1598;8069
1592;8072
1575;8074
1556;8076
1541;8079
1530;8081
1522;8084
1513;8086
1507;8088
1503;8091
1500;8093
1498;8096
1496;8098
1493;8100
1490;8103
1491;8105
1490;8109
1490;8111
1489;8114
1484;8116
1484;8118
1487;8121
1490;8123
1493;8126
1492;8128
1488;8130
1482;8133
1478;8135
1477;8138
1483;8140
1489;8142
1495;8145
1498;8147
1499;8151
1500;8153
1508;8156
1514;8158
1513;8160
1506;8163
1497;8165
1491;8168
1489;8170
1490;8172
1492;8175
1498;8177
1514;8180
1527;8182
1536;8184
1538;8187
1530;8189
1512;8193
1502;8195
1499;8198
1497;8200
1495;8202
1495;8205
1496;8207
1499;8210
1501;8212
1504;8214
1508;8217
1511;8219
1513;8222
1514;8224
1516;8226
1518;8229
1520;8231
1521;8235
1525;8237
1530;8240
1536;8242
1542;8244
1551;8247
1559;8249
1561;8252
1559;8254
1559;8256
1555;8259
1552;8261
1551;8264
1548;8266
1546;8268
1542;8271
1538;8273
1536;8276
1535;8279
1536;8282
1537;8284
1538;8286
1540;8289
1542;8291
1541;8294
1539;8296
1538;8298
1539;8301
1539;8303
1540;8306
1539;8308
1540;8311
1543;8313
1546;8315
1548;8318
1550;8321
1550;8324
1550;8326
1551;8328
1553;8331
1555;8333
1555;8336
1553;8338
1552;8340
1551;8343
1550;8345
1546;8348
1543;8350
1543;8353
1545;8355
1550;8357
1556;8360
1562;8363
1565;8366
1560;8368
1550;8370
1541;8373
1534;8375
1528;8378
1525;8380
1523;8382
1522;8385
1522;8387
1522;8390
1522;8392
1522;8395
1522;8397
1523;8399
1524;8402
1525;8404
1527;8408
1530;8410
1533;8412
1534;8415
1533;8417
1530;8420
1527;8422
1525;8424
1525;8427
1525;8429
1528;8432
1531;8434
1529;8437
1529;8439
1530;8441
1531;8444
1528;8446
1524;8450
1523;8452
1523;8454
1525;8457
1532;8459
1536;8462
1541;8464
1540;8466
1533;8469
1523;8471
1515;8474
1511;8476
1509;8479
1507;8481
1507;8483
1507;8486
1507;8488
1508;8492
1509;8494
1510;8496
1509;8499
1508;8501
1508;8504
1508;8506
1509;8509
1509;8511
1510;8513
1511;8516
1513;8518
1515;8521
1516;8523
1517;8525
1516;8528
1518;8530
1519;8534
1519;8536
1516;8538
1514;8541
1513;8543
1511;8546
1511;8548
1511;8551
1507;8553
1503;8555
1500;8558
1499;8560
1498;8563
1497;8565
1496;8567
1494;8570
1494;8572
1494;8576
1494;8578
1495;8580
1495;8583
1496;8585
1497;8588
1498;8590
1498;8593
1499;8595
1500;8597
1501;8600
1504;8602
1505;8605
1506;8607
1507;8609
1507;8612
1507;8614
1508;8617
1514;8620
1526;8622
1535;8625
1542;8627
1543;8630
1534;8632
1521;8635
1516;8637
1511;8639
1508;8642
1506;8644
1505;8647
1505;8649
1506;8651
1507;8654
1506;8656
1506;8659
1507;8662
1509;8664
1511;8667
1512;8669
1512;8672
1510;8674
1508;8677
1507;8679
1507;8681
1507;8684
1508;8686
1512;8689
1515;8691
1519;8693
1520;8696
1518;8698
1514;8701
1512;8704
1511;8706
1510;8709
1510;8711
1512;8714
1517;8716
1523;8719
1527;8721
1525;8723
1524;8726
1519;8728
1513;8731
1511;8733
1510;8735
1508;8738
1506;8740
1505;8743
1504;8745
1500;8749
1498;8751
1494;8753
1493;8756
1491;8758
1490;8761
1489;8763
1488;8765
1488;8768
1487;8770
1487;8773
1486;8775
1485;8777
1484;8780
1483;8782
1481;8785
1482;8787
1482;8791
1482;8793
1483;8795
1484;8798
1484;8800
1483;8803
1483;8805
1483;8807
1483;8810
1484;8812
1490;8815
1499;8817
1509;8819
1516;8822
1523;8824
1523;8827
1512;8829
1505;8833
1499;8835
1494;8837
1490;8840
1486;8842
1483;8845
1481;8847
1478;8849
1475;8852
1472;8854
1470;8857
1470;8859
1470;8861
1471;8864
1471;8866
1468;8869
1466;8871
1464;8875
1463;8877
1462;8879
1463;8882
1464;8884
1466;8887
1467;8889
1468;8891
1470;8894
1472;8896
1474;8899
1476;8901
1477;8903
1474;8906
1472;8908
1472;8911
1471;8913
1471;8916
1472;8919
1475;8921
1478;8924
1478;8926
1475;8929
1470;8931
1467;8933
1466;8936
1467;8938
1468;8941
1469;8943
1469;8946
1468;8948
1468;8950
1465;8953
1463;8955
1461;8958
1460;8961
1459;8963
1459;8966
1459;8968
1460;8971
1462;8973
1461;8975
1456;8978
1452;8980
1447;8983
1443;8985
1441;8988
1441;8990
1441;8992
1443;8995
1445;8997
1446;9000
1442;9003
1437;9005
1430;9008
1423;9010
1419;9013
1417;9015
1418;9017
1420;9020
1421;9022
1421;9025
1417;9027
1412;9030
1409;9032
1406;9034
1403;9037
1402;9039
1399;9042
1398;9044
1397;9047
1397;9050
1399;9052
1402;9055
1406;9057
1409;9059
1408;9062
1406;9064
1401;9067
1398;9069
1397;9072
1397;9074
1398;9076
1398;9079
1398;9081
1400;9084
1401;9086
1403;9089
1404;9092
1406;9094
1409;9097
1410;9099
1413;9101
1415;9104
1417;9106
1419;9109
1421;9111
1423;9114
1426;9116
1426;9118
1424;9121
1421;9123
1422;9126
1422;9128
1423;9131
1425;9134
1428;9136
1429;9139
1431;9141
1433;9144
1438;9146
1444;9148
1448;9151
1451;9153
1450;9156
1449;9158
1449;9160
1451;9163
1453;9165
1456;9168
1457;9170
1456;9172
1456;9176
1457;9178
1456;9181
1455;9183
1454;9186
1452;9188
1450;9190
1448;9193
1449;9195
1450;9198
1452;9200
1454;9202
1454;9205
1453;9207
1453;9210
1452;9212
1452;9214
1453;9218
1453;9220
1455;9223
1457;9225
1460;9228
1462;9230
1464;9232
1466;9235
1465;9237
1464;9240
1463;9242
1463;9244
1463;9247
1464;9249
1465;9252
1468;9254
1470;9256
1475;9260
1482;9262
1488;9265
1493;9267
1493;9270
1491;9272
1487;9274
1484;9277
1483;9279
1483;9282
1481;9284
1479;9286
1479;9289
1477;9291
1477;9294
1476;9296
1475;9299
1475;9302
1475;9304
1475;9307
1476;9309
1478;9312
1482;9314
1488;9316
1494;9319
1499;9321
1501;9324
1497;9326
1489;9328
1484;9331
1480;9333
1478;9336
1477;9338
1478;9341
1479;9344
1482;9346
1485;9349
1486;9351
1486;9354
1487;9356
1486;9358
1484;9361
1484;9363
1486;9366
1489;9368
1492;9370
1494;9373
1496;9375
1495;9378
1489;9380
1484;9383
1480;9385
1478;9388
1477;9391
1476;9393
1477;9396
1478;9398
1480;9400
1481;9403
1483;9405
1485;9408
1486;9410
1486;9412
1487;9415
1488;9417
1487;9420
1488;9422
1490;9425
1493;9427
1495;9430
1497;9433
1496;9435
1495;9438
1495;9440
1495;9442
1496;9445
1496;9447
1495;9450
1496;9452
1496;9454
1497;9457
1497;9459
1496;9462
1494;9464
1494;9467
1496;9469
1498;9472
1499;9475
1499;9477
1497;9480
1499;9482
1500;9484
1503;9487
1505;9489
1505;9492
1503;9494
1502;9497
