1500;2
1496;4
1495;7
1499;9
1500;11
1501;13
1498;16
1493;18
1491;20
1490;23
1491;25
1493;27
1494;30
1496;32
1496;34
1495;37
1494;39
1493;41
1494;44
1495;47
1497;49
1496;51
1498;54
1500;56
1500;58
1497;61
1490;63
1479;65
1474;68
1472;70
1473;72
1479;74
1490;77
1499;79
1507;81
1503;84
1495;87
1486;89
1478;92
1475;94
1473;96
1474;99
1476;101
1480;103
1486;106
1491;108
1499;110
1502;113
1504;115
1504;117
1500;120
1498;122
1494;125
1495;128
1498;130
1499;133
1498;135
1492;137
1488;140
1488;142
1495;144
1502;147
1503;149
1503;152
1498;154
1493;156
1492;159
1497;161
1502;163
1504;166
1500;168
1492;171
1488;174
1486;176
1483;179
1483;181
1482;183
1481;186
1483;188
1485;190
1488;193
1492;195
1496;197
1498;200
1496;202
1494;205
1490;207
1486;209
1486;212
1488;215
1492;217
1495;220
1501;222
1509;224
1513;227
1514;229
1510;232
1503;234
1506;236
1510;239
1512;241
1505;243
1500;246
1497;248
1497;250
1497;253
1497;256
1496;259
1497;261
1499;263
1500;266
1500;268
1498;270
1494;273
1493;275
1490;277
1485;280
1482;282
1480;285
1482;287
1490;289
1500;292
1506;294
1509;296
1510;300
1509;302
1507;304
1505;307
1504;309
1504;312
1504;314
1502;316
1497;319
1499;321
1506;323
1513;326
1519;328
1517;330
1511;333
1504;335
1493;338
1491;340
1494;343
1498;346
1499;348
1496;350
1494;353
1497;355
1506;357
1512;360
1513;362
1508;365
1500;367
1497;369
1499;372
1500;374
1501;376
1498;379
1495;381
1495;384
1498;387
1498;389
1496;391
1489;394
1481;396
1479;399
1479;401
1481;403
1486;406
1494;408
1500;410
1505;413
1503;415
1498;417
1494;420
1488;422
1485;425
1491;428
1498;430
1507;433
1510;435
1506;437
1500;440
1498;442
1497;444
1496;447
1496;449
1497;452
1497;454
1495;456
1492;459
1486;461
1480;463
1477;466
1477;468
1480;471
1486;474
1494;476
1500;479
1501;481
1501;483
1492;486
1491;488
1488;490
1485;493
1482;495
1479;497
1476;500
1478;502
1488;505
1501;507
1505;509
1503;513
1496;515
1486;517
1482;520
1478;522
1475;524
1473;527
1473;529
1473;532
1475;534
1475;536
1476;539
1476;541
1475;543
1477;546
1482;548
1489;550
1491;553
1486;556
1482;559
1477;561
1476;563
1476;566
1478;568
1480;570
1481;573
1480;575
1479;577
1481;580
1486;582
1491;585
1496;587
1495;589
1495;592
1492;594
1486;596
1478;600
1470;602
1463;604
1461;607
1464;609
1467;612
1468;614
1467;616
1468;619
1467;621
1463;623
1463;626
1463;628
1467;630
1471;633
1476;635
1479;638
1479;641
1480;643
1480;646
1477;648
1474;650
1472;653
1472;655
1476;657
1486;660
1493;662
1495;665
1493;667
1490;669
1488;672
1491;674
1491;676
1490;679
1488;681
1488;684
1484;687
1478;689
1475;692
1473;694
1474;696
1475;699
1477;701
1477;703
1475;706
1472;708
1472;710
1472;713
1468;715
1463;718
1458;720
1456;722
1457;726
1464;728
1472;730
1479;733
1482;735
1482;737
1481;740
1478;742
1475;745
1475;747
1478;749
1482;752
1485;754
1486;756
1486;759
1481;761
1476;763
1470;766
1471;769
1478;772
1484;774
1486;776
1482;779
1474;781
1471;783
1470;786
1469;788
1469;790
1469;793
1470;795
1471;798
1473;800
1473;802
1472;805
1472;807
1477;809
1484;813
1490;815
1489;817
1483;820
1475;822
1472;825
1472;827
1472;829
1469;832
1467;834
1464;836
1464;839
1469;841
1476;843
1485;846
1489;848
1488;851
1479;854
1478;856
1475;859
1473;861
1471;863
1473;866
1477;868
1482;870
1487;873
1488;875
1485;878
1489;880
1492;882
1493;885
1487;887
1478;889
1472;892
1470;894
1468;897
1469;900
1472;902
1477;905
1481;907
1482;909
1478;912
1475;914
1473;916
1470;919
1470;921
1471;923
1470;926
1470;928
1475;930
1483;933
1489;935
1492;939
1487;941
1483;943
1479;946
1480;948
1482;950
1487;953
1492;955
1497;957
1499;960
1499;962
1494;965
1488;967
1480;969
1476;972
1479;974
1482;976
1485;979
1485;982
1479;984
1473;987
1471;989
1470;992
1470;994
1471;996
1472;999
1475;1001
1479;1003
1484;1006
1486;1008
1484;1011
1480;1013
1479;1016
1482;1018
1485;1020
1490;1024
1497;1026
1501;1029
1499;1031
1492;1033
1486;1036
1485;1038
1488;1041
1493;1043
1495;1045
1494;1048
1488;1050
1481;1053
1475;1055
1472;1058
1476;1060
1481;1062
1483;1065
1483;1068
1480;1071
1478;1073
1478;1075
1477;1078
1476;1080
1476;1083
1474;1085
1476;1087
1480;1090
1485;1092
1493;1095
1502;1097
1508;1100
1510;1102
1507;1104
1499;1107
1489;1110
1482;1113
1478;1115
1474;1117
1472;1120
1472;1122
1471;1125
1470;1127
1469;1129
1471;1132
1477;1134
1483;1137
1484;1139
1482;1142
1480;1144
1479;1146
1481;1149
1483;1152
1487;1155
1494;1157
1502;1159
1508;1162
1507;1164
1500;1167
1495;1169
1492;1171
1493;1174
1494;1176
1489;1179
1484;1181
1480;1184
1485;1186
1490;1188
1490;1191
1487;1193
1484;1197
1482;1199
1483;1201
1482;1204
1480;1206
1481;1209
1483;1211
1485;1213
1484;1216
1482;1218
1479;1221
1478;1223
1477;1226
1476;1228
1475;1230
1481;1233
1488;1235
1495;1239
1498;1241
1497;1243
1494;1246
1488;1248
1482;1251
1479;1253
1478;1256
1480;1258
1481;1260
1486;1263
1489;1265
1493;1268
1493;1270
1491;1272
1487;1275
1481;1277
1478;1281
1479;1283
1485;1285
1492;1288
1508;1290
1519;1293
1520;1295
1517;1298
1511;1300
1520;1302
1536;1305
1544;1307
1542;1310
1526;1312
1511;1314
1502;1317
1496;1319
1488;1323
1480;1325
1475;1327
1474;1330
1474;1332
1472;1335
1469;1337
1465;1340
1465;1342
1467;1344
1470;1347
1479;1349
1489;1352
1497;1354
1499;1356
1496;1359
1485;1361
1477;1364
1472;1367
1468;1369
1468;1372
1474;1374
1481;1377
1486;1379
1488;1382
1484;1384
1482;1386
1478;1389
1477;1391
1477;1394
1484;1396
1492;1398
1493;1401
1489;1403
1483;1406
1477;1409
1475;1411
1472;1414
1471;1416
1473;1419
1476;1421
1483;1424
1489;1426
1494;1428
1497;1431
1497;1433
1494;1436
1488;1438
1483;1440
1480;1443
1479;1445
1480;1448
1480;1451
1480;1453
1482;1456
1480;1458
1478;1461
1478;1463
1478;1466
1478;1468
1479;1470
1482;1473
1483;1475
1481;1478
1476;1480
1474;1482
1476;1485
1477;1487
1476;1490
1478;1492
1484;1496
1490;1498
1492;1500
1489;1503
1483;1505
1480;1508
1481;1510
1482;1512
1481;1515
1480;1517
1478;1520
1480;1522
1485;1524
1491;1527
1494;1529
1492;1532
1488;1534
1486;1538
1482;1540
1482;1542
1484;1545
1484;1547
1484;1550
1482;1552
1480;1554
1479;1557
1479;1559
1484;1562
1495;1564
1502;1566
1503;1569
1498;1571
1489;1574
1482;1576
1476;1580
1472;1582
1471;1584
1470;1587
1471;1589
1473;1592
1475;1594
1475;1596
1480;1599
1482;1601
1484;1604
1482;1606
1482;1608
1480;1611
1480;1613
1480;1616
1479;1618
1478;1622
1477;1624
1480;1626
1483;1629
1485;1631
1484;1634
1481;1636
1477;1638
1476;1641
1478;1643
1482;1646
1487;1648
1494;1650
1499;1653
1498;1655
1494;1658
1487;1660
1482;1664
1478;1666
1476;1668
1477;1671
1478;1673
1480;1676
1482;1678
1486;1680
1492;1683
1493;1685
1490;1688
1484;1690
1480;1692
1475;1695
1474;1697
1473;1700
1476;1702
1481;1705
1485;1708
1490;1710
1492;1713
1488;1715
1484;1718
1483;1720
1482;1722
1481;1725
1480;1727
1480;1730
1479;1732
1477;1735
1475;1737
1473;1739
1473;1742
1476;1744
1481;1747
1487;1750
1491;1752
1489;1755
1484;1757
1481;1760
1480;1762
1480;1764
1481;1767
1485;1769
1488;1772
1490;1774
1491;1777
1493;1779
1492;1781
1486;1784
1482;1786
1480;1789
1476;1792
1474;1794
1472;1797
1473;1799
1477;1802
1481;1804
1482;1806
1482;1809
1480;1811
1479;1814
1484;1816
1488;1819
1490;1821
1487;1823
1482;1826
1478;1828
1476;1831
1477;1833
1479;1836
1483;1839
1487;1841
1490;1844
1492;1846
1490;1848
1487;1851
1485;1853
1485;1856
1483;1858
1481;1861
1479;1863
1479;1865
1479;1868
1477;1870
1476;1873
1475;1875
1478;1878
1479;1881
1482;1883
1484;1886
1484;1888
1485;1890
1485;1893
1485;1895
1487;1898
1489;1900
1490;1903
1490;1905
1493;1907
1497;1910
1497;1912
1493;1915
1485;1917
1487;1920
1491;1923
1501;1925
1507;1928
1503;1930
1492;1932
1484;1935
1479;1937
1477;1940
1477;1942
1476;1945
1475;1947
1476;1949
1474;1952
1473;1954
1471;1957
1468;1959
1470;1961
1477;1965
1485;1967
1489;1970
1488;1972
1486;1974
1480;1977
1476;1979
1474;1982
1475;1984
1477;1987
1479;1989
1480;1991
1482;1994
1483;1996
1481;1999
1480;2001
1479;2003
1482;2007
1486;2009
1492;2012
1496;2014
1495;2016
1494;2019
1488;2021
1485;2024
1487;2026
1492;2029
1495;2031
1495;2033
1487;2036
1481;2038
1475;2041
1474;2043
1474;2045
1478;2049
1480;2051
1480;2054
1480;2056
1480;2058
1479;2061
1477;2063
1475;2066
1475;2068
1477;2071
1482;2073
1488;2075
1493;2078
1493;2080
1490;2083
1486;2085
1486;2087
1488;2091
1490;2093
1491;2096
1491;2098
1489;2100
1487;2103
1486;2105
1484;2108
1487;2110
1489;2113
1492;2115
1494;2117
1494;2120
1490;2122
1487;2125
1482;2127
1478;2129
1479;2132
1486;2135
1495;2138
1499;2140
1501;2143
1499;2145
1495;2147
1489;2150
1484;2152
1482;2155
1483;2157
1483;2159
1483;2162
1484;2164
1486;2167
1487;2169
1484;2171
1480;2174
1474;2177
1471;2180
1469;2182
1468;2185
1469;2187
1469;2189
1471;2192
1472;2194
1474;2197
1478;2199
1482;2201
1489;2204
1494;2206
1498;2209
1502;2211
1501;2213
1501;2216
1500;2219
1500;2222
1496;2224
1491;2227
1485;2229
1480;2231
1477;2234
1477;2236
1481;2239
1488;2241
1493;2243
1495;2246
1491;2248
1483;2251
1478;2253
1476;2255
1475;2258
1472;2260
1469;2264
1470;2266
1474;2269
1484;2271
1495;2273
1507;2276
1513;2278
1512;2281
1508;2283
1500;2285
1487;2288
1477;2290
1471;2293
1467;2295
1466;2297
1470;2300
1479;2302
1491;2306
1497;2308
1495;2311
1486;2313
1476;2315
1470;2318
1467;2320
1465;2323
1467;2325
1478;2327
1496;2330
1515;2332
1522;2335
1521;2337
1511;2339
1502;2342
1499;2344
1498;2348
1497;2350
1500;2353
1505;2355
1511;2357
1514;2360
1512;2362
1501;2365
1493;2367
1488;2369
1485;2372
1490;2374
1499;2377
1504;2379
1504;2382
1496;2384
1487;2386
1482;2390
1485;2392
1502;2395
1522;2397
1533;2399
1526;2402
1508;2404
1499;2407
1483;2409
1478;2411
1478;2414
1477;2416
1481;2419
1492;2421
1509;2424
1517;2426
1502;2428
1488;2432
1468;2434
1453;2437
1450;2439
1454;2441
1457;2444
1451;2446
1443;2449
1429;2451
1415;2453
1405;2456
1396;2458
1398;2461
1417;2463
1444;2466
1453;2468
1448;2470
1423;2473
1401;2476
1386;2479
1370;2481
1368;2483
1375;2486
1396;2488
1413;2491
1412;2493
1395;2495
1379;2498
1381;2500
1396;2503
1427;2505
1443;2508
1434;2510
1414;2512
1404;2515
1404;2518
1413;2521
1415;2523
1408;2525
1407;2528
1418;2530
1424;2533
1415;2535
1400;2537
1385;2540
1377;2542
1376;2545
1396;2547
1434;2550
1455;2552
1454;2554
1427;2557
1413;2560
1409;2563
1412;2565
1415;2567
1431;2570
1463;2572
1485;2575
1490;2577
1475;2579
1443;2582
1431;2584
1440;2587
1466;2589
1505;2592
1528;2594
1537;2596
1531;2599
1517;2601
1497;2605
1463;2607
1443;2609
1428;2612
1426;2614
1434;2617
1454;2619
1477;2622
1495;2624
1512;2626
1522;2629
1539;2631
1549;2634
1563;2636
1563;2638
1543;2641
1506;2643
1488;2647
1502;2649
1547;2651
1570;2654
1561;2656
1556;2659
1567;2661
1572;2664
1539;2666
1501;2668
1487;2671
1491;2673
1493;2676
1488;2678
1480;2680
1487;2683
1504;2685
1541;2689
1568;2691
1584;2693
1576;2696
1558;2698
1525;2701
1499;2703
1493;2706
1512;2708
1556;2710
1590;2713
1580;2715
1549;2718
1508;2720
1483;2722
1466;2725
1460;2727
1464;2731
1479;2733
1527;2736
1569;2738
1577;2740
1541;2743
1504;2745
1483;2748
1475;2750
1497;2752
1509;2755
1514;2757
1529;2760
1548;2762
1577;2764
1581;2767
1588;2769
1581;2772
1563;2775
1530;2778
1490;2780
1470;2782
1464;2785
1484;2787
1533;2790
1570;2792
1570;2794
1547;2797
1537;2799
1566;2802
1616;2804
1647;2806
1623;2809
1570;2811
1555;2814
1602;2817
1650;2820
1694;2822
1665;2824
1609;2827
1557;2829
1542;2832
1552;2834
1601;2836
1639;2839
1645;2841
1629;2844
1568;2846
1531;2848
1515;2851
1553;2853
1596;2856
1610;2859
1580;2862
1557;2864
1569;2866
1582;2869
1581;2871
1548;2874
1514;2876
1512;2878
1518;2881
1504;2883
1494;2886
1538;2888
1569;2890
1575;2893
1530;2895
1470;2898
1477;2900
1540;2904
1579;2906
1591;2908
1558;2911
1526;2913
1508;2916
1493;2918
1498;2920
1505;2923
1515;2925
1495;2928
1461;2930
1433;2932
1424;2935
1434;2937
1447;2940
1452;2942
1448;2946
1420;2948
1403;2950
1429;2953
1468;2955
1487;2958
1462;2960
1426;2962
1412;2965
1417;2967
1467;2970
1516;2972
1532;2974
1495;2977
1459;2979
1447;2982
1474;2984
1511;2988
1530;2990
1556;2992
1539;2995
1558;2997
1599;3000
1616;3002
1596;3004
1525;3007
1477;3009
1450;3012
1450;3014
1458;3017
1434;3019
1390;3021
1372;3024
1372;3026
1377;3030
1377;3032
1406;3034
1433;3037
1449;3039
1430;3042
1395;3044
1394;3046
1410;3049
1419;3051
1428;3054
1427;3056
1471;3059
1510;3061
1536;3063
1517;3066
1469;3068
1453;3072
1436;3074
1412;3076
1431;3079
1511;3081
1543;3084
1533;3086
1491;3088
1469;3091
1438;3093
1378;3096
1359;3098
1365;3101
1368;3103
1373;3105
1395;3108
1425;3110
1456;3113
1447;3116
1399;3118
1342;3121
1331;3123
1376;3126
1449;3128
1496;3130
1498;3133
1457;3135
1396;3138
1364;3140
1388;3143
1429;3145
1437;3147
1421;3150
1432;3152
1445;3155
1439;3158
1426;3160
1422;3163
1426;3165
1416;3168
1414;3170
1468;3172
1518;3175
1506;3177
1442;3180
1398;3182
1368;3185
1360;3187
1415;3189
1490;3192
1526;3194
1479;3197
1419;3200
1394;3202
1381;3205
1375;3207
1365;3210
1365;3212
1416;3215
1466;3217
1476;3219
1445;3222
1481;3224
1528;3227
1548;3229
1527;3231
1487;3234
1453;3236
1461;3239
1530;3241
1566;3244
1525;3247
1461;3249
1443;3252
1449;3254
1461;3257
1464;3259
1452;3261
1436;3264
1453;3266
1464;3269
1468;3271
1484;3273
1510;3276
1509;3278
1486;3281
1466;3283
1483;3286
1504;3289
1498;3291
1480;3294
1463;3296
1474;3299
1500;3301
1571;3303
1618;3306
1588;3308
1507;3311
1438;3313
1403;3315
1378;3318
1389;3320
1430;3323
1485;3325
1495;3328
1511;3331
1512;3333
1492;3336
1479;3338
1474;3341
1498;3343
1485;3345
1448;3348
1446;3350
1484;3353
1552;3355
1561;3357
1557;3360
1578;3362
1597;3365
1577;3367
1498;3369
1431;3373
1407;3375
1415;3378
1470;3380
1511;3383
1524;3385
1509;3387
1503;3390
1495;3392
1475;3395
1448;3397
1430;3399
1420;3402
1447;3404
1493;3407
1537;3409
1527;3411
1493;3415
1473;3417
1485;3420
1533;3422
1545;3425
1535;3427
1508;3429
1479;3432
1455;3434
1437;3437
1439;3439
1472;3441
1496;3444
1525;3446
1542;3449
1544;3451
1509;3454
1468;3457
1473;3459
1477;3462
1464;3464
1419;3467
1401;3469
1432;3471
1471;3474
1498;3476
1491;3479
1481;3481
1485;3483
1513;3486
1517;3488
1494;3491
1451;3493
1464;3496
1504;3499
1539;3501
1544;3504
1495;3506
1466;3509
1461;3511
1460;3513
1440;3516
1432;3518
1433;3521
1446;3523
1487;3525
1542;3528
1555;3530
1540;3533
1484;3535
1444;3538
1438;3540
1461;3543
1463;3546
1466;3548
1453;3551
1460;3553
1484;3555
1501;3558
1470;3560
1414;3563
1441;3565
1491;3567
1536;3570
1533;3572
1492;3575
1447;3577
1430;3580
1429;3582
1432;3585
1452;3588
1483;3590
1511;3593
1519;3595
1522;3597
1499;3600
1467;3602
1426;3605
1395;3607
1402;3609
1418;3612
1434;3614
1448;3617
1451;3619
1452;3622
1481;3624
1552;3627
1583;3630
1554;3632
1524;3635
1535;3637
1528;3639
1493;3642
1464;3644
1461;3647
1505;3649
1565;3652
1579;3654
1537;3656
1463;3659
1431;3661
1437;3664
1442;3666
1426;3668
1398;3672
1399;3674
1468;3677
1522;3679
1518;3681
1474;3684
1453;3686
1478;3689
1529;3691
1555;3694
1570;3696
1554;3698
1533;3701
1480;3703
1437;3706
1444;3708
1536;3710
1643;3714
1672;3716
1607;3719
1525;3721
1460;3723
1460;3726
1505;3728
1543;3731
1536;3733
1530;3736
1553;3738
1584;3740
1603;3743
1608;3745
1595;3748
1555;3750
1489;3752
1429;3756
1414;3758
1436;3761
1495;3763
1532;3765
1529;3768
1478;3770
1419;3773
1406;3775
1439;3778
1494;3780
1526;3782
1516;3785
1486;3787
1486;3790
1499;3792
1510;3794
1481;3798
1456;3800
1452;3803
1478;3805
1508;3807
1549;3810
1587;3812
1615;3815
1586;3817
1517;3820
1458;3822
1433;3824
1446;3827
1501;3829
1548;3832
1553;3834
1512;3836
1455;3840
1412;3842
1401;3845
1406;3847
1412;3850
1399;3852
1385;3854
1377;3857
1401;3859
1447;3862
1557;3864
1624;3866
1593;3869
1493;3871
1420;3874
1422;3876
1461;3878
1487;3881
1489;3884
1468;3887
1447;3889
1435;3892
1465;3894
1516;3896
1553;3899
1551;3901
1501;3904
1449;3906
1411;3908
1416;3911
1496;3913
1561;3916
1550;3918
1485;3920
1431;3923
1412;3926
1416;3929
1473;3931
1534;3934
1540;3936
1483;3938
1421;3941
1449;3943
1507;3946
1514;3948
1464;3950
1420;3953
1425;3955
1443;3958
1472;3960
1484;3962
1491;3965
1531;3968
1559;3971
1532;3973
1477;3976
1455;3978
1468;3980
1495;3983
1504;3985
1494;3988
1481;3990
1490;3992
1491;3995
1469;3997
1450;4000
1440;4002
1448;4004
1449;4007
1446;4009
1439;4013
1444;4015
1482;4018
1521;4020
1525;4022
1492;4025
1492;4027
1539;4030
1559;4032
1531;4034
1453;4037
1413;4039
1449;4042
1526;4044
1563;4047
1532;4049
1507;4051
1519;4055
1521;4057
1475;4060
1412;4062
1393;4064
1407;4067
1439;4069
1473;4072
1488;4074
1492;4076
1479;4079
1484;4081
1513;4084
1530;4086
1511;4089
1490;4091
1474;4093
1457;4097
1437;4099
1440;4102
1460;4104
1487;4106
1519;4109
1531;4111
1529;4114
1513;4116
1519;4118
1518;4121
1512;4123
1493;4126
1482;4128
1465;4131
1440;4133
1418;4135
1434;4139
1455;4141
1461;4144
1455;4146
1439;4148
1433;4151
1433;4153
1434;4156
1460;4158
1500;4160
1520;4163
1473;4165
1409;4168
1386;4170
1419;4173
1465;4175
1494;4177
1478;4180
1466;4183
1495;4186
1513;4188
1482;4190
1435;4193
1417;4195
1423;4198
1449;4200
1492;4202
1529;4205
1525;4207
1486;4210
1471;4212
1492;4215
1495;4217
1471;4219
1432;4222
1443;4225
1464;4228
1482;4230
1444;4232
1413;4235
1414;4237
1439;4240
1461;4242
1451;4245
1444;4247
1450;4249
1468;4252
1490;4254
1500;4257
1495;4259
1458;4261
1420;4264
1442;4267
1532;4270
1600;4272
1612;4274
1555;4277
1488;4279
1415;4282
1374;4284
1367;4287
1401;4289
1465;4291
1514;4294
1499;4296
1471;4299
1453;4301
1477;4303
1505;4306
1514;4308
1494;4312
1479;4314
1472;4316
1489;4319
1492;4321
1481;4324
1488;4326
1501;4329
1500;4331
1450;4333
1420;4336
1441;4338
1491;4341
1531;4343
1509;4345
1474;4348
1426;4350
1421;4354
1471;4356
1539;4358
1566;4361
1527;4363
1471;4366
1431;4368
1448;4371
1484;4373
1512;4375
1496;4378
1456;4380
1430;4383
1420;4385
1415;4387
1413;4390
1432;4392
1459;4396
1461;4398
1433;4401
1405;4403
1433;4405
1469;4408
1481;4410
1481;4413
1484;4415
1493;4417
1488;4420
1471;4422
1454;4425
1445;4427
1456;4429
1521;4432
1573;4434
1581;4438
1507;4440
1453;4443
1456;4445
1492;4447
1536;4450
1543;4452
1503;4455
1458;4457
1458;4459
1489;4462
1507;4464
1493;4467
1493;4469
1495;4471
1483;4474
1472;4476
1469;4480
1462;4482
1457;4485
1467;4487
1475;4489
1453;4492
1422;4494
1423;4497
1461;4499
1528;4501
1561;4504
1543;4506
1493;4509
1460;4511
1438;4513
1436;4516
1450;4518
1486;4521
1526;4524
1532;4527
1506;4529
1456;4531
1454;4534
1490;4536
1510;4539
1508;4541
1488;4543
1488;4546
1474;4548
1450;4551
1447;4553
1479;4555
1515;4558
1511;4560
1493;4563
1485;4566
1476;4569
1475;4571
1485;4573
1498;4576
1518;4578
1519;4581
1512;4583
1494;4585
1481;4588
1498;4590
1537;4593
1564;4595
1534;4597
1490;4600
1490;4602
1526;4605
1540;4608
1521;4611
1477;4613
1447;4615
1439;4618
1440;4620
1440;4623
1442;4625
1463;4627
1509;4630
1532;4632
1507;4635
1460;4637
1443;4639
1447;4642
1474;4644
1499;4647
1490;4649
1455;4653
1455;4655
1484;4657
1511;4660
1495;4662
1476;4665
1499;4667
1548;4669
1557;4672
1516;4674
1459;4677
1437;4679
1477;4682
1523;4684
1542;4686
1513;4689
1461;4691
1416;4695
1405;4697
1440;4699
1505;4702
1550;4704
1528;4707
1470;4709
1438;4711
1434;4714
1491;4716
1574;4719
1591;4721
1529;4724
1462;4726
1456;4728
1478;4731
1485;4733
1472;4737
1465;4739
1519;4741
1573;4744
1581;4746
1524;4749
1481;4751
1469;4753
1482;4756
1480;4758
1453;4761
1415;4763
1426;4766
1483;4768
1538;4770
1555;4773
1551;4775
1546;4779
1535;4781
1501;4783
1453;4786
1417;4788
1409;4791
1443;4793
1508;4795
1548;4798
1535;4800
1495;4803
1470;4805
1454;4808
1444;4810
1428;4812
1414;4815
1444;4817
1486;4820
1505;4823
1489;4825
1506;4828
1570;4830
1608;4833
1601;4835
1529;4837
1443;4840
1412;4842
1412;4845
1416;4847
1431;4850
1447;4852
1467;4854
1474;4857
1475;4859
1459;4862
1457;4865
1475;4867
1496;4870
1483;4872
1447;4875
1423;4877
1418;4880
1441;4882
1512;4884
1559;4887
1534;4889
1464;4892
1436;4894
1444;4896
1467;4899
1476;4901
1476;4904
1484;4907
1486;4909
1468;4912
1486;4914
1523;4917
1530;4919
1486;4922
1451;4924
1462;4926
1504;4929
1569;4931
1592;4934
1561;4936
1510;4938
1458;4941
1422;4943
1427;4946
1463;4948
1494;4951
1492;4954
1473;4956
1449;4959
1452;4961
1481;4964
1495;4966
1494;4968
1486;4971
1492;4973
1482;4976
1465;4978
1446;4980
1451;4983
1490;4985
1520;4988
1514;4990
1489;4993
1507;4996
1545;4998
1554;5001
1533;5003
1479;5006
1443;5008
1441;5010
1491;5013
1541;5015
1561;5018
1514;5020
1470;5022
1483;5025
1494;5027
1487;5030
1442;5032
1452;5035
1496;5038
1527;5040
1502;5043
1440;5045
1388;5048
1391;5050
1425;5052
1473;5055
1488;5057
1463;5060
1436;5062
1451;5064
1482;5067
1486;5069
1468;5072
1439;5074
1416;5078
1438;5080
1491;5082
1531;5085
1536;5087
1502;5090
1493;5092
1516;5094
1523;5097
1511;5099
1492;5102
1487;5104
1505;5106
1519;5109
1511;5111
1475;5114
1463;5116
1475;5120
1477;5122
1464;5124
1437;5127
1449;5129
1493;5132
1514;5134
1497;5136
1462;5139
1468;5141
1509;5144
1540;5146
1532;5148
1488;5151
1449;5153
1457;5156
1523;5158
1582;5161
1564;5164
1504;5166
1455;5169
1437;5171
1434;5174
1424;5176
1419;5178
1426;5181
1454;5183
1507;5186
1567;5188
1607;5190
1609;5193
1586;5195
1512;5198
1473;5200
1480;5203
1484;5206
1479;5208
1454;5211
1456;5213
1500;5216
1581;5218
1614;5220
1600;5223
1528;5225
1471;5228
1440;5230
1435;5233
1454;5235
1461;5237
1451;5240
1427;5242
1415;5245
1426;5248
1465;5250
1510;5253
1532;5255
1524;5258
1500;5260
1488;5262
1489;5265
1509;5267
1528;5270
1520;5272
1473;5275
1469;5277
1498;5279
1521;5282
1502;5284
1446;5287
1427;5289
1439;5292
1464;5295
1493;5297
1496;5300
1461;5302
1441;5304
1442;5307
1460;5309
1462;5312
1464;5314
1468;5317
1467;5319
1457;5321
1455;5324
1478;5326
1501;5329
1518;5331
1507;5334
1484;5337
1464;5339
1444;5342
1450;5344
1492;5346
1524;5349
1533;5351
1543;5354
1548;5356
1529;5359
1484;5361
1471;5363
1468;5366
1462;5368
1443;5371
1439;5373
1469;5376
1497;5379
1504;5381
1512;5384
1526;5386
1502;5388
1480;5391
1464;5393
1466;5396
1472;5398
1468;5401
1476;5403
1489;5405
1511;5408
1529;5410
1524;5413
1513;5415
1497;5417
1473;5421
1436;5423
1427;5426
1447;5428
1474;5430
1500;5433
1523;5435
1524;5438
1507;5440
1478;5443
1445;5445
1423;5447
1420;5450
1446;5452
1465;5455
1489;5457
1538;5459
1558;5463
1546;5465
1489;5468
1448;5470
1430;5473
1409;5475
1403;5477
1460;5480
1519;5482
1538;5485
1514;5487
1491;5489
1508;5492
1520;5494
1511;5497
1466;5499
1498;5501
1555;5505
1587;5507
1552;5510
1509;5512
1462;5515
1441;5517
1443;5519
1441;5522
1476;5524
1512;5527
1524;5529
1492;5531
1473;5534
1476;5536
1486;5539
1459;5541
1433;5543
1422;5547
1429;5549
1460;5552
1491;5554
1510;5557
1498;5559
1491;5561
1496;5564
1506;5566
1508;5569
1507;5571
1532;5573
1533;5576
1510;5578
1468;5581
1457;5583
1467;5585
1502;5588
1528;5591
1562;5594
1568;5596
1542;5599
1481;5601
1453;5603
1463;5606
1489;5608
1535;5611
1565;5613
1538;5615
1483;5618
1436;5620
1418;5623
1423;5625
1435;5627
1454;5630
1464;5633
1468;5636
1491;5638
1547;5641
1609;5643
1606;5645
1552;5648
1510;5650
1495;5653
1497;5655
1519;5657
1560;5660
1580;5662
1560;5665
1513;5667
1502;5670
1514;5672
1525;5675
1512;5678
1510;5680
1523;5683
1531;5685
1516;5687
1491;5690
1475;5692
1488;5695
1578;5697
1673;5699
1696;5702
1610;5704
1528;5707
1456;5709
1427;5712
1419;5714
1422;5716
1452;5720
1486;5722
1493;5725
1482;5727
1469;5729
1476;5732
1516;5734
1543;5737
1532;5739
1480;5741
1467;5744
1487;5746
1533;5749
1555;5751
1555;5754
1548;5756
1555;5758
1559;5762
1536;5764
1489;5767
1473;5769
1490;5771
1505;5774
1541;5776
1557;5779
1565;5781
1529;5783
1514;5786
1519;5788
1506;5791
1476;5793
1461;5796
1463;5798
1453;5800
1451;5804
1462;5806
1489;5809
1513;5811
1506;5813
1477;5816
1485;5818
1548;5821
1602;5823
1590;5825
1531;5828
1469;5830
1458;5833
1473;5835
1471;5838
1445;5840
1433;5842
1464;5846
1502;5848
1536;5851
1549;5853
1548;5855
1529;5858
1507;5860
1501;5863
1505;5865
1510;5868
1499;5870
1497;5872
1476;5875
1462;5877
1460;5880
1492;5882
1523;5884
1520;5888
1504;5890
1504;5893
1493;5895
1462;5897
1450;5900
1435;5902
1438;5905
1433;5907
1439;5910
1464;5912
1504;5914
1517;5917
1494;5919
1451;5922
1437;5924
1440;5926
1477;5929
1510;5932
1523;5935
1488;5937
1455;5939
1439;5942
1464;5944
1508;5947
1532;5949
1521;5952
1479;5954
1461;5956
1462;5959
1481;5961
1546;5964
1581;5966
1568;5968
1501;5971
1470;5974
1463;5977
1478;5979
1494;5981
1503;5984
1487;5986
1460;5989
1460;5991
1466;5994
1483;5996
1509;5998
1521;6001
1510;6003
1499;6006
1514;6008
1544;6010
1551;6013
1534;6016
1493;6019
1472;6021
1466;6023
1479;6026
1507;6028
1520;6031
1505;6033
1475;6036
1468;6038
1487;6040
1516;6043
1523;6045
1504;6048
1502;6050
1507;6052
1520;6055
1531;6057
1534;6061
1506;6063
1464;6066
1471;6068
1494;6070
1503;6073
1476;6075
1447;6078
1464;6080
1495;6082
1522;6085
1513;6087
1499;6090
1495;6092
1488;6094
1469;6097
1451;6099
1441;6103
1435;6105
1450;6108
1476;6110
1501;6112
1493;6115
1468;6117
1469;6120
1487;6122
1492;6124
1478;6127
1457;6129
1436;6132
1416;6134
1434;6136
1465;6139
1479;6141
1477;6145
1481;6147
1513;6150
1533;6152
1509;6154
1464;6157
1443;6159
1480;6162
1510;6164
1513;6166
1468;6169
1441;6171
1436;6174
1439;6176
1434;6178
1415;6181
1401;6183
1402;6187
1415;6189
1429;6192
1452;6194
1479;6196
1490;6199
1483;6201
1472;6204
1466;6206
1458;6208
1451;6211
1458;6213
1466;6216
1488;6218
1503;6220
1497;6223
1459;6225
1443;6228
1467;6231
1518;6234
1559;6236
1540;6238
1512;6241
1469;6243
1454;6246
1451;6248
1455;6250
1455;6253
1453;6255
1461;6258
1452;6260
1435;6263
1457;6265
1512;6267
1535;6270
1499;6273
1440;6276
1409;6278
1417;6280
1439;6283
1448;6285
1437;6288
1447;6290
1475;6292
1495;6295
1477;6297
1447;6300
1437;6302
1436;6305
1454;6307
1492;6309
1526;6312
1559;6315
1546;6318
1500;6320
1478;6322
1487;6325
1481;6327
1447;6330
1408;6332
1416;6334
1450;6337
1489;6339
1490;6342
1446;6344
1413;6347
1406;6349
1406;6351
1406;6354
1410;6356
1423;6360
1443;6362
1461;6364
1468;6367
1456;6369
1446;6372
1427;6374
1405;6376
1403;6379
1451;6381
1492;6384
1496;6386
1448;6389
1396;6391
1414;6393
1464;6396
1491;6398
1494;6402
1498;6404
1502;6406
1491;6409
1459;6411
1437;6414
1423;6416
1415;6418
1426;6421
1469;6423
1527;6426
1580;6428
1595;6431
1574;6433
1518;6435
1454;6438
1409;6440
1388;6444
1385;6446
1394;6448
1410;6451
1427;6453
1441;6456
1447;6458
1454;6460
1478;6463
1522;6465
1557;6468
1519;6470
1457;6473
1412;6475
1419;6477
1445;6480
1456;6482
1452;6486
1441;6488
1446;6490
1463;6493
1476;6495
1470;6498
1462;6500
1463;6503
1490;6505
1513;6507
1521;6510
1493;6512
1470;6515
1493;6517
1507;6519
1495;6522
1462;6524
1432;6528
1429;6530
1433;6532
1435;6535
1451;6537
1472;6540
1497;6542
1496;6545
1492;6547
1504;6549
1516;6552
1489;6554
1453;6557
1415;6559
1409;6561
1404;6564
1406;6566
1426;6569
1464;6572
1485;6574
1494;6577
1492;6579
1497;6582
1504;6584
1486;6587
1473;6589
1488;6591
1520;6594
1533;6596
1508;6599
1461;6601
1430;6603
1428;6606
1447;6608
1449;6611
1437;6614
1421;6616
1435;6619
1448;6621
1470;6624
1491;6626
1501;6629
1482;6631
1449;6633
1433;6636
1435;6638
1467;6641
1508;6643
1571;6645
1593;6648
1559;6650
1501;6653
1439;6656
1420;6658
1423;6661
1422;6663
1413;6666
1415;6668
1422;6671
1433;6673
1441;6675
1472;6678
1496;6680
1485;6683
1449;6685
1457;6687
1527;6690
1590;6692
1593;6695
1542;6697
1504;6700
1450;6703
1423;6705
1414;6708
1428;6710
1465;6713
1481;6715
1474;6717
1443;6720
1419;6722
1414;6725
1425;6727
1462;6729
1507;6732
1520;6734
1505;6737
1499;6739
1486;6743
1457;6745
1431;6747
1428;6750
1435;6752
1438;6755
1433;6757
1468;6759
1539;6762
1576;6764
1540;6767
1473;6769
1433;6771
1444;6774
1482;6776
1510;6779
1514;6781
1511;6785
1522;6787
1525;6789
1527;6792
1525;6794
1508;6797
1488;6799
1476;6801
1477;6804
1483;6806
1504;6809
1524;6811
1506;6813
1463;6816
1418;6818
1403;6821
1412;6823
1441;6827
1471;6829
1478;6831
1489;6834
1506;6836
1496;6839
1468;6841
1432;6843
1429;6846
1447;6848
1503;6851
1536;6853
1536;6855
1511;6858
1511;6860
1505;6863
1475;6865
1443;6868
1434;6871
1444;6873
1476;6876
1504;6878
1520;6881
1510;6883
1497;6885
1475;6888
1481;6890
1501;6893
1501;6895
1472;6898
1447;6900
1447;6902
1454;6905
1447;6907
1433;6910
1449;6913
1470;6915
1475;6918
1463;6920
1438;6923
1420;6925
1411;6927
1412;6930
1424;6932
1441;6935
1473;6937
1493;6940
1507;6942
1495;6944
1487;6947
1481;6949
1495;6952
1512;6955
1516;6957
1495;6960
1473;6962
1478;6965
1496;6967
1505;6969
1497;6972
1480;6974
1479;6977
1495;6979
1510;6982
1508;6984
1498;6986
1484;6989
1476;6991
1460;6994
1462;6996
1498;6999
1527;7002
1512;7004
1455;7007
1427;7009
1429;7011
1452;7014
1477;7016
1516;7019
1535;7021
1533;7024
1514;7026
1504;7028
1499;7031
1469;7033
1429;7036
1405;7038
1401;7041
1420;7044
1445;7046
1462;7049
1464;7051
1459;7053
1448;7056
1454;7058
1459;7061
1457;7063
1475;7066
1518;7068
1565;7070
1569;7073
1530;7075
1486;7078
1453;7080
1443;7083
1439;7086
1448;7088
1469;7091
1504;7093
1535;7095
1538;7098
1508;7100
1467;7103
1433;7105
1424;7108
1459;7110
1495;7112
1519;7115
1498;7117
1457;7120
1440;7122
1448;7124
1480;7128
1519;7130
1528;7133
1511;7135
1498;7138
1518;7140
1567;7142
1576;7145
1530;7147
1469;7150
1442;7152
1457;7154
1487;7157
1498;7159
1485;7162
1459;7164
1471;7166
1496;7170
1487;7172
1449;7175
1427;7177
1455;7180
1519;7182
1554;7184
1539;7187
1468;7189
1428;7192
1420;7194
1419;7196
1429;7199
1445;7201
1459;7204
1461;7206
1493;7208
1523;7212
1566;7214
1571;7217
1542;7219
1498;7222
1454;7224
1429;7226
1411;7229
1402;7231
1404;7234
1415;7236
1435;7238
1469;7241
1509;7243
1546;7246
1536;7248
1495;7250
1466;7254
1456;7256
1461;7259
1458;7261
1470;7264
1508;7266
1531;7268
1530;7271
1494;7273
1478;7276
1488;7278
1515;7280
1537;7283
1551;7285
1549;7288
1548;7290
1536;7292
1512;7296
1500;7298
1491;7301
1479;7303
1458;7306
1447;7308
1449;7310
1468;7313
1497;7315
1529;7318
1537;7320
1539;7322
1527;7325
1506;7327
1481;7330
1460;7332
1437;7335
1424;7337
1433;7340
1456;7343
1469;7345
1476;7348
1490;7350
1506;7352
1510;7355
1504;7357
1483;7360
1473;7362
1450;7364
1436;7367
1429;7369
1421;7372
1423;7374
1424;7377
1430;7379
1437;7382
1448;7385
1450;7387
1451;7390
1447;7392
1447;7394
1448;7397
1453;7399
1469;7402
1498;7404
1532;7406
1533;7409
1503;7411
1476;7414
1461;7416
1450;7419
1439;7421
1435;7424
1440;7427
1448;7429
1468;7432
1485;7434
1491;7436
1475;7439
1460;7441
1446;7444
1441;7446
1439;7448
1442;7451
1445;7453
1447;7456
1443;7458
1439;7461
1439;7463
1435;7465
1429;7469
1428;7471
1437;7474
1454;7476
1475;7478
1496;7481
1502;7483
1496;7486
1475;7488
1451;7490
1427;7493
1417;7495
1414;7498
1412;7500
1408;7503
1402;7505
1397;7507
1394;7511
1392;7513
1391;7516
1390;7518
1392;7520
1392;7523
1390;7525
1385;7528
1384;7530
1384;7533
1386;7535
1389;7537
1397;7540
1409;7542
1418;7545
1420;7547
1415;7549
1416;7553
1421;7555
1437;7558
1458;7560
1476;7562
1480;7565
1477;7567
1476;7570
1485;7572
1492;7575
1492;7577
1487;7579
1482;7582
1478;7584
1476;7587
1476;7589
1482;7591
1495;7595
1505;7597
1507;7600
1504;7602
1496;7604
1488;7607
1481;7609
1476;7612
1475;7614
1474;7617
1473;7619
1476;7621
1479;7624
1482;7626
1482;7629
1479;7631
1479;7633
1480;7636
1483;7639
1488;7642
1492;7644
1495;7646
1496;7649
1488;7651
1485;7654
1487;7656
1498;7659
1518;7661
1545;7663
1557;7666
1552;7668
1532;7671
1497;7673
1478;7675
1466;7678
1460;7681
1455;7684
1449;7686
1439;7689
1428;7691
1417;7693
1411;7696
1405;7698
1402;7701
1400;7703
1401;7705
1402;7708
1406;7710
1407;7713
1412;7715
1418;7717
1423;7720
1439;7723
1455;7726
1467;7728
1471;7731
1474;7733
1489;7735
1499;7738
1504;7740
1503;7743
1506;7745
1513;7747
1519;7750
1521;7752
1519;7755
1518;7757
1521;7759
1523;7762
1518;7764
1513;7768
1510;7770
1513;7773
1522;7775
1528;7777
1525;7780
1515;7782
1506;7785
1498;7787
1492;7789
1487;7792
1483;7794
1479;7797
1477;7799
1475;7801
1475;7804
1476;7806
1477;7810
1479;7812
1481;7815
1483;7817
1487;7819
1498;7822
1513;7824
1530;7827
1539;7829
1547;7831
1545;7834
1535;7836
1530;7839
1534;7841
1544;7843
1551;7846
1551;7848
1543;7852
1539;7854
1538;7857
1539;7859
1542;7861
1544;7864
1546;7866
1550;7869
1556;7871
1562;7873
1569;7876
1578;7878
1589;7881
1601;7883
1608;7885
1614;7888
1618;7890
1621;7894
1623;7896
1628;7899
1634;7901
1641;7903
1647;7906
1652;7908
1656;7911
1661;7913
1669;7915
1677;7918
1683;7920
1693;7923
1713;7925
1728;7927
1728;7930
1711;7932
1693;7936
1682;7938
1674;7941
1669;7943
1666;7945
1664;7948
1660;7950
1659;7953
1658;7955
1655;7957
1650;7960
1645;7962
1637;7965
1631;7967
1626;7970
1623;7972
1620;7974
1617;7977
1614;7980
1612;7983
1609;7985
1608;7987
1607;7990
1608;7992
1613;7995
1616;7997
1617;7999
1614;8002
1621;8004
1635;8007
1647;8009
1650;8012
1642;8014
1633;8016
1626;8019
1618;8022
1614;8025
1610;8027
1608;8029
1607;8032
1603;8034
1598;8037
1588;8039
1576;8041
1563;8044
1553;8046
1546;8049
1541;8051
1540;8054
1544;8056
1546;8058
1546;8061
1539;8064
1525;8067
1517;8069
1511;8071
1507;8074
1503;8076
1501;8079
1500;8081
1499;8083
1497;8086
1497;8088
1496;8091
1496;8093
1498;8096
1500;8098
1508;8100
1521;8103
1527;8105
1527;8109
1516;8111
1503;8113
1496;8116
1489;8118
1483;8121
1477;8123
1473;8125
1468;8128
1463;8130
1459;8133
1453;8135
1450;8138
1447;8140
1444;8142
1445;8145
1452;8147
1463;8151
1472;8153
1472;8155
1465;8158
1463;8160
1469;8163
1470;8165
1465;8168
1457;8170
1449;8172
1442;8175
1435;8177
1430;8180
1428;8182
1426;8184
1421;8187
1417;8189
1411;8193
1408;8195
1407;8197
1408;8200
1411;8202
1413;8205
1414;8207
1410;8210
1408;8212
1406;8214
1404;8217
1403;8219
1403;8222
1409;8224
1423;8226
1437;8229
1452;8231
1454;8235
1435;8237
1415;8239
1402;8242
1392;8244
1387;8247
1384;8249
1383;8252
1384;8254
1383;8256
1384;8259
1384;8261
1381;8264
1378;8266
1376;8268
1375;8271
1375;8273
1375;8276
1376;8279
1380;8281
1385;8284
1392;8286
1398;8289
1401;8291
1401;8294
1401;8296
1399;8298
1392;8301
1388;8303
1388;8306
1394;8308
1402;8310
1405;8313
1403;8315
1396;8318
1386;8321
1379;8323
1376;8326
1371;8328
1371;8331
1372;8333
1375;8336
1380;8338
1388;8340
1394;8343
1398;8345
1395;8348
1393;8350
1389;8352
1386;8355
1384;8357
1388;8360
1393;8363
1396;8366
1396;8368
1391;8370
1389;8373
1389;8375
1388;8378
1387;8380
1387;8382
1388;8385
1393;8387
1397;8390
1399;8392
1398;8394
1396;8397
1393;8399
1390;8402
1395;8404
1405;8408
1411;8410
1412;8412
1406;8415
1402;8417
1397;8420
1395;8422
1396;8424
1396;8427
1399;8429
1401;8432
1404;8434
1405;8436
1406;8439
1405;8441
1403;8444
1401;8446
1398;8450
1397;8452
1402;8454
1406;8457
1410;8459
1411;8462
1418;8464
1429;8466
1438;8469
1439;8471
1431;8474
1421;8476
1411;8478
1405;8481
1401;8483
1403;8486
1408;8488
1414;8492
1417;8494
1418;8496
1418;8499
1417;8501
1417;8504
1416;8506
1418;8508
1419;8511
1422;8513
1422;8516
1419;8518
1417;8520
1415;8523
1415;8525
1418;8528
1426;8530
1437;8534
1443;8536
1450;8538
1449;8541
1443;8543
1440;8546
1436;8548
1433;8550
1436;8553
1438;8555
1435;8558
1432;8560
1428;8563
1431;8565
1434;8567
1435;8570
1436;8572
1434;8576
1432;8578
1430;8580
1430;8583
1431;8585
1435;8588
1440;8590
1442;8592
1444;8595
1442;8597
1441;8600
1440;8602
1438;8605
1437;8607
1436;8609
1438;8612
1440;8614
1440;8617
1441;8620
1442;8622
1446;8625
1448;8627
1449;8630
1450;8632
1449;8634
1447;8637
1442;8639
1439;8642
1438;8644
1436;8647
1435;8649
1433;8651
1432;8654
1431;8656
1431;8659
1434;8662
1438;8664
1443;8667
1452;8669
1458;8672
1459;8674
1457;8676
1453;8679
1448;8681
1442;8684
1436;8686
1432;8689
1430;8691
1427;8693
1426;8696
1424;8698
1425;8701
1429;8704
1435;8706
1447;8709
1458;8711
1471;8714
1482;8716
1488;8718
1485;8721
1469;8723
1449;8726
1436;8728
1428;8731
1424;8733
1421;8735
1420;8738
1420;8740
1420;8743
1421;8745
1422;8748
1424;8751
1424;8753
1427;8756
1434;8758
1444;8761
1453;8763
1463;8765
1470;8768
1469;8770
1464;8773
1453;8775
1447;8777
1442;8780
1439;8782
1437;8785
1436;8787
1435;8790
1434;8793
1433;8795
1433;8798
1434;8800
1435;8803
1436;8805
1437;8807
1438;8810
1438;8812
1445;8815
1456;8817
1466;8819
1471;8822
1469;8824
1464;8827
1458;8829
1448;8832
1439;8835
1435;8837
1433;8840
1431;8842
1431;8845
1431;8847
1432;8849
1436;8852
1440;8854
1445;8857
1448;8859
1451;8861
1453;8864
1452;8866
1450;8869
1448;8871
1445;8873
1444;8877
1444;8879
1443;8882
1443;8884
1441;8887
1439;8889
1438;8891
1438;8894
1438;8896
1440;8899
1444;8901
1449;8903
1452;8906
1451;8908
1449;8911
1447;8913
1444;8916
1444;8919
1447;8921
1452;8924
1457;8926
1459;8929
1458;8931
1457;8933
1457;8936
1458;8938
1460;8941
1461;8943
1461;8945
1463;8948
1468;8950
1477;8953
1480;8955
1476;8958
1467;8961
1456;8963
1451;8966
1446;8968
1445;8971
1441;8973
1435;8975
1431;8978
1429;8980
1430;8983
1431;8985
1430;8987
1429;8990
1426;8992
1426;8995
1425;8997
1425;9000
1425;9003
1425;9005
1426;9008
1426;9010
1425;9013
1425;9015
1429;9017
1434;9020
1442;9022
1450;9025
1457;9027
1462;9029
1467;9032
1476;9034
1479;9037
1476;9039
1472;9042
1465;9044
1459;9047
1454;9050
1448;9052
1446;9055
1443;9057
1442;9059
1443;9062
1445;9064
1445;9067
1442;9069
1434;9071
1425;9074
1418;9076
1414;9079
1411;9081
1410;9084
1409;9086
1409;9089
1408;9092
1409;9094
1412;9097
1415;9099
1418;9101
1418;9104
1418;9106
1416;9109
1413;9111
1414;9114
1421;9116
1434;9118
1451;9121
1462;9123
1463;9126
1460;9128
1455;9131
1456;9134
1460;9136
1465;9139
1465;9141
1462;9143
1459;9146
1456;9148
1454;9151
1453;9153
1453;9156
1455;9158
1459;9160
1462;9163
1465;9165
1468;9168
1471;9170
1473;9172
1475;9176
1477;9178
1479;9181
1481;9183
1483;9185
1487;9188
