1469;2
1468;4
1468;7
1470;9
1475;11
1480;13
1484;16
1484;18
1481;20
1479;23
1480;25
1482;27
1483;30
1481;32
1476;34
1471;37
1466;39
1463;41
1462;44
1464;47
1469;49
1475;51
1479;54
1482;56
1487;58
1484;61
1480;63
1472;65
1467;68
1465;70
1466;72
1468;75
1470;77
1472;79
1472;81
1470;84
1468;87
1467;89
1465;92
1464;94
1466;96
1472;99
1481;101
1486;103
1484;106
1479;108
1473;110
1468;113
1466;115
1468;117
1471;120
1473;122
1474;125
1472;128
1468;130
1468;133
1470;135
1471;137
1473;140
1475;142
1473;144
1469;147
1465;149
1459;152
1456;154
1455;156
1458;159
1462;161
1465;163
1466;166
1465;168
1469;171
1476;174
1478;176
1477;179
1475;181
1470;183
1471;186
1474;188
1476;190
1477;193
1474;195
1471;197
1471;200
1472;202
1471;205
1470;207
1468;209
1465;212
1464;215
1466;217
1469;220
1475;222
1480;224
1480;227
1478;229
1473;232
1469;234
1471;236
1474;239
1480;241
1484;243
1489;246
1488;248
1482;250
1476;253
1472;256
1470;259
1472;261
1476;263
1478;266
1478;268
1475;270
1472;273
1474;275
1479;277
1482;280
1481;282
1478;284
1472;287
1472;289
1478;292
1485;294
1488;296
1490;300
1493;302
1493;304
1492;307
1488;309
1479;311
1472;314
1467;316
1464;319
1463;321
1466;323
1468;326
1470;328
1469;330
1466;333
1465;335
1465;337
1466;340
1468;343
1470;346
1472;348
1474;350
1479;353
1483;355
1486;357
1485;360
1484;362
1480;364
1474;367
1468;369
1466;372
1471;374
1476;376
1483;379
1485;381
1481;384
1478;387
1478;389
1477;391
1474;394
1471;396
1470;399
1471;401
1473;403
1471;406
1468;408
1466;410
1464;413
1464;415
1466;417
1468;420
1474;422
1479;425
1486;428
1487;430
1488;433
1484;435
1477;437
1472;440
1470;442
1467;444
1467;447
1467;449
1470;452
1473;454
1475;456
1478;459
1479;461
1478;463
1475;466
1472;468
1471;471
1472;474
1475;476
1478;479
1482;481
1484;483
1488;486
1487;488
1484;490
1479;493
1476;495
1473;497
1470;500
1469;502
1470;505
1473;507
1476;509
1477;513
1475;515
1472;517
1472;520
1473;522
1472;524
1472;527
1472;529
1474;532
1477;534
1480;536
1480;539
1478;541
1479;543
1484;546
1489;548
1491;550
1489;553
1486;556
1481;559
1476;561
1477;563
1481;566
1483;568
1482;570
1476;573
1473;575
1474;577
1477;580
1480;582
1482;585
1480;587
1478;589
1478;592
1477;594
1474;596
1473;600
1470;602
1472;604
1477;607
1482;609
1484;612
1483;614
1482;616
1476;619
1473;621
1472;623
1473;626
1472;628
1474;630
1474;633
1474;635
1474;638
1476;641
1477;643
1477;646
1474;648
1472;650
1476;653
1480;655
1482;657
1481;660
1479;662
1481;665
1486;667
1489;669
1488;672
1481;674
1477;676
1471;679
1467;681
1466;684
1465;687
1465;689
1466;692
1466;694
1466;696
1468;699
1469;701
1468;703
1468;706
1470;708
1473;710
1477;713
1477;715
1471;718
1469;720
1467;722
1467;726
1470;728
1472;730
1474;733
1475;735
1474;737
1475;740
1475;742
1477;745
1478;747
1477;749
1477;752
1475;754
1472;756
1472;759
1471;761
1471;763
1473;766
1476;769
1479;772
1479;774
1476;776
1475;779
1474;781
1475;783
1475;786
1471;788
1469;790
1466;793
1464;795
1465;798
1468;800
1472;802
1474;805
1476;807
1477;809
1476;813
1474;815
1473;817
1470;820
1468;822
1466;825
1464;827
1462;829
1463;832
1469;834
1477;836
1484;839
1482;841
1478;843
1471;846
1471;848
1473;851
1476;854
1477;856
1478;859
1479;861
1478;863
1476;866
1476;868
1476;870
1475;873
1474;875
1471;877
1468;880
1465;882
1464;885
1463;887
1463;889
1464;892
1466;894
1467;897
1467;900
1465;902
1466;904
1469;907
1475;909
1481;912
1484;914
1482;916
1479;919
1477;921
1473;923
1470;926
1470;928
1472;930
1474;933
1476;935
1479;939
1482;941
1482;943
1476;946
1472;948
1471;950
1471;953
1471;955
1468;957
1465;960
1463;962
1463;965
1465;967
1470;969
1476;972
1482;974
1483;976
1479;979
1471;982
1465;984
1466;987
1469;989
1473;992
1477;994
1478;996
1477;999
1476;1001
1476;1003
1479;1006
1480;1008
1478;1011
1476;1013
1473;1016
1472;1018
1471;1020
1470;1024
1470;1026
1469;1029
1470;1031
1470;1033
1471;1036
1475;1038
1482;1041
1484;1043
1478;1045
1470;1048
1464;1050
1462;1053
1461;1055
1461;1058
1461;1060
1461;1062
1460;1065
1462;1068
1465;1071
1470;1073
1474;1075
1476;1078
1476;1080
1474;1083
1470;1085
1468;1087
1469;1090
1472;1092
1472;1095
1470;1097
1469;1100
1469;1102
1473;1104
1478;1107
1481;1110
1481;1113
1484;1115
1484;1117
1483;1120
1479;1122
1476;1125
1475;1127
1474;1129
1475;1132
1476;1134
1478;1137
1477;1139
1478;1142
1479;1144
1480;1146
1481;1149
1482;1152
1484;1155
1485;1157
1486;1159
1483;1162
1480;1164
1478;1167
1476;1169
1477;1171
1479;1174
1483;1176
1484;1179
1479;1181
1479;1184
1481;1186
1484;1188
1490;1191
1496;1193
1495;1197
1491;1199
1487;1201
1484;1204
1484;1206
1486;1209
1486;1211
1484;1213
1483;1216
1484;1218
1490;1221
1496;1223
1500;1226
1496;1228
1488;1230
1486;1233
1489;1235
1492;1239
1489;1241
1483;1243
1478;1246
1474;1248
1472;1251
1471;1253
1472;1256
1473;1258
1480;1260
1485;1263
1488;1265
1488;1268
1484;1270
1482;1272
1480;1275
1480;1277
1481;1281
1480;1283
1478;1285
1478;1288
1481;1290
1484;1293
1483;1295
1480;1298
1476;1300
1475;1302
1472;1305
1464;1307
1460;1310
1460;1312
1463;1314
1469;1317
1474;1319
1477;1323
1474;1325
1469;1327
1465;1330
1464;1332
1466;1335
1468;1337
1468;1340
1470;1342
1471;1344
1472;1347
1468;1349
1464;1352
1464;1354
1470;1356
1476;1359
1480;1361
1483;1364
1483;1367
1481;1369
1474;1372
1467;1374
1464;1377
1466;1379
1469;1382
1472;1384
1475;1386
1479;1389
1479;1391
1476;1394
1469;1396
1466;1398
1466;1401
1467;1403
1467;1406
1462;1409
1461;1411
1461;1414
1462;1416
1463;1419
1466;1421
1469;1424
1468;1426
1466;1428
1463;1431
1461;1433
1460;1436
1460;1438
1460;1440
1461;1443
1464;1445
1470;1448
1476;1451
1479;1453
1478;1456
1472;1458
1465;1461
1462;1463
1462;1466
1463;1468
1467;1470
1471;1473
1470;1475
1466;1478
1462;1480
1460;1482
1459;1485
1459;1487
1460;1490
1463;1492
1467;1496
1470;1498
1471;1500
1473;1503
1474;1505
1473;1508
1477;1510
1478;1512
1478;1515
1474;1517
1470;1520
1466;1522
1463;1524
1461;1527
1463;1529
1467;1532
1470;1534
1472;1538
1473;1540
1475;1542
1478;1545
1480;1547
1481;1550
1481;1552
1475;1554
1473;1557
1475;1559
1477;1562
1478;1564
1474;1566
1473;1569
1475;1571
1479;1574
1480;1576
1480;1580
1478;1582
1476;1584
1476;1587
1475;1589
1476;1592
1476;1594
1475;1596
1475;1599
1473;1601
1474;1604
1475;1606
1476;1608
1475;1611
1474;1613
1472;1616
1472;1618
1471;1622
1471;1624
1474;1626
1480;1629
1486;1631
1485;1634
1484;1636
1484;1638
1484;1641
1482;1643
1480;1646
1480;1648
1484;1650
1488;1653
1491;1655
1489;1658
1490;1660
1489;1664
1489;1666
1487;1668
1485;1671
1486;1673
1485;1676
1483;1678
1479;1680
1476;1683
1474;1685
1473;1688
1474;1690
1480;1692
1487;1695
1492;1697
1492;1700
1487;1702
1483;1705
1482;1708
1479;1710
1479;1713
1480;1715
1482;1718
1484;1720
1483;1722
1483;1725
1486;1727
1494;1730
1499;1732
1504;1735
1502;1737
1499;1739
1496;1742
1492;1744
1488;1747
1485;1750
1482;1752
1480;1755
1478;1757
1475;1760
1475;1762
1476;1764
1479;1767
1484;1769
1488;1772
1493;1774
1496;1777
1498;1779
1499;1781
1495;1784
1492;1786
1492;1789
1493;1792
1491;1794
1486;1797
1482;1799
1480;1802
1481;1804
1484;1806
1489;1809
1493;1811
1496;1814
1500;1816
1503;1819
1505;1821
1504;1823
1497;1826
1494;1828
1490;1831
1489;1833
1492;1836
1496;1839
1500;1841
1501;1844
1503;1846
1502;1848
1496;1851
1493;1853
1493;1856
1494;1858
1494;1861
1492;1863
1491;1865
1488;1868
1485;1870
1486;1873
1488;1875
1487;1878
1488;1881
1486;1883
1487;1886
1489;1888
1490;1890
1491;1893
1491;1895
1494;1898
1496;1900
1499;1903
1501;1905
1500;1907
1499;1910
1501;1912
1506;1915
1508;1917
1508;1920
1506;1923
1502;1925
1497;1928
1489;1930
1484;1933
1481;1935
1483;1937
1490;1940
1496;1942
1497;1945
1490;1947
1487;1949
1486;1952
1484;1954
1483;1957
1480;1959
1479;1961
1481;1965
1487;1967
1491;1970
1495;1972
1495;1975
1491;1977
1492;1979
1495;1982
1499;1984
1503;1987
1503;1989
1502;1991
1500;1994
1495;1996
1492;1999
1489;2001
1489;2003
1492;2007
1494;2009
1490;2012
1485;2014
1485;2017
1491;2019
1500;2021
1506;2024
1507;2026
1500;2029
1492;2031
1487;2033
1484;2036
1483;2038
1483;2041
1486;2043
1491;2045
1493;2049
1493;2051
1490;2054
1485;2056
1481;2059
1478;2061
1477;2063
1480;2066
1485;2068
1489;2071
1495;2073
1494;2075
1487;2078
1481;2080
1477;2083
1475;2085
1476;2087
1476;2091
1479;2093
1481;2096
1485;2098
1487;2101
1487;2103
1487;2105
1487;2108
1484;2110
1481;2113
1480;2115
1480;2117
1480;2120
1486;2122
1492;2125
1495;2127
1493;2129
1490;2132
1487;2135
1483;2138
1478;2140
1476;2143
1475;2145
1474;2147
1478;2150
1484;2152
1488;2155
1489;2157
1488;2159
1487;2162
1486;2164
1486;2167
1489;2169
1494;2172
1495;2174
1491;2177
1486;2180
1481;2182
1479;2185
1476;2187
1477;2189
1477;2192
1478;2194
1478;2197
1477;2199
1475;2201
1473;2204
1474;2206
1478;2209
1483;2211
1483;2214
1482;2216
1480;2219
1478;2222
1479;2224
1483;2227
1486;2229
1486;2231
1484;2234
1482;2236
1480;2239
1479;2241
1480;2243
1482;2246
1485;2248
1485;2251
1484;2253
1480;2256
1480;2258
1481;2260
1480;2264
1478;2266
1478;2269
1478;2271
1478;2273
1477;2276
1478;2278
1478;2281
1479;2283
1480;2285
1481;2288
1480;2290
1478;2293
1476;2295
1478;2298
1480;2300
1483;2302
1484;2306
1485;2308
1485;2311
1485;2313
1485;2315
1483;2318
1482;2320
1481;2323
1482;2325
1484;2327
1484;2330
1484;2332
1483;2335
1483;2337
1482;2340
1480;2342
1478;2344
1475;2348
1475;2350
1476;2353
1475;2355
1477;2357
1478;2360
1479;2362
1479;2365
1478;2367
1479;2370
1483;2372
1486;2374
1490;2377
1489;2379
1488;2382
1483;2384
1478;2386
1474;2390
1472;2392
1472;2395
1473;2397
1476;2399
1481;2402
1485;2404
1487;2407
1482;2409
1480;2412
1477;2414
1476;2416
1477;2419
1479;2421
1483;2424
1484;2426
1484;2428
1485;2432
1487;2434
1488;2437
1491;2439
1491;2441
1490;2444
1487;2446
1480;2449
1474;2451
1472;2454
1477;2456
1485;2458
1489;2461
1490;2463
1487;2466
1482;2468
1480;2470
1481;2473
1484;2476
1487;2479
1490;2481
1489;2483
1489;2486
1489;2488
1485;2491
1486;2493
1489;2496
1494;2498
1497;2500
1493;2503
1482;2505
1476;2508
1475;2510
1480;2512
1489;2515
1493;2518
1490;2521
1485;2523
1484;2525
1484;2528
1486;2530
1487;2533
1490;2535
1495;2538
1500;2540
1505;2542
1506;2545
1499;2547
1494;2550
1489;2552
1492;2554
1498;2557
1500;2560
1496;2563
1488;2565
1489;2568
1503;2570
1526;2572
1558;2575
1570;2577
1574;2580
1573;2582
1567;2584
1563;2587
1565;2589
1568;2592
1574;2594
1584;2596
1603;2599
1621;2601
1627;2605
1624;2607
1617;2610
1614;2612
1617;2614
1611;2617
1607;2619
1624;2622
1642;2624
1654;2626
1643;2629
1634;2631
1622;2634
1604;2636
1568;2638
1526;2641
1503;2643
1496;2647
1491;2649
1473;2652
1449;2654
1423;2656
1398;2659
1389;2661
1385;2664
1358;2666
1308;2668
1262;2671
1236;2673
1241;2676
1263;2678
1286;2680
1281;2683
1254;2685
1228;2689
1211;2691
1200;2694
1184;2696
1173;2698
1176;2701
1184;2703
1192;2706
1196;2708
1198;2710
1201;2713
1207;2715
1210;2718
1205;2720
1191;2722
1184;2725
1189;2727
1205;2731
1222;2733
1222;2736
1221;2738
1225;2740
1233;2743
1236;2745
1231;2748
1241;2750
1278;2752
1304;2755
1315;2757
1310;2760
1304;2762
1300;2764
1300;2767
1313;2769
1349;2772
1377;2775
1406;2778
1423;2780
1422;2782
1412;2785
1413;2787
1412;2790
1411;2792
1402;2794
1391;2797
1391;2799
1393;2802
1402;2804
1415;2807
1444;2809
1466;2811
1482;2814
1506;2817
1537;2820
1575;2822
1600;2824
1625;2827
1620;2829
1596;2832
1579;2834
1572;2836
1573;2839
1603;2841
1631;2844
1646;2846
1648;2849
1645;2851
1641;2853
1630;2856
1618;2859
1606;2862
1588;2864
1590;2866
1632;2869
1660;2871
1658;2874
1621;2876
1603;2878
1660;2881
1715;2883
1716;2886
1666;2888
1639;2891
1642;2893
1645;2895
1637;2898
1622;2900
1600;2904
1577;2906
1582;2908
1620;2911
1629;2913
1598;2916
1537;2918
1510;2920
1507;2923
1522;2925
1550;2928
1572;2930
1587;2933
1591;2935
1585;2937
1562;2940
1566;2942
1568;2946
1552;2948
1559;2950
1579;2953
1583;2955
1565;2958
1589;2960
1611;2963
1594;2965
1559;2967
1537;2970
1533;2972
1531;2975
1535;2977
1532;2979
1561;2982
1610;2984
1616;2988
1565;2990
1536;2992
1543;2995
1554;2997
1547;3000
1536;3002
1550;3005
1554;3007
1539;3009
1516;3012
1505;3014
1508;3017
1519;3019
1545;3021
1545;3024
1533;3026
1520;3030
1524;3032
1515;3034
1528;3037
1567;3039
1601;3042
1605;3044
1585;3047
1559;3049
1530;3051
1517;3054
1528;3056
1533;3059
1530;3061
1517;3063
1524;3066
1545;3068
1554;3072
1549;3074
1542;3076
1584;3079
1625;3081
1618;3084
1573;3086
1530;3089
1519;3091
1520;3093
1515;3096
1527;3098
1524;3101
1511;3103
1496;3105
1498;3108
1534;3110
1557;3113
1557;3116
1527;3118
1506;3121
1497;3123
1505;3126
1517;3128
1530;3131
1538;3133
1536;3135
1538;3138
1541;3140
1551;3143
1534;3145
1499;3147
1490;3150
1503;3152
1546;3155
1586;3158
1609;3161
1575;3163
1554;3165
1542;3168
1533;3170
1523;3173
1523;3175
1527;3177
1538;3180
1541;3182
1530;3185
1517;3187
1506;3189
1514;3192
1520;3194
1516;3197
1485;3200
1489;3203
1501;3205
1476;3207
1468;3210
1485;3212
1492;3215
1491;3217
1481;3219
1480;3222
1469;3224
1458;3227
1449;3229
1456;3231
1466;3234
1464;3236
1482;3239
1531;3241
1553;3245
1527;3247
1483;3249
1471;3252
1526;3254
1580;3257
1587;3259
1524;3261
1464;3264
1478;3266
1512;3269
1498;3271
1493;3273
1510;3276
1522;3278
1515;3281
1492;3283
1474;3287
1454;3289
1461;3291
1526;3294
1576;3296
1569;3299
1512;3301
1464;3303
1446;3306
1435;3308
1440;3311
1463;3313
1473;3315
1449;3318
1446;3320
1462;3323
1477;3325
1475;3329
1469;3331
1478;3333
1506;3336
1536;3338
1539;3341
1511;3343
1475;3345
1474;3348
1508;3350
1556;3353
1548;3355
1502;3358
1463;3360
1426;3362
1411;3365
1419;3367
1447;3371
1535;3373
1600;3375
1610;3378
1537;3380
1485;3383
1451;3385
1450;3387
1464;3390
1460;3392
1449;3395
1434;3397
1439;3400
1480;3402
1526;3404
1539;3407
1518;3409
1486;3412
1458;3415
1456;3417
1467;3420
1486;3422
1493;3425
1493;3427
1519;3429
1570;3432
1605;3434
1572;3437
1495;3439
1456;3442
1456;3444
1473;3446
1474;3449
1441;3451
1416;3454
1427;3457
1461;3459
1479;3462
1477;3464
1511;3467
1539;3469
1550;3471
1534;3474
1520;3476
1476;3479
1461;3481
1455;3484
1476;3486
1494;3488
1511;3491
1515;3493
1506;3496
1481;3499
1481;3501
1480;3504
1486;3506
1493;3509
1507;3511
1513;3513
1497;3516
1471;3518
1469;3521
1476;3523
1482;3526
1481;3528
1475;3530
1461;3533
1476;3535
1487;3538
1484;3540
1463;3543
1465;3546
1476;3548
1475;3551
1477;3553
1516;3556
1579;3558
1579;3560
1507;3563
1448;3565
1429;3568
1425;3570
1446;3572
1509;3575
1550;3577
1559;3580
1511;3582
1460;3585
1437;3588
1441;3590
1469;3593
1491;3595
1515;3598
1517;3600
1508;3602
1484;3605
1491;3607
1495;3610
1486;3612
1507;3614
1536;3617
1515;3619
1468;3622
1442;3624
1438;3627
1436;3630
1425;3632
1418;3635
1423;3637
1451;3640
1476;3642
1523;3644
1553;3647
1547;3649
1506;3652
1517;3654
1541;3656
1529;3659
1479;3661
1471;3664
1505;3666
1569;3668
1593;3672
1569;3674
1513;3677
1512;3679
1517;3682
1499;3684
1452;3686
1401;3689
1377;3691
1376;3694
1398;3696
1426;3698
1472;3701
1488;3703
1475;3706
1464;3708
1475;3710
1502;3714
1515;3716
1482;3719
1435;3721
1435;3724
1469;3726
1479;3728
1461;3731
1479;3733
1538;3736
1571;3738
1526;3740
1466;3743
1436;3745
1446;3748
1472;3750
1492;3753
1484;3756
1455;3758
1470;3761
1506;3763
1506;3766
1480;3768
1509;3770
1537;3773
1535;3775
1471;3778
1419;3780
1419;3782
1468;3785
1519;3787
1521;3790
1468;3792
1422;3795
1405;3798
1439;3800
1495;3803
1500;3805
1468;3808
1496;3810
1555;3812
1531;3815
1454;3817
1414;3820
1411;3822
1453;3824
1498;3827
1513;3829
1488;3832
1485;3834
1481;3837
1489;3840
1507;3842
1502;3845
1486;3847
1471;3850
1480;3852
1478;3854
1457;3857
1453;3859
1483;3862
1492;3864
1487;3866
1473;3869
1489;3871
1495;3874
1493;3876
1482;3879
1509;3881
1525;3884
1506;3887
1450;3889
1425;3892
1429;3894
1466;3896
1534;3899
1573;3901
1573;3904
1538;3906
1473;3908
1428;3911
1475;3913
1553;3916
1576;3918
1538;3921
1503;3923
1489;3926
1463;3929
1435;3931
1445;3934
1516;3936
1573;3938
1575;3941
1550;3943
1514;3946
1476;3948
1448;3950
1442;3953
1452;3955
1457;3958
1458;3960
1468;3963
1468;3965
1458;3968
1455;3971
1512;3973
1571;3976
1571;3978
1492;3980
1442;3983
1422;3985
1457;3988
1498;3990
1524;3993
1503;3995
1512;3997
1518;4000
1487;4002
1448;4005
1478;4007
1534;4009
1554;4013
1536;4015
1493;4018
1449;4020
1427;4022
1467;4025
1514;4027
1504;4030
1450;4032
1434;4035
1489;4037
1519;4039
1508;4042
1440;4044
1397;4047
1386;4049
1411;4051
1424;4055
1413;4057
1414;4060
1440;4062
1450;4064
1462;4067
1494;4069
1557;4072
1575;4074
1540;4077
1453;4079
1427;4081
1456;4084
1463;4086
1457;4089
1487;4091
1537;4093
1523;4097
1449;4099
1398;4102
1405;4104
1427;4106
1436;4109
1437;4111
1439;4114
1428;4116
1425;4119
1424;4121
1450;4123
1480;4126
1498;4128
1480;4131
1444;4133
1401;4135
1386;4139
1410;4141
1447;4144
1484;4146
1522;4148
1551;4151
1547;4153
1525;4156
1479;4158
1444;4161
1426;4163
1425;4165
1445;4168
1528;4170
1588;4173
1559;4175
1473;4177
1428;4180
1422;4183
1425;4186
1453;4188
1471;4191
1447;4193
1424;4195
1421;4198
1427;4200
1436;4203
1432;4205
1420;4207
1415;4210
1403;4212
1408;4215
1417;4217
1456;4219
1519;4222
1559;4225
1530;4228
1450;4230
1430;4233
1451;4235
1486;4237
1499;4240
1468;4242
1427;4245
1453;4247
1517;4249
1530;4252
1462;4254
1410;4257
1377;4259
1370;4261
1388;4264
1410;4267
1420;4270
1433;4272
1468;4275
1476;4277
1429;4279
1395;4282
1398;4284
1452;4287
1513;4289
1503;4291
1458;4294
1438;4296
1483;4299
1535;4301
1546;4303
1507;4306
1444;4308
1398;4312
1419;4314
1503;4317
1555;4319
1513;4321
1445;4324
1447;4326
1475;4329
1487;4331
1465;4333
1433;4336
1416;4338
1410;4341
1428;4343
1465;4345
1480;4348
1461;4350
1439;4354
1467;4356
1509;4359
1503;4361
1433;4363
1402;4366
1402;4368
1418;4371
1424;4373
1426;4375
1444;4378
1501;4380
1518;4383
1488;4385
1458;4388
1450;4390
1474;4392
1518;4396
1546;4398
1527;4401
1503;4403
1476;4405
1466;4408
1487;4410
1512;4413
1521;4415
1514;4417
1498;4420
1476;4422
1458;4425
1454;4427
1442;4430
1442;4432
1434;4434
1421;4438
1407;4440
1397;4443
1393;4445
1420;4447
1470;4450
1492;4452
1483;4455
1457;4457
1444;4459
1468;4462
1515;4464
1533;4467
1531;4469
1514;4472
1473;4474
1439;4476
1410;4480
1441;4482
1502;4485
1530;4487
1485;4489
1446;4492
1461;4494
1505;4497
1547;4499
1550;4501
1488;4504
1409;4506
1419;4509
1482;4511
1524;4514
1477;4516
1411;4518
1379;4521
1381;4524
1431;4527
1480;4529
1494;4531
1499;4534
1511;4536
1475;4539
1408;4541
1385;4543
1422;4546
1478;4548
1512;4551
1495;4553
1461;4556
1439;4558
1436;4560
1457;4563
1488;4566
1491;4569
1509;4571
1518;4573
1502;4576
1449;4578
1408;4581
1394;4583
1395;4586
1409;4588
1424;4590
1452;4593
1445;4595
1421;4598
1415;4600
1446;4602
1480;4605
1476;4608
1453;4611
1436;4613
1461;4615
1508;4618
1517;4620
1480;4623
1447;4625
1415;4628
1394;4630
1392;4632
1394;4635
1399;4637
1447;4640
1512;4642
1517;4644
1483;4647
1486;4649
1499;4653
1459;4655
1402;4657
1394;4660
1450;4662
1502;4665
1471;4667
1422;4670
1381;4672
1445;4674
1542;4677
1556;4679
1479;4682
1438;4684
1439;4686
1460;4689
1485;4691
1479;4695
1427;4697
1383;4699
1371;4702
1416;4704
1504;4707
1559;4709
1517;4712
1436;4714
1440;4716
1473;4719
1498;4721
1457;4724
1400;4726
1409;4728
1497;4731
1607;4733
1618;4737
1516;4739
1442;4742
1423;4744
1411;4746
1423;4749
1463;4751
1483;4754
1459;4756
1445;4758
1443;4761
1479;4763
1547;4766
1561;4768
1511;4770
1448;4773
1414;4775
1410;4779
1446;4781
1520;4784
1547;4786
1489;4788
1434;4791
1418;4793
1444;4796
1485;4798
1524;4800
1550;4803
1540;4805
1499;4808
1441;4810
1414;4812
1405;4815
1411;4817
1426;4820
1450;4823
1471;4826
1486;4828
1468;4830
1448;4833
1454;4835
1523;4838
1555;4840
1531;4842
1462;4845
1434;4847
1449;4850
1478;4852
1501;4854
1510;4857
1511;4859
1515;4862
1509;4865
1482;4868
1455;4870
1439;4872
1468;4875
1539;4877
1599;4880
1616;4882
1568;4884
1514;4887
1450;4889
1456;4892
1495;4894
1492;4896
1462;4899
1408;4901
1412;4904
1478;4907
1544;4910
1551;4912
1515;4914
1470;4917
1433;4919
1425;4922
1463;4924
1488;4926
1498;4929
1513;4931
1504;4934
1467;4936
1400;4938
1411;4941
1464;4943
1501;4946
1533;4948
1569;4952
1575;4954
1536;4956
1520;4959
1521;4961
1499;4964
1428;4966
1392;4968
1441;4971
1532;4973
1561;4976
1506;4978
1474;4980
1474;4983
1470;4985
1424;4988
1384;4990
1389;4994
1488;4996
1616;4998
1632;5001
1517;5003
1426;5006
1377;5008
1374;5010
1399;5013
1436;5015
1470;5018
1501;5020
1521;5023
1532;5025
1524;5027
1503;5030
1472;5032
1472;5036
1524;5038
1510;5040
1428;5043
1412;5045
1437;5048
1435;5050
1390;5052
1359;5055
1372;5057
1410;5060
1456;5062
1470;5065
1468;5067
1486;5069
1499;5072
1490;5074
1435;5078
1432;5080
1455;5082
1493;5085
1467;5087
1456;5090
1491;5092
1511;5094
1479;5097
1467;5099
1453;5102
1440;5104
1438;5107
1448;5109
1442;5111
1438;5114
1463;5116
1457;5120
1445;5122
1456;5124
1474;5127
1462;5129
1409;5132
1423;5134
1482;5136
1495;5139
1442;5141
1391;5144
1388;5146
1421;5149
1452;5151
1456;5153
1437;5156
1411;5158
1418;5161
1499;5164
1580;5166
1593;5169
1540;5171
1461;5174
1423;5176
1434;5178
1472;5181
1508;5183
1513;5186
1478;5188
1436;5191
1498;5193
1583;5195
1580;5198
1500;5200
1422;5203
1444;5206
1488;5208
1465;5211
1399;5213
1384;5216
1448;5218
1542;5220
1580;5223
1558;5225
1494;5228
1441;5230
1400;5233
1439;5235
1473;5237
1472;5240
1440;5242
1423;5245
1437;5248
1474;5250
1521;5253
1537;5255
1498;5258
1465;5260
1465;5262
1474;5265
1518;5267
1560;5270
1560;5272
1519;5275
1461;5277
1386;5279
1370;5282
1405;5284
1455;5287
1460;5289
1416;5292
1374;5295
1368;5297
1402;5300
1462;5302
1480;5304
1438;5307
1397;5309
1411;5312
1437;5314
1446;5317
1488;5319
1529;5321
1525;5324
1442;5326
1386;5329
1382;5331
1413;5334
1510;5337
1601;5339
1602;5342
1481;5344
1379;5347
1348;5349
1368;5351
1421;5354
1443;5356
1398;5359
1366;5361
1402;5363
1456;5366
1508;5368
1522;5371
1526;5373
1466;5376
1426;5379
1457;5381
1498;5384
1484;5386
1465;5389
1510;5391
1552;5393
1531;5396
1458;5398
1400;5401
1384;5403
1430;5405
1460;5408
1448;5410
1425;5413
1435;5415
1421;5417
1387;5421
1365;5423
1441;5426
1594;5428
1648;5431
1554;5433
1429;5435
1379;5438
1405;5440
1505;5443
1573;5445
1565;5447
1470;5450
1401;5452
1400;5455
1428;5457
1463;5459
1483;5463
1532;5465
1559;5468
1548;5470
1461;5473
1400;5475
1412;5477
1441;5480
1426;5482
1407;5485
1393;5487
1374;5489
1357;5492
1372;5494
1509;5497
1609;5499
1578;5501
1450;5505
1399;5507
1410;5510
1471;5512
1528;5515
1528;5517
1516;5519
1509;5522
1523;5524
1498;5527
1425;5529
1394;5531
1440;5534
1497;5536
1505;5539
1482;5541
1458;5543
1418;5547
1382;5549
1410;5552
1492;5554
1529;5557
1484;5559
1409;5561
1382;5564
1356;5566
1355;5569
1409;5571
1479;5573
1496;5576
1445;5578
1414;5581
1414;5583
1470;5585
1516;5588
1538;5591
1480;5594
1490;5596
1566;5599
1592;5601
1502;5603
1416;5606
1392;5608
1426;5611
1505;5613
1586;5615
1589;5618
1509;5620
1455;5623
1394;5625
1381;5628
1388;5630
1414;5633
1443;5636
1464;5638
1453;5641
1422;5643
1394;5645
1373;5648
1368;5650
1381;5653
1441;5655
1487;5657
1484;5660
1467;5662
1453;5665
1463;5667
1494;5670
1550;5672
1612;5675
1605;5678
1543;5680
1475;5683
1444;5685
1455;5687
1518;5690
1553;5692
1529;5695
1453;5697
1393;5699
1344;5702
1334;5704
1359;5707
1384;5709
1384;5712
1385;5714
1371;5716
1365;5720
1364;5722
1360;5725
1346;5727
1373;5729
1436;5732
1485;5734
1519;5737
1495;5739
1495;5741
1572;5744
1635;5746
1599;5749
1486;5751
1431;5754
1440;5756
1467;5758
1512;5762
1520;5764
1497;5767
1489;5769
1534;5771
1563;5774
1527;5776
1464;5779
1442;5781
1461;5783
1483;5786
1471;5788
1446;5791
1438;5793
1422;5796
1399;5798
1392;5800
1417;5804
1439;5806
1471;5809
1514;5811
1535;5813
1499;5816
1462;5818
1446;5821
1469;5823
1545;5826
1631;5828
1628;5830
1589;5833
1529;5835
1530;5838
1561;5840
1548;5842
1485;5846
1447;5848
1448;5851
1465;5853
1518;5855
1564;5858
1586;5860
1524;5863
1429;5865
1410;5868
1463;5870
1520;5872
1526;5875
1469;5877
1430;5880
1396;5882
1382;5884
1396;5888
1434;5890
1467;5893
1475;5895
1466;5897
1472;5900
1475;5902
1477;5905
1462;5907
1492;5910
1497;5912
1469;5914
1455;5917
1494;5919
1570;5922
1606;5924
1562;5926
1516;5929
1472;5932
1466;5935
1488;5937
1494;5939
1466;5942
1456;5944
1483;5947
1505;5949
1492;5952
1473;5954
1461;5956
1469;5959
1478;5961
1463;5964
1437;5966
1425;5968
1453;5971
1518;5974
1585;5977
1641;5979
1626;5981
1525;5984
1437;5986
1404;5989
1416;5991
1462;5994
1491;5996
1481;5998
1485;6001
1530;6003
1566;6006
1536;6008
1475;6010
1410;6013
1403;6016
1477;6019
1577;6021
1601;6024
1557;6026
1458;6028
1419;6031
1416;6033
1447;6036
1514;6038
1572;6040
1568;6043
1523;6045
1482;6048
1502;6050
1598;6052
1664;6055
1627;6057
1516;6061
1430;6063
1405;6066
1434;6068
1507;6070
1579;6073
1604;6075
1596;6078
1533;6080
1456;6082
1408;6085
1397;6087
1455;6090
1563;6092
1598;6094
1526;6097
1450;6099
1410;6103
1442;6105
1520;6108
1548;6110
1513;6112
1460;6115
1446;6117
1466;6120
1487;6122
1481;6124
1485;6127
1533;6129
1581;6132
1566;6134
1496;6136
1436;6139
1433;6141
1483;6145
1523;6147
1526;6150
1473;6152
1437;6154
1467;6157
1544;6159
1593;6162
1576;6164
1517;6166
1501;6169
1519;6171
1540;6174
1529;6176
1506;6178
1510;6181
1492;6183
1459;6187
1429;6189
1466;6192
1518;6194
1542;6196
1531;6199
1500;6201
1477;6204
1486;6206
1515;6208
1508;6211
1501;6213
1520;6216
1581;6218
1601;6221
1579;6223
1527;6225
1502;6228
1495;6231
1488;6234
1481;6236
1476;6238
1472;6241
1464;6243
1454;6246
1448;6248
1443;6250
1421;6253
1418;6255
1432;6258
1443;6260
1444;6263
1457;6265
1497;6267
1516;6270
1529;6273
1551;6276
1579;6278
1554;6280
1485;6283
1479;6285
1502;6288
1500;6290
1490;6292
1518;6295
1565;6297
1562;6300
1521;6302
1506;6305
1470;6307
1429;6309
1430;6312
1513;6315
1574;6318
1596;6320
1527;6322
1450;6325
1399;6327
1415;6330
1478;6332
1521;6334
1487;6337
1482;6339
1495;6342
1491;6344
1462;6347
1442;6349
1430;6351
1445;6354
1486;6356
1507;6360
1511;6362
1541;6364
1571;6367
1578;6369
1556;6372
1542;6374
1508;6376
1486;6379
1475;6381
1460;6384
1451;6386
1477;6389
1536;6391
1620;6393
1606;6396
1473;6398
1378;6402
1341;6404
1360;6406
1423;6409
1469;6411
1452;6414
1408;6416
1366;6419
1372;6421
1424;6423
1468;6426
1456;6428
1462;6431
1480;6433
1467;6435
1452;6438
1474;6440
1526;6444
1545;6446
1519;6448
1477;6451
1428;6453
1377;6456
1372;6458
1421;6461
1513;6463
1619;6465
1621;6468
1520;6470
1413;6473
1350;6475
1339;6477
1375;6480
1404;6482
1394;6486
1412;6488
1489;6490
1536;6493
1499;6495
1457;6498
1413;6500
1371;6503
1369;6505
1400;6507
1422;6510
1430;6512
1460;6515
1506;6517
1537;6519
1528;6522
1485;6524
1428;6528
1401;6530
1426;6532
1459;6535
1477;6537
1467;6540
1455;6542
1433;6545
1444;6547
1483;6549
1499;6552
1531;6554
1535;6557
1507;6559
1436;6561
1422;6564
1480;6566
1558;6569
1576;6572
1515;6574
1439;6577
1408;6579
1413;6582
1429;6584
1446;6587
1466;6589
1486;6591
1497;6594
1497;6596
1463;6599
1429;6601
1421;6603
1438;6606
1457;6608
1518;6611
1583;6614
1591;6616
1559;6619
1562;6621
1549;6624
1488;6626
1444;6629
1446;6631
1469;6633
1463;6636
1456;6638
1470;6641
1503;6643
1517;6645
1492;6648
1480;6650
1494;6653
1492;6656
1466;6658
1456;6661
1480;6663
1502;6666
1462;6668
1418;6671
1436;6673
1515;6675
1564;6678
1540;6680
1444;6683
1388;6685
1371;6687
1391;6690
1454;6692
1536;6695
1593;6697
1600;6701
1573;6703
1506;6705
1421;6708
1370;6710
1368;6713
1408;6715
1472;6717
1486;6720
1460;6722
1469;6725
1519;6727
1554;6729
1551;6732
1508;6734
1442;6737
1403;6739
1401;6743
1422;6745
1464;6747
1508;6750
1498;6752
1457;6755
1403;6757
1399;6759
1467;6762
1533;6764
1544;6767
1486;6769
1432;6771
1387;6774
1404;6776
1441;6779
1487;6781
1515;6785
1548;6787
1567;6789
1567;6792
1528;6794
1473;6797
1447;6799
1451;6801
1479;6804
1533;6806
1560;6809
1516;6811
1441;6813
1394;6816
1403;6818
1475;6821
1579;6823
1620;6827
1571;6829
1463;6831
1394;6834
1362;6836
1354;6839
1360;6841
1391;6843
1466;6846
1522;6848
1578;6851
1581;6853
1549;6855
1453;6858
1403;6860
1410;6863
1449;6865
1488;6868
1480;6871
1440;6873
1412;6876
1408;6878
1451;6881
1503;6883
1514;6885
1504;6888
1469;6890
1441;6893
1427;6895
1416;6897
1395;6900
1389;6902
1403;6905
1442;6907
1499;6910
1551;6913
1546;6915
1491;6918
1433;6920
1420;6923
1423;6925
1434;6927
1510;6930
1609;6932
1641;6935
1560;6937
1515;6939
1561;6942
1635;6944
1651;6947
1603;6949
1522;6952
1462;6955
1434;6957
1420;6960
1456;6962
1517;6965
1538;6967
1490;6969
1447;6972
1405;6974
1401;6977
1429;6979
1454;6982
1446;6984
1413;6986
1416;6989
1425;6991
1443;6994
1476;6996
1542;6999
1578;7002
1560;7004
1497;7007
1448;7009
1439;7011
1458;7014
1499;7016
1516;7019
1550;7021
1600;7024
1623;7026
1584;7028
1543;7031
1538;7033
1517;7036
1503;7038
1493;7041
1472;7044
1442;7046
1454;7049
1521;7051
1562;7053
1517;7056
1439;7058
1406;7061
1389;7063
1385;7066
1393;7068
1412;7070
1430;7073
1431;7075
1433;7078
1430;7080
1434;7083
1441;7086
1453;7088
1472;7091
1491;7093
1538;7095
1580;7098
1566;7100
1514;7103
1485;7105
1501;7108
1521;7110
1535;7112
1576;7115
1638;7117
1695;7120
1657;7122
1540;7124
1449;7128
1402;7130
1397;7133
1413;7135
1423;7137
1408;7140
1389;7142
1375;7145
1377;7147
1395;7150
1410;7152
1411;7154
1403;7157
1396;7159
1399;7162
1406;7164
1420;7166
1439;7170
1461;7172
1482;7175
1496;7177
1537;7179
1579;7182
1584;7184
1566;7187
1559;7189
1552;7192
1520;7194
1479;7196
1490;7199
1545;7201
1584;7204
1584;7206
1573;7208
1541;7212
1507;7214
1466;7217
1456;7219
1456;7222
1446;7224
1431;7226
1420;7229
1412;7231
1404;7234
1402;7236
1405;7238
1416;7241
1436;7243
1456;7246
1469;7248
1462;7250
1467;7254
1539;7256
1651;7259
1698;7261
1657;7264
1559;7266
1488;7268
1453;7271
1440;7273
1480;7276
1559;7278
1602;7280
1569;7283
1513;7285
1485;7288
1469;7290
1461;7292
1460;7296
1484;7298
1498;7301
1482;7303
1466;7306
1453;7308
1446;7310
1447;7313
1446;7315
1443;7318
1449;7320
1460;7322
1481;7325
1496;7327
1524;7330
1585;7332
1629;7334
1642;7337
1602;7340
1555;7343
1505;7345
1465;7348
1450;7350
1478;7352
1514;7355
1537;7357
1531;7360
1506;7362
1479;7364
1456;7367
1446;7369
1443;7372
1443;7374
1447;7376
1471;7379
1526;7382
1568;7385
1586;7387
1560;7390
1519;7392
1489;7394
1469;7397
1459;7399
1457;7402
1459;7404
1467;7406
1474;7409
1495;7411
1520;7414
1526;7416
1512;7419
1489;7421
1477;7424
1476;7427
1476;7429
1474;7432
1475;7434
1479;7436
1492;7439
1515;7441
1542;7444
1551;7446
1538;7448
1512;7451
1502;7453
1499;7456
1497;7458
1492;7461
1490;7463
1490;7465
1496;7469
1509;7471
1521;7474
1532;7476
1534;7478
1530;7481
1525;7483
1522;7486
1524;7488
1529;7490
1535;7493
1541;7495
1544;7498
1547;7500
1548;7503
1550;7505
1552;7507
1556;7511
1561;7513
1567;7516
1571;7518
1577;7520
1581;7523
1587;7525
1599;7528
1611;7530
1625;7532
1634;7535
1639;7537
1646;7540
1660;7542
1671;7545
1676;7547
1681;7549
1686;7553
1687;7555
1686;7558
1687;7560
1689;7562
1691;7565
1688;7567
1685;7570
1683;7572
1680;7574
1678;7577
1675;7579
1674;7582
1671;7584
1669;7587
1667;7589
1665;7591
1664;7595
1662;7597
1661;7600
1662;7602
1663;7604
1663;7607
1662;7609
1661;7612
1661;7614
1667;7616
1677;7619
1690;7621
1705;7624
1717;7626
1728;7629
1717;7631
1691;7633
1673;7636
1662;7639
1657;7642
1659;7644
1661;7646
1660;7649
1655;7651
1648;7654
1646;7656
1645;7659
1645;7661
1645;7663
1647;7666
1650;7668
1653;7671
1654;7673
1655;7675
1655;7678
1655;7681
1653;7684
1646;7686
1648;7688
1647;7691
1647;7693
1645;7696
1641;7698
1637;7701
1630;7703
1623;7705
1615;7708
1607;7710
1599;7713
1590;7715
1582;7717
1576;7720
1577;7723
1582;7726
1586;7728
1581;7730
1569;7733
1555;7735
1542;7738
1526;7740
1510;7743
1497;7745
1490;7747
1483;7750
1478;7752
1475;7755
1472;7757
1463;7759
1448;7762
1434;7764
1423;7768
1416;7770
1411;7772
1406;7775
1402;7777
1397;7780
1394;7782
1393;7785
1393;7787
1393;7789
1396;7792
1398;7794
1400;7797
1403;7799
1409;7801
1418;7804
1428;7806
1438;7810
1451;7812
1468;7814
1485;7817
1503;7819
1530;7822
1548;7824
1552;7827
1541;7829
1532;7831
1530;7834
1535;7836
1542;7839
1553;7841
1561;7843
1572;7846
1575;7848
1575;7852
1578;7854
1581;7856
1584;7859
1587;7861
1588;7864
1589;7866
1590;7869
1590;7871
1590;7873
1590;7876
1589;7878
1588;7881
1585;7883
1579;7885
1574;7888
1569;7890
1566;7894
1561;7896
1556;7899
1552;7901
1548;7903
1545;7906
1543;7908
1549;7911
1567;7913
1594;7915
1608;7918
1600;7920
1571;7923
1536;7925
1509;7927
1494;7930
1484;7932
1477;7936
1472;7938
1468;7941
1465;7943
1461;7945
1458;7948
1454;7950
1451;7953
1448;7955
1445;7957
1441;7960
1436;7962
1434;7965
1429;7967
1425;7969
1421;7972
1417;7974
1413;7977
1409;7980
1406;7983
1403;7985
1401;7987
1399;7990
1395;7992
1393;7995
1392;7997
1394;7999
1399;8002
1401;8004
1398;8007
1389;8009
1380;8011
1375;8014
1370;8016
1368;8019
1366;8022
1367;8025
1366;8027
1368;8029
1370;8032
1378;8034
1386;8037
1390;8039
1390;8041
1387;8044
1381;8046
1379;8049
1379;8051
1385;8053
1392;8056
1397;8058
1399;8061
1395;8064
1390;8067
1389;8069
1390;8071
1391;8074
1393;8076
1394;8079
1394;8081
1394;8083
1395;8086
1395;8088
1395;8091
1395;8093
1396;8095
1399;8098
1403;8100
1405;8103
1403;8105
1400;8109
1398;8111
1397;8113
1397;8116
1397;8118
1398;8121
1401;8123
1408;8125
1417;8128
1424;8130
1423;8133
1421;8135
1420;8138
1422;8140
1424;8142
1422;8145
1414;8147
1406;8151
1399;8153
1393;8155
1389;8158
1388;8160
1386;8163
1386;8165
1385;8167
1386;8170
1386;8172
1385;8175
1386;8177
1386;8180
1387;8182
1390;8184
1394;8187
1398;8189
1401;8193
1402;8195
1403;8197
1405;8200
1408;8202
1410;8205
1412;8207
1413;8209
1417;8212
1419;8214
1422;8217
1423;8219
1422;8222
1424;8224
1425;8226
1426;8229
1427;8231
1426;8235
1425;8237
1424;8239
1424;8242
1425;8244
1428;8247
1431;8249
1435;8251
1436;8254
1436;8256
1434;8259
1432;8261
1432;8264
1434;8266
1437;8268
1441;8271
1445;8273
1449;8276
1452;8279
1453;8281
1452;8284
1449;8286
1447;8289
1448;8291
1451;8293
1454;8296
1454;8298
1450;8301
1449;8303
1451;8306
1453;8308
1452;8310
1447;8313
1445;8315
1445;8318
1445;8321
1444;8323
1441;8326
1439;8328
1438;8331
1437;8333
1438;8336
1440;8338
1442;8340
1442;8343
1441;8345
1439;8348
1437;8350
1437;8352
1437;8355
1437;8357
1439;8360
1441;8363
1441;8365
1440;8368
1438;8370
1439;8373
1442;8375
1444;8378
1446;8380
1441;8382
1436;8385
1433;8387
1431;8390
1431;8392
1431;8394
1433;8397
1435;8399
1436;8402
1436;8404
1436;8407
1436;8410
1435;8412
1433;8415
1429;8417
1426;8420
1425;8422
1424;8424
1424;8427
1425;8429
1426;8432
1428;8434
1430;8436
1432;8439
1433;8441
1434;8444
1433;8446
1433;8449
1433;8452
1437;8454
1442;8457
1446;8459
1445;8462
1442;8464
1437;8466
1434;8469
1434;8471
1434;8474
1434;8476
1434;8478
1432;8481
1429;8483
1429;8486
1430;8488
1434;8491
1437;8494
1437;8496
1435;8499
1432;8501
1430;8504
1428;8506
1426;8508
1424;8511
1422;8513
1422;8516
1422;8518
1423;8520
1424;8523
1425;8525
1426;8528
1425;8530
1425;8534
1427;8536
1428;8538
1429;8541
1427;8543
1426;8546
1427;8548
1430;8550
1435;8553
1443;8555
1450;8558
1453;8560
1451;8562
1448;8565
1445;8567
1444;8570
1443;8572
1439;8576
1435;8578
1434;8580
1431;8583
1430;8585
1429;8588
1431;8590
1435;8592
1439;8595
1441;8597
1442;8600
1441;8602
1441;8604
1439;8607
1437;8609
1437;8612
1437;8614
1436;8617
1436;8620
1435;8622
1435;8625
1435;8627
1436;8630
1437;8632
1440;8634
1445;8637
1449;8639
1452;8642
1452;8644
1449;8646
1446;8649
1443;8651
1441;8654
1440;8656
1439;8659
1441;8662
1450;8664
1462;8667
1469;8669
1474;8672
1467;8674
1456;8676
1450;8679
1445;8681
1443;8684
1441;8686
1441;8688
1441;8691
1443;8693
1447;8696
1452;8698
1455;8701
1456;8704
1455;8706
1452;8709
1447;8711
1444;8714
1442;8716
1442;8718
1444;8721
1448;8723
1450;8726
1450;8728
1448;8731
1445;8733
1442;8735
1442;8738
1441;8740
1441;8743
1441;8745
1442;8748
1444;8751
1447;8753
1452;8756
1455;8758
1457;8760
1454;8763
1451;8765
1450;8768
1451;8770
1451;8773
1450;8775
1451;8777
1454;8780
1456;8782
1455;8785
1454;8787
1453;8790
1451;8793
1450;8795
1451;8798
1453;8800
1454;8802
1455;8805
1453;8807
1451;8810
1448;8812
1446;8815
1444;8817
1444;8819
1443;8822
1442;8824
1442;8827
1442;8829
1443;8832
1444;8835
1444;8837
1445;8840
1447;8842
1450;8844
1455;8847
1458;8849
1460;8852
1460;8854
1458;8857
1455;8859
1455;8861
1455;8864
1455;8866
1456;8869
1454;8871
1455;8873
1455;8877
1455;8879
1456;8882
1459;8884
1464;8886
1469;8889
1475;8891
1477;8894
1477;8896
1473;8899
1469;8901
1464;8903
1462;8906
1460;8908
1459;8911
1460;8913
1461;8915
1462;8919
1460;8921
1456;8924
1454;8926
1453;8929
1453;8931
1456;8933
1459;8936
1464;8938
1468;8941
1470;8943
1470;8945
1467;8948
1462;8950
1459;8953
1457;8955
1456;8957
1456;8961
1456;8963
1457;8966
1457;8968
1461;8971
1468;8973
1479;8975
1488;8978
1491;8980
1488;8983
1480;8985
1475;8987
1470;8990
1466;8992
1463;8995
1460;8997
1459;8999
1457;9003
1457;9005
1457;9008
1457;9010
1457;9013
1458;9015
1459;9017
1460;9020
1462;9022
1465;9025
1470;9027
1473;9029
1476;9032
1477;9034
1478;9037
1479;9039
1478;9041
1476;9044
1471;9047
1467;9050
1464;9052
1462;9055
1461;9057
1461;9059
1461;9062
1461;9064
1461;9067
1462;9069
1463;9071
1466;9074
1470;9076
1475;9079
1477;9081
1479;9083
1480;9086
1479;9089
1478;9092
1474;9094
1472;9097
1471;9099
1468;9101
1466;9104
1465;9106
1464;9109
1464;9111
1465;9113
1466;9116
1469;9118
1472;9121
1477;9123
1480;9125
1482;9128
1481;9131
1478;9134
1477;9136
1475;9139
1474;9141
1472;9143
1471;9146
1472;9148
1474;9151
1477;9153
1480;9155
1483;9158
1485;9160
1485;9163
1484;9165
1483;9168
1482;9170
1482;9172
1480;9176
1476;9178
1475;9181
1474;9183
1475;9185
1476;9188
1477;9190
1478;9193
1478;9195
1479;9197
1481;9200
1482;9202
1481;9205
1480;9207
1482;9210
1488;9212
1494;9214
1496;9218
1493;9220
1488;9223
1484;9225
1483;9227
1484;9230
1483;9232
1481;9235
1480;9237
1481;9239
1481;9242
1481;9244
1482;9247
1484;9249
1485;9252
1485;9254
1481;9256
1476;9260
1473;9262
1471;9265
1471;9267
1471;9269
1473;9272
1473;9274
1473;9277
1474;9279
1476;9281
1478;9284
1477;9286
1479;9289
1481;9291
1482;9294
1479;9296
1476;9298
1473;9302
1470;9304
1470;9307
1471;9309
1472;9311
1474;9314
1474;9316
1473;9319
1471;9321
1470;9324
1470;9326
1467;9328
1466;9331
1467;9333
1467;9336
1468;9338
1467;9340
1466;9344
1466;9346
1466;9349
1467;9351
1469;9353
1470;9356
1471;9358
1469;9361
1468;9363
1468;9366
1469;9368
1471;9370
1472;9373
1473;9375
1473;9378
1475;9380
1477;9382
1477;9385
1477;9388
1477;9391
1477;9393
1478;9395
1478;9398
1476;9400
1472;9403
1469;9405
1468;9408
1470;9410
1472;9412
1474;9415
1476;9417
1477;9420
1478;9422
1478;9424
1478;9427
1477;9430
1475;9433
1472;9435
1471;9437
1471;9440
1473;9442
1475;9445
1475;9447
1474;9450
1474;9452
1474;9454
1475;9457
1476;9459
1477;9462
1479;9464
1481;9466
1484;9469
1485;9472
1485;9475
1485;9477
1485;9480
1486;9482
1486;9484
1485;9487
1485;9489
1485;9492
1484;9494
1484;9496
1485;9499
1486;9501
1487;9504
1488;9506
1492;9508
1496;9511
1500;9513
1503;9517
1503;9519
1501;9522
1496;9524
1491;9526
1489;9529
1489;9531
1492;9534
1496;9536
1501;9538
1502;9541
1501;9543
1496;9546
1493;9548
1491;9550
1489;9553
1487;9555
1486;9559
1485;9561
1485;9564
1486;9566
1486;9568
1487;9571
1488;9573
1488;9576
1487;9578
1486;9580
1486;9583
1487;9585
1488;9588
1489;9590
1490;9592
1489;9595
1488;9597
1487;9601
1488;9603
1489;9606
1490;9608
1491;9610
1491;9613
1491;9615
1491;9618
1492;9620
1491;9622
1490;9625
1489;9627
1487;9630
1486;9632
1485;9634
1486;9637
1487;9639
1491;9643
1498;9645
1503;9648
1505;9650
1499;9652
1492;9655
1486;9657
1484;9660
1483;9662
1482;9664
1482;9667
1482;9669
1482;9672
1484;9674
1486;9677
1489;9679
1489;9681
1488;9684
1486;9687
1485;9690
1485;9692
1485;9694
1486;9697
1486;9699
1487;9702
1487;9704
1487;9706
1488;9709
1488;9711
1488;9714
1489;9716
1489;9719
1491;9721
1491;9723
1493;9726
1494;9729
1496;9732
1497;9734
1497;9736
1496;9739
1494;9741
1492;9744
1494;9746
1497;9748
1499;9751
1498;9753
1494;9756
1489;9758
1486;9761
1485;9763
1484;9765
1483;9768
1483;9771
1484;9774
1485;9776
1487;9778
1489;9781
1489;9783
1490;9786
1490;9788
1490;9790
1491;9793
1491;9795
1491;9798
1491;9800
1489;9803
1487;9805
1485;9807
1484;9810
1483;9812
1485;9816
1486;9818
1489;9820
1491;9823
1493;9825
1494;9828
1494;9830
1492;9832
1490;9835
1486;9837
1483;9840
1480;9842
1478;9845
1476;9847
