1526;2
1525;4
1524;7
1527;9
1533;11
1536;13
1540;16
1540;18
1535;20
1529;23
1529;25
1532;27
1536;30
1537;32
1534;34
1526;37
1524;39
1526;41
1530;44
1532;47
1535;49
1536;51
1538;54
1535;56
1532;58
1529;61
1526;63
1525;65
1525;68
1527;70
1526;72
1526;75
1524;77
1521;79
1520;81
1517;84
1517;87
1519;89
1523;92
1524;94
1524;96
1523;99
1523;101
1523;103
1524;106
1522;108
1525;110
1532;113
1535;115
1535;117
1532;120
1523;122
1513;125
1508;128
1506;130
1506;133
1507;135
1509;137
1510;140
1510;142
1513;144
1519;147
1521;149
1520;152
1522;154
1519;156
1518;159
1513;161
1515;163
1523;166
1532;168
1540;171
1547;174
1542;176
1529;179
1525;181
1524;183
1524;186
1526;188
1529;190
1531;193
1532;195
1533;197
1531;200
1528;202
1525;204
1524;207
1525;209
1528;212
1530;215
1532;217
1534;220
1536;222
1538;224
1537;227
1531;229
1527;231
1523;234
1524;236
1528;239
1530;241
1529;243
1524;246
1521;248
1516;250
1513;253
1511;256
1511;258
1512;261
1514;263
1518;266
1517;268
1511;270
1509;273
1509;275
1508;277
1507;280
1507;282
1509;284
1516;287
1521;289
1524;292
1518;294
1513;296
1504;300
1500;302
1499;304
1499;307
1502;309
1505;311
1507;314
1509;316
1508;319
1507;321
1504;323
1500;326
1495;328
1494;330
1492;333
1492;335
1493;337
1494;340
1496;343
1498;346
1499;348
1499;350
1498;353
1497;355
1496;357
1497;360
1497;362
1500;364
1502;367
1500;369
1499;372
1499;374
1498;376
1500;379
1503;381
1505;384
1510;387
1513;389
1517;391
1519;394
1521;396
1517;399
1507;401
1500;403
1495;406
1489;408
1487;410
1487;413
1487;415
1485;417
1485;420
1486;422
1489;425
1490;428
1487;430
1481;433
1478;435
1478;437
1480;440
1482;442
1483;444
1482;447
1480;449
1479;452
1479;454
1480;456
1481;459
1483;461
1485;463
1485;466
1484;468
1481;471
1482;474
1485;476
1488;479
1491;481
1492;483
1494;486
1497;488
1496;490
1497;493
1496;495
1494;497
1493;500
1495;502
1498;505
1499;507
1502;509
1499;513
1492;515
1490;517
1487;520
1487;522
1489;524
1491;527
1490;529
1489;532
1487;534
1485;536
1484;539
1486;541
1488;543
1490;546
1492;548
1492;550
1495;553
1498;556
1499;559
1499;561
1498;563
1499;566
1503;568
1509;570
1519;573
1531;575
1534;577
1523;580
1512;582
1510;585
1513;587
1517;589
1516;592
1507;594
1500;596
1498;600
1497;602
1497;604
1493;607
1490;609
1488;612
1487;614
1486;616
1487;619
1488;621
1488;623
1489;626
1490;628
1490;630
1488;633
1486;635
1485;638
1488;641
1496;643
1507;646
1521;648
1525;650
1518;653
1510;655
1506;657
1497;660
1489;662
1487;665
1488;667
1493;669
1499;672
1500;674
1493;676
1489;679
1484;681
1480;684
1481;687
1480;689
1480;692
1481;694
1483;696
1486;699
1489;701
1489;703
1486;706
1485;708
1486;710
1490;713
1492;715
1496;718
1502;720
1501;722
1499;726
1498;728
1499;730
1500;733
1505;735
1509;737
1509;740
1508;742
1508;745
1508;747
1509;749
1508;752
1504;754
1502;756
1498;759
1499;761
1502;763
1501;766
1499;769
1497;772
1497;774
1496;776
1497;779
1495;781
1492;783
1487;786
1483;788
1481;790
1478;793
1477;795
1477;798
1479;800
1483;802
1489;805
1493;807
1498;809
1500;813
1496;815
1494;817
1495;820
1495;822
1494;825
1492;827
1491;829
1491;832
1490;834
1490;836
1487;839
1483;841
1480;843
1478;846
1475;848
1474;851
1473;854
1474;856
1475;859
1475;861
1475;863
1474;866
1472;868
1472;870
1472;873
1471;875
1470;878
1471;880
1474;882
1474;885
1476;887
1482;889
1483;892
1490;894
1494;897
1490;900
1486;902
1484;905
1481;907
1481;909
1481;912
1479;914
1478;916
1477;919
1479;921
1483;923
1481;926
1478;928
1475;931
1471;933
1470;935
1472;939
1473;941
1475;943
1475;946
1475;948
1476;950
1476;953
1477;955
1478;958
1478;960
1482;962
1486;965
1489;967
1489;969
1490;972
1493;974
1497;976
1497;979
1496;982
1496;985
1496;987
1494;989
1491;992
1489;994
1488;996
1489;999
1490;1001
1494;1003
1496;1006
1494;1008
1492;1011
1493;1013
1493;1016
1492;1018
1492;1020
1490;1024
1484;1026
1482;1029
1483;1031
1485;1033
1488;1036
1488;1038
1490;1041
1491;1043
1491;1046
1494;1048
1497;1050
1496;1053
1488;1055
1481;1058
1479;1060
1479;1062
1480;1065
1482;1068
1484;1071
1488;1073
1488;1075
1483;1078
1480;1080
1479;1083
1482;1085
1486;1088
1490;1090
1495;1092
1499;1095
1496;1097
1494;1100
1493;1102
1493;1104
1493;1107
1490;1110
1487;1113
1484;1115
1482;1117
1482;1120
1482;1122
1483;1125
1486;1127
1486;1130
1489;1132
1494;1134
1499;1137
1507;1139
1510;1142
1511;1144
1504;1146
1497;1149
1494;1152
1495;1155
1494;1157
1492;1159
1492;1162
1490;1164
1487;1167
1486;1169
1488;1172
1489;1174
1491;1176
1492;1179
1494;1181
1499;1184
1506;1186
1507;1188
1504;1191
1498;1193
1495;1197
1492;1199
1486;1201
1483;1204
1482;1206
1480;1209
1479;1211
1479;1214
1480;1216
1483;1218
1486;1221
1490;1223
1493;1226
1491;1228
1487;1230
1485;1233
1483;1235
1484;1239
1485;1241
1482;1243
1483;1246
1482;1248
1482;1251
1482;1253
1483;1256
1483;1258
1484;1260
1486;1263
1490;1265
1493;1268
1499;1270
1499;1272
1493;1275
1491;1277
1492;1281
1491;1283
1491;1286
1489;1288
1489;1290
1494;1293
1498;1295
1500;1298
1499;1300
1495;1302
1493;1305
1495;1307
1497;1310
1496;1312
1493;1314
1491;1317
1489;1319
1489;1323
1488;1325
1488;1328
1488;1330
1491;1332
1495;1335
1498;1337
1498;1340
1498;1342
1496;1344
1492;1347
1492;1349
1494;1352
1500;1354
1504;1356
1502;1359
1500;1361
1497;1364
1498;1367
1499;1370
1499;1372
1501;1374
1504;1377
1510;1379
1521;1382
1524;1384
1517;1386
1508;1389
1509;1391
1511;1394
1515;1396
1516;1398
1516;1401
1515;1403
1506;1406
1498;1409
1486;1412
1482;1414
1483;1416
1483;1419
1483;1421
1479;1424
1481;1426
1488;1428
1491;1431
1494;1433
1495;1436
1498;1438
1500;1440
1505;1443
1506;1445
1493;1448
1485;1451
1486;1454
1492;1456
1502;1458
1507;1461
1507;1463
1511;1466
1518;1468
1509;1470
1507;1473
1510;1475
1523;1478
1540;1480
1567;1482
1578;1485
1557;1487
1535;1490
1521;1492
1511;1496
1503;1498
1514;1500
1530;1503
1546;1505
1562;1508
1568;1510
1545;1512
1515;1515
1498;1517
1495;1520
1505;1522
1519;1524
1531;1527
1514;1529
1502;1532
1496;1534
1471;1538
1458;1540
1468;1542
1493;1545
1511;1547
1515;1550
1511;1552
1500;1554
1502;1557
1503;1559
1491;1562
1487;1564
1484;1567
1484;1569
1483;1571
1486;1574
1499;1576
1513;1580
1521;1582
1541;1584
1553;1587
1574;1589
1584;1592
1566;1594
1545;1596
1518;1599
1508;1601
1492;1604
1482;1606
1476;1609
1470;1611
1471;1613
1476;1616
1492;1618
1508;1622
1510;1624
1508;1626
1495;1629
1490;1631
1477;1634
1472;1636
1475;1638
1476;1641
1483;1643
1494;1646
1501;1648
1504;1651
1496;1653
1465;1655
1447;1658
1446;1660
1451;1664
1457;1666
1459;1668
1440;1671
1434;1673
1427;1676
1416;1678
1412;1680
1415;1683
1425;1685
1435;1688
1448;1690
1448;1693
1428;1695
1417;1697
1404;1700
1392;1702
1387;1705
1379;1708
1373;1710
1370;1713
1370;1715
1375;1718
1381;1720
1384;1722
1378;1725
1382;1727
1394;1730
1419;1732
1444;1735
1443;1737
1417;1739
1409;1742
1413;1744
1426;1747
1450;1750
1470;1752
1473;1755
1473;1757
1475;1760
1479;1762
1480;1765
1494;1767
1506;1769
1495;1772
1472;1774
1458;1777
1452;1779
1447;1781
1442;1784
1436;1786
1434;1789
1438;1792
1446;1794
1454;1797
1462;1799
1458;1802
1444;1804
1441;1807
1442;1809
1436;1811
1443;1814
1462;1816
1476;1819
1474;1821
1458;1823
1441;1826
1431;1828
1425;1831
1429;1833
1434;1836
1444;1839
1450;1841
1463;1844
1468;1846
1454;1849
1448;1851
1446;1853
1444;1856
1439;1858
1441;1861
1451;1863
1470;1865
1488;1868
1507;1870
1494;1873
1471;1875
1462;1878
1459;1881
1457;1883
1450;1886
1451;1888
1465;1891
1479;1893
1498;1895
1508;1898
1508;1900
1485;1903
1476;1905
1470;1907
1462;1910
1466;1912
1485;1915
1500;1917
1523;1920
1525;1923
1498;1925
1478;1928
1466;1930
1461;1933
1462;1935
1463;1937
1464;1940
1460;1942
1458;1945
1456;1947
1455;1949
1457;1952
1458;1954
1460;1957
1465;1959
1480;1963
1494;1965
1508;1967
1511;1970
1488;1972
1469;1975
1465;1977
1462;1979
1464;1982
1472;1984
1487;1987
1499;1989
1499;1991
1498;1994
1504;1996
1517;1999
1515;2001
1507;2004
1497;2007
1494;2009
1493;2012
1497;2014
1499;2017
1487;2019
1475;2021
1469;2024
1466;2026
1465;2029
1463;2031
1460;2033
1459;2036
1459;2038
1459;2041
1460;2043
1461;2046
1463;2049
1464;2051
1464;2054
1465;2056
1473;2059
1482;2061
1501;2063
1519;2066
1517;2068
1507;2071
1505;2073
1514;2075
1518;2078
1517;2080
1519;2083
1510;2085
1510;2088
1507;2091
1500;2093
1504;2096
1509;2098
1502;2101
1488;2103
1483;2105
1481;2108
1480;2110
1479;2113
1479;2115
1480;2117
1481;2120
1482;2122
1483;2125
1484;2127
1485;2130
1489;2132
1492;2135
1499;2138
1510;2140
1522;2143
1526;2145
1520;2147
1505;2150
1502;2152
1504;2155
1508;2157
1508;2160
1506;2162
1508;2164
1513;2167
1518;2169
1516;2172
1516;2174
1517;2177
1510;2180
1507;2182
1505;2185
1504;2187
1504;2189
1506;2192
1502;2194
1493;2197
1489;2199
1488;2202
1488;2204
1488;2206
1488;2209
1487;2211
1489;2214
1492;2216
1499;2219
1511;2222
1518;2224
1521;2227
1519;2229
1515;2231
1512;2234
1514;2236
1517;2239
1518;2241
1513;2244
1510;2246
1506;2248
1506;2251
1508;2253
1507;2256
1510;2258
1510;2260
1505;2264
1510;2266
1519;2269
1538;2271
1535;2273
1521;2276
1513;2278
1509;2281
1505;2283
1503;2286
1501;2288
1501;2290
1502;2293
1504;2295
1507;2298
1512;2300
1514;2302
1517;2306
1515;2308
1516;2311
1528;2313
1544;2315
1550;2318
1541;2320
1533;2323
1528;2325
1524;2328
1523;2330
1525;2332
1531;2335
1539;2337
1538;2340
1530;2342
1523;2344
1519;2348
1516;2350
1514;2353
1511;2355
1509;2357
1505;2360
1502;2362
1503;2365
1504;2367
1502;2370
1501;2372
1499;2374
1497;2377
1495;2379
1494;2382
1494;2384
1498;2386
1498;2390
1498;2392
1502;2395
1510;2397
1513;2400
1507;2402
1494;2404
1485;2407
1481;2409
1478;2412
1476;2414
1478;2416
1482;2419
1482;2421
1483;2424
1481;2426
1477;2428
1470;2432
1471;2434
1483;2437
1502;2439
1525;2442
1533;2444
1526;2446
1518;2449
1507;2451
1497;2454
1498;2456
1507;2458
1523;2461
1528;2463
1524;2466
1529;2468
1536;2470
1535;2473
1545;2476
1586;2479
1634;2481
1687;2484
1707;2486
1676;2488
1638;2491
1602;2493
1583;2496
1567;2498
1551;2500
1540;2503
1539;2505
1546;2508
1559;2510
1557;2512
1547;2515
1548;2518
1542;2521
1547;2523
1559;2526
1571;2528
1573;2530
1582;2533
1580;2535
1601;2538
1604;2540
1578;2542
1539;2545
1511;2547
1489;2550
1479;2552
1462;2555
1433;2557
1407;2560
1395;2563
1403;2565
1438;2568
1483;2570
1521;2572
1557;2575
1549;2577
1525;2580
1517;2582
1515;2584
1525;2587
1558;2589
1560;2592
1523;2594
1500;2597
1486;2599
1489;2601
1490;2605
1470;2607
1457;2610
1467;2612
1492;2614
1514;2617
1533;2619
1519;2622
1483;2624
1459;2626
1452;2629
1461;2631
1473;2634
1508;2636
1542;2639
1551;2641
1532;2643
1482;2647
1438;2649
1415;2652
1422;2654
1449;2656
1486;2659
1507;2661
1479;2664
1452;2666
1435;2668
1438;2671
1450;2673
1437;2676
1450;2678
1477;2681
1498;2683
1490;2685
1446;2689
1409;2691
1395;2694
1393;2696
1405;2698
1423;2701
1434;2703
1418;2706
1402;2708
1390;2710
1393;2713
1407;2715
1432;2718
1470;2720
1454;2723
1420;2725
1418;2727
1421;2731
1422;2733
1424;2736
1427;2738
1434;2740
1446;2743
1444;2745
1430;2748
1438;2750
1481;2752
1487;2755
1451;2757
1444;2760
1438;2762
1428;2765
1413;2767
1399;2769
1407;2772
1413;2775
1396;2778
1381;2780
1370;2782
1397;2785
1449;2787
1477;2790
1486;2792
1446;2794
1434;2797
1451;2799
1464;2802
1466;2804
1449;2807
1440;2809
1440;2811
1440;2814
1449;2817
1466;2820
1461;2822
1462;2824
1467;2827
1473;2829
1440;2832
1405;2834
1402;2836
1411;2839
1425;2841
1425;2844
1431;2846
1454;2849
1475;2851
1477;2853
1459;2856
1457;2859
1467;2862
1483;2864
1500;2866
1537;2869
1541;2871
1495;2874
1453;2876
1444;2878
1455;2881
1470;2883
1475;2886
1469;2888
1453;2891
1441;2893
1465;2895
1490;2898
1472;2900
1451;2904
1446;2906
1423;2908
1414;2911
1416;2913
1431;2916
1465;2918
1496;2921
1481;2923
1439;2925
1421;2928
1418;2930
1424;2933
1423;2935
1434;2937
1457;2940
1453;2942
1445;2946
1439;2948
1438;2950
1447;2953
1479;2955
1495;2958
1495;2960
1467;2963
1432;2965
1418;2967
1425;2970
1465;2972
1507;2975
1510;2977
1473;2979
1456;2982
1442;2984
1439;2988
1441;2990
1447;2992
1446;2995
1441;2997
1445;3000
1422;3002
1398;3005
1394;3007
1408;3009
1438;3012
1453;3014
1448;3017
1443;3019
1430;3021
1407;3024
1396;3026
1391;3030
1396;3032
1414;3034
1437;3037
1467;3039
1487;3042
1455;3044
1424;3047
1425;3049
1437;3051
1444;3054
1446;3056
1435;3059
1440;3061
1437;3063
1422;3066
1405;3068
1399;3072
1394;3074
1404;3076
1408;3079
1396;3081
1403;3084
1418;3086
1455;3089
1504;3091
1541;3093
1535;3096
1532;3098
1496;3101
1484;3103
1473;3105
1471;3108
1478;3110
1476;3113
1500;3116
1492;3119
1450;3121
1429;3123
1433;3126
1441;3128
1447;3131
1462;3133
1469;3135
1459;3138
1450;3140
1441;3143
1429;3145
1426;3147
1435;3150
1452;3152
1482;3155
1507;3158
1525;3161
1567;3163
1589;3165
1542;3168
1511;3170
1500;3173
1484;3175
1489;3177
1496;3180
1509;3182
1527;3185
1560;3187
1541;3189
1507;3192
1481;3194
1460;3197
1451;3200
1451;3203
1454;3205
1448;3207
1446;3210
1462;3212
1461;3215
1456;3217
1453;3219
1445;3222
1447;3224
1455;3227
1463;3229
1463;3231
1471;3234
1504;3236
1523;3239
1527;3241
1516;3245
1511;3247
1524;3249
1542;3252
1559;3254
1538;3257
1493;3259
1484;3261
1483;3264
1485;3266
1501;3269
1503;3271
1490;3273
1484;3276
1492;3278
1505;3281
1519;3283
1519;3287
1510;3289
1504;3291
1495;3294
1487;3296
1472;3299
1463;3301
1460;3303
1473;3306
1479;3308
1462;3311
1444;3313
1437;3315
1437;3318
1440;3320
1449;3323
1461;3325
1488;3329
1490;3331
1465;3333
1459;3336
1444;3338
1447;3341
1451;3343
1432;3345
1436;3348
1459;3350
1470;3353
1479;3355
1498;3358
1495;3360
1497;3362
1483;3365
1465;3367
1460;3371
1458;3373
1470;3375
1499;3378
1529;3380
1538;3383
1541;3385
1524;3387
1477;3390
1442;3392
1440;3395
1441;3397
1448;3400
1456;3402
1473;3404
1483;3407
1484;3409
1487;3412
1491;3415
1492;3417
1479;3420
1476;3422
1490;3425
1502;3427
1523;3429
1542;3432
1540;3434
1542;3437
1534;3439
1517;3442
1511;3444
1495;3446
1479;3449
1476;3451
1471;3454
1460;3457
1471;3459
1503;3462
1519;3464
1516;3467
1512;3469
1486;3471
1490;3474
1483;3476
1467;3479
1458;3481
1465;3484
1496;3486
1516;3488
1506;3491
1483;3493
1475;3496
1477;3499
1501;3501
1513;3504
1521;3506
1537;3509
1555;3511
1560;3513
1528;3516
1499;3518
1473;3521
1460;3523
1466;3526
1465;3528
1473;3530
1474;3533
1469;3535
1463;3538
1461;3540
1470;3543
1505;3546
1533;3548
1541;3551
1554;3553
1563;3556
1571;3558
1553;3560
1521;3563
1504;3565
1502;3568
1502;3570
1487;3572
1477;3575
1474;3577
1480;3580
1492;3582
1504;3585
1515;3588
1508;3590
1487;3593
1478;3595
1482;3598
1487;3600
1485;3602
1476;3605
1457;3607
1459;3610
1469;3612
1484;3614
1496;3617
1492;3619
1496;3622
1514;3624
1551;3627
1582;3630
1587;3632
1580;3635
1558;3637
1528;3640
1507;3642
1481;3644
1469;3647
1471;3649
1473;3652
1471;3654
1478;3656
1486;3659
1485;3661
1478;3664
1482;3666
1493;3668
1515;3672
1537;3674
1532;3677
1520;3679
1521;3682
1511;3684
1507;3686
1520;3689
1511;3691
1499;3694
1502;3696
1524;3698
1545;3701
1575;3703
1574;3706
1572;3708
1566;3710
1543;3714
1522;3716
1513;3719
1507;3721
1509;3724
1522;3726
1543;3728
1564;3731
1561;3733
1554;3736
1523;3738
1492;3740
1466;3743
1443;3745
1438;3748
1444;3750
1479;3752
1514;3756
1516;3758
1523;3761
1539;3763
1566;3766
1594;3768
1584;3770
1584;3773
1577;3775
1532;3778
1507;3780
1497;3782
1496;3785
1494;3787
1503;3790
1520;3792
1513;3795
1508;3798
1498;3800
1498;3803
1514;3805
1517;3808
1529;3810
1540;3812
1536;3815
1527;3817
1525;3820
1510;3822
1507;3824
1523;3827
1561;3829
1580;3832
1575;3834
1555;3837
1548;3840
1530;3842
1541;3845
1553;3847
1539;3850
1519;3852
1509;3854
1505;3857
1499;3859
1479;3862
1469;3864
1472;3866
1484;3869
1491;3871
1477;3874
1456;3876
1454;3879
1467;3881
1485;3884
1490;3887
1491;3889
1502;3892
1500;3894
1487;3896
1477;3899
1480;3901
1481;3904
1486;3906
1478;3908
1479;3911
1503;3913
1541;3916
1559;3918
1539;3921
1524;3923
1526;3926
1519;3929
1517;3931
1513;3934
1515;3936
1504;3938
1501;3941
1494;3943
1486;3946
1493;3948
1499;3950
1511;3953
1515;3955
1492;3958
1481;3960
1480;3963
1491;3965
1503;3968
1503;3971
1496;3973
1476;3976
1472;3978
1482;3980
1501;3983
1532;3985
1536;3988
1519;3990
1526;3992
1550;3995
1558;3997
1561;4000
1570;4002
1530;4005
1495;4007
1494;4009
1505;4013
1524;4015
1550;4018
1555;4020
1556;4022
1534;4025
1504;4027
1486;4030
1479;4032
1483;4035
1485;4037
1492;4039
1478;4042
1462;4044
1452;4047
1446;4049
1442;4051
1453;4055
1474;4057
1494;4060
1508;4062
1494;4064
1487;4067
1497;4069
1513;4072
1520;4074
1524;4077
1501;4079
1473;4081
1473;4084
1484;4086
1494;4089
1494;4091
1496;4093
1496;4097
1489;4099
1482;4102
1492;4104
1507;4106
1528;4109
1528;4111
1500;4114
1485;4116
1473;4119
1461;4121
1455;4123
1451;4126
1452;4128
1469;4131
1477;4133
1470;4135
1466;4139
1469;4141
1485;4144
1490;4146
1483;4148
1484;4151
1484;4153
1483;4156
1483;4158
1496;4161
1509;4163
1509;4165
1514;4168
1501;4170
1497;4173
1502;4175
1501;4177
1501;4180
1511;4183
1489;4186
1464;4188
1462;4190
1448;4193
1441;4195
1456;4198
1489;4200
1516;4203
1537;4205
1539;4207
1542;4210
1536;4212
1530;4215
1541;4217
1531;4219
1516;4222
1503;4225
1475;4228
1465;4230
1456;4232
1448;4235
1438;4237
1437;4240
1439;4242
1445;4245
1454;4247
1478;4249
1512;4252
1540;4254
1563;4257
1552;4259
1516;4261
1505;4264
1500;4267
1519;4270
1538;4272
1541;4274
1543;4277
1522;4279
1507;4282
1505;4284
1522;4287
1526;4289
1512;4291
1488;4294
1486;4296
1486;4299
1487;4301
1488;4303
1498;4306
1497;4308
1489;4312
1489;4314
1495;4317
1484;4319
1472;4321
1469;4324
1466;4326
1478;4329
1499;4331
1516;4333
1528;4336
1527;4338
1522;4341
1532;4343
1548;4345
1550;4348
1542;4350
1518;4354
1511;4356
1517;4359
1520;4361
1527;4363
1522;4366
1513;4368
1498;4371
1489;4373
1483;4375
1470;4378
1470;4380
1468;4383
1464;4385
1461;4387
1467;4390
1474;4392
1475;4396
1484;4398
1513;4401
1539;4403
1526;4405
1523;4408
1523;4410
1512;4413
1498;4415
1480;4417
1465;4420
1452;4422
1457;4425
1460;4427
1454;4429
1456;4432
1457;4434
1466;4438
1475;4440
1468;4443
1469;4445
1500;4447
1512;4450
1519;4452
1513;4455
1466;4457
1449;4459
1441;4462
1436;4464
1441;4467
1449;4469
1459;4471
1468;4474
1460;4476
1458;4480
1463;4482
1473;4485
1492;4487
1505;4489
1523;4492
1529;4494
1527;4497
1497;4499
1469;4501
1464;4504
1453;4506
1460;4509
1455;4511
1441;4513
1438;4516
1445;4518
1446;4521
1454;4524
1440;4527
1431;4529
1426;4531
1413;4534
1407;4536
1429;4539
1457;4541
1476;4543
1482;4546
1475;4548
1469;4551
1468;4553
1470;4556
1465;4558
1448;4560
1433;4563
1415;4566
1399;4569
1394;4571
1399;4573
1403;4576
1409;4578
1411;4581
1413;4583
1417;4585
1437;4588
1473;4590
1502;4593
1508;4595
1491;4598
1463;4600
1432;4602
1434;4605
1446;4608
1463;4611
1461;4613
1446;4615
1447;4618
1441;4620
1458;4623
1492;4625
1505;4627
1505;4630
1495;4632
1478;4635
1472;4637
1466;4640
1466;4642
1481;4644
1492;4647
1490;4649
1479;4653
1458;4655
1442;4657
1435;4660
1433;4662
1437;4665
1452;4667
1463;4669
1465;4672
1454;4674
1464;4677
1478;4679
1525;4682
1561;4684
1560;4686
1549;4689
1499;4691
1484;4695
1484;4697
1496;4699
1518;4702
1530;4704
1550;4707
1521;4709
1476;4712
1455;4714
1442;4716
1440;4719
1452;4721
1469;4724
1475;4726
1471;4728
1478;4731
1490;4733
1508;4737
1506;4739
1502;4741
1493;4744
1480;4746
1487;4749
1490;4751
1506;4754
1542;4756
1574;4758
1595;4761
1587;4763
1577;4766
1580;4768
1577;4770
1587;4773
1598;4775
1581;4779
1550;4781
1524;4783
1508;4786
1505;4788
1517;4791
1531;4793
1513;4796
1481;4798
1475;4800
1479;4803
1487;4805
1493;4808
1484;4810
1482;4812
1504;4815
1512;4817
1523;4820
1530;4823
1542;4825
1571;4828
1581;4830
1593;4833
1581;4835
1564;4838
1537;4840
1518;4842
1530;4845
1553;4847
1542;4850
1522;4852
1485;4854
1464;4857
1455;4859
1466;4862
1483;4865
1499;4867
1512;4870
1508;4872
1507;4875
1493;4877
1476;4880
1463;4882
1453;4884
1443;4887
1450;4889
1466;4892
1474;4894
1471;4896
1460;4899
1462;4901
1475;4904
1498;4907
1515;4909
1511;4912
1508;4914
1525;4917
1534;4919
1535;4922
1542;4924
1555;4926
1548;4929
1544;4931
1537;4934
1501;4936
1474;4938
1456;4941
1464;4943
1481;4946
1499;4948
1509;4952
1482;4954
1461;4956
1474;4959
1481;4961
1479;4964
1474;4966
1467;4968
1476;4971
1506;4973
1517;4976
1508;4978
1479;4980
1486;4983
1515;4985
1554;4988
1566;4990
1517;4994
1490;4996
1472;4998
1465;5001
1470;5003
1485;5006
1499;5008
1494;5010
1501;5013
1494;5015
1475;5018
1453;5020
1459;5022
1467;5025
1481;5027
1478;5030
1461;5032
1444;5036
1440;5038
1441;5040
1445;5043
1451;5045
1455;5048
1457;5050
1460;5052
1471;5055
1480;5057
1506;5060
1528;5062
1508;5064
1495;5067
1505;5069
1497;5072
1473;5074
1476;5078
1504;5080
1531;5082
1544;5085
1515;5087
1462;5090
1437;5092
1422;5094
1424;5097
1433;5099
1438;5102
1445;5104
1453;5106
1469;5109
1482;5111
1492;5114
1499;5116
1507;5120
1506;5122
1501;5124
1507;5127
1514;5129
1529;5132
1558;5134
1547;5136
1527;5139
1520;5141
1516;5144
1517;5146
1543;5149
1559;5151
1574;5153
1563;5156
1513;5158
1473;5161
1463;5164
1469;5166
1485;5169
1511;5171
1524;5174
1511;5176
1482;5178
1474;5181
1486;5183
1507;5186
1523;5188
1521;5191
1536;5193
1530;5195
1502;5198
1493;5200
1493;5203
1513;5206
1525;5208
1533;5211
1528;5213
1495;5216
1488;5218
1496;5220
1496;5223
1480;5225
1473;5228
1485;5230
1506;5233
1523;5235
1540;5237
1520;5240
1480;5242
1459;5245
1448;5248
1450;5250
1459;5253
1473;5255
1489;5258
1489;5260
1485;5262
1480;5265
1481;5267
1460;5270
1425;5272
1422;5275
1417;5277
1402;5279
1409;5282
1415;5284
1421;5287
1420;5289
1425;5292
1441;5295
1445;5297
1434;5300
1423;5302
1418;5304
1416;5307
1431;5309
1462;5312
1458;5314
1448;5317
1444;5319
1463;5321
1487;5324
1501;5326
1490;5329
1469;5331
1457;5334
1464;5337
1481;5339
1491;5342
1474;5344
1464;5347
1487;5349
1492;5351
1487;5354
1471;5356
1466;5359
1467;5361
1465;5363
1453;5366
1443;5368
1438;5371
1431;5373
1425;5376
1432;5379
1434;5381
1425;5384
1427;5386
1455;5389
1499;5391
1566;5393
1596;5396
1604;5398
1589;5401
1565;5403
1563;5405
1557;5408
1553;5410
1560;5413
1565;5415
1563;5417
1532;5421
1494;5423
1481;5426
1487;5428
1507;5431
1530;5433
1518;5435
1482;5438
1461;5440
1451;5443
1439;5445
1443;5447
1464;5450
1487;5452
1492;5455
1479;5457
1473;5459
1488;5463
1503;5465
1492;5468
1484;5470
1476;5473
1474;5475
1474;5477
1475;5480
1482;5482
1497;5485
1533;5487
1547;5489
1534;5492
1514;5494
1496;5497
1492;5499
1486;5501
1481;5505
1473;5507
1467;5510
1463;5512
1464;5515
1469;5517
1478;5519
1471;5522
1479;5524
1497;5527
1511;5529
1531;5531
1518;5534
1490;5536
1492;5539
1493;5541
1490;5544
1490;5547
1485;5549
1485;5552
1481;5554
1473;5557
1463;5559
1467;5561
1468;5564
1466;5566
1456;5569
1460;5571
1472;5573
1476;5576
1470;5578
1468;5581
1462;5583
1456;5586
1450;5588
1446;5591
1449;5594
1463;5596
1504;5599
1513;5601
1520;5603
1542;5606
1555;5608
1568;5611
1550;5613
1523;5615
1510;5618
1478;5620
1448;5623
1434;5625
1439;5628
1449;5630
1462;5633
1483;5636
1481;5638
1466;5641
1459;5643
1453;5645
1439;5648
1423;5650
1410;5653
1418;5655
1425;5657
1430;5660
1446;5662
1463;5665
1463;5667
1449;5670
1455;5672
1470;5675
1489;5678
1521;5680
1532;5683
1536;5685
1541;5687
1536;5690
1499;5692
1471;5695
1466;5697
1470;5699
1482;5702
1493;5704
1511;5707
1532;5709
1562;5712
1534;5714
1495;5716
1505;5720
1522;5722
1545;5725
1546;5727
1509;5729
1474;5732
1457;5734
1463;5737
1469;5739
1460;5742
1457;5744
1465;5746
1483;5749
1494;5751
1499;5754
1516;5756
1517;5758
1512;5762
1526;5764
1543;5767
1553;5769
1554;5771
1553;5774
1555;5776
1556;5779
1531;5781
1477;5784
1453;5786
1454;5788
1464;5791
1462;5793
1451;5796
1450;5798
1468;5800
1487;5804
1487;5806
1473;5809
1459;5811
1471;5813
1496;5816
1518;5818
1508;5821
1474;5823
1462;5826
1477;5828
1492;5830
1500;5833
1481;5835
1470;5838
1453;5840
1446;5842
1442;5846
1439;5848
1442;5851
1444;5853
1452;5855
1475;5858
1491;5860
1507;5863
1485;5865
1458;5868
1444;5870
1426;5872
1417;5875
1409;5877
1415;5880
1425;5882
1442;5884
1477;5888
1536;5890
1556;5893
1536;5895
1517;5897
1496;5900
1471;5902
1455;5905
1468;5907
1483;5910
1491;5912
1487;5914
1483;5917
1490;5919
1493;5922
1475;5924
1476;5926
1486;5929
1488;5932
1487;5935
1471;5937
1467;5939
1469;5942
1474;5944
1467;5947
1460;5949
1459;5952
1472;5954
1478;5956
1494;5959
1505;5961
1512;5964
1506;5966
1477;5968
1459;5971
1472;5974
1507;5977
1531;5979
1549;5981
1557;5984
1577;5986
1594;5989
1560;5991
1513;5994
1494;5996
1478;5998
1464;6001
1456;6003
1451;6006
1471;6008
1473;6010
1477;6013
1464;6016
1423;6019
1400;6021
1404;6024
1418;6026
1423;6028
1429;6031
1456;6033
1500;6036
1517;6038
1502;6040
1469;6043
1451;6045
1454;6048
1473;6050
1498;6052
1531;6055
1564;6057
1540;6061
1521;6063
1488;6066
1484;6068
1511;6070
1530;6073
1507;6075
1466;6078
1453;6080
1453;6082
1450;6085
1446;6087
1452;6090
1470;6092
1497;6094
1503;6097
1530;6099
1532;6103
1499;6105
1474;6108
1462;6110
1448;6112
1448;6115
1453;6117
1458;6120
1462;6122
1460;6124
1458;6127
1469;6129
1495;6132
1502;6134
1509;6136
1492;6139
1462;6141
1450;6145
1432;6147
1415;6150
1413;6152
1438;6154
1472;6157
1463;6159
1444;6162
1457;6164
1468;6166
1462;6169
1456;6171
1450;6174
1455;6176
1465;6178
1487;6181
1498;6183
1498;6187
1475;6189
1445;6192
1436;6194
1432;6196
1434;6199
1436;6201
1438;6204
1439;6206
1435;6208
1435;6211
1440;6213
1446;6216
1460;6218
1486;6220
1538;6223
1556;6225
1545;6228
1540;6231
1533;6234
1518;6236
1487;6238
1470;6241
1475;6243
1485;6246
1501;6248
1526;6250
1518;6253
1511;6255
1518;6258
1535;6260
1532;6263
1526;6265
1517;6267
1521;6270
1521;6273
1517;6276
1518;6278
1514;6280
1504;6283
1505;6285
1508;6288
1508;6290
1507;6292
1512;6295
1518;6297
1520;6300
1524;6302
1528;6305
1543;6307
1572;6309
1587;6312
1579;6315
1578;6318
1589;6320
1596;6322
1587;6325
1595;6327
1620;6330
1642;6332
1670;6334
1659;6337
1626;6339
1618;6342
1630;6344
1603;6347
1564;6349
1551;6351
1535;6354
1530;6356
1530;6360
1529;6362
1525;6364
1508;6367
1499;6369
1496;6372
1494;6374
1501;6376
1514;6379
1516;6381
1507;6384
1493;6386
1504;6389
1520;6391
1520;6393
1494;6396
1477;6398
1479;6402
1486;6404
1492;6406
1489;6409
1488;6411
1478;6414
1472;6416
1454;6419
1449;6421
1462;6423
1471;6426
1458;6428
1426;6431
1419;6433
1429;6435
1426;6438
1421;6440
1428;6444
1436;6446
1451;6448
1471;6451
1493;6453
1508;6456
1534;6458
1536;6461
1508;6463
1488;6465
1486;6468
1494;6470
1494;6473
1477;6475
1463;6477
1457;6480
1469;6482
1494;6486
1503;6488
1475;6490
1442;6493
1425;6495
1427;6498
1427;6500
1416;6503
1406;6505
1407;6507
1412;6510
1409;6512
1399;6515
1393;6517
1394;6519
1405;6522
1413;6524
1418;6528
1409;6530
1398;6532
1394;6535
1395;6537
1402;6540
1417;6542
1432;6545
1441;6547
1453;6549
1465;6552
1472;6554
1460;6557
1457;6559
1465;6561
1449;6564
1445;6566
1439;6569
1429;6572
1434;6574
1453;6577
1472;6579
1479;6582
1473;6584
1450;6587
1419;6589
1411;6591
1410;6594
1409;6596
1409;6599
1424;6601
1450;6603
1471;6606
1464;6608
1433;6611
1422;6614
1432;6616
1450;6619
1461;6621
1474;6624
1449;6626
1448;6629
1467;6631
1487;6633
1493;6636
1482;6638
1475;6641
1488;6643
1476;6645
1448;6648
1443;6650
1443;6653
1442;6656
1435;6659
1454;6661
1483;6663
1506;6666
1503;6668
1497;6671
1493;6673
1498;6675
1495;6678
1478;6680
1453;6683
1445;6685
1465;6687
1482;6690
1483;6692
1486;6695
1501;6697
1505;6701
1495;6703
1475;6705
1474;6708
1499;6710
1504;6713
1495;6715
1488;6717
1481;6720
1475;6722
1473;6725
1466;6727
1463;6729
1451;6732
1443;6734
1439;6737
1449;6739
1463;6743
1484;6745
1489;6747
1475;6750
1473;6752
1476;6755
1493;6757
1506;6759
1523;6762
1539;6764
1547;6767
1519;6769
1521;6771
1523;6774
1515;6776
1486;6779
1469;6781
1486;6785
1523;6787
1540;6789
1513;6792
1479;6794
1469;6797
1467;6799
1465;6801
1461;6804
1460;6806
1465;6809
1481;6811
1488;6813
1495;6816
1487;6818
1491;6821
1497;6823
1486;6827
1486;6829
1505;6831
1518;6834
1540;6836
1560;6839
1542;6841
1538;6843
1555;6846
1573;6848
1577;6851
1558;6853
1532;6855
1536;6858
1548;6860
1547;6863
1529;6865
1502;6868
1477;6871
1463;6873
1453;6876
1439;6878
1432;6881
1434;6883
1432;6885
1428;6888
1434;6890
1450;6893
1475;6895
1497;6898
1500;6900
1507;6902
1507;6905
1517;6907
1522;6910
1538;6913
1550;6915
1546;6918
1505;6920
1495;6923
1500;6925
1479;6927
1462;6930
1451;6932
1452;6935
1462;6937
1484;6940
1485;6942
1480;6944
1485;6947
1487;6949
1491;6952
1479;6955
1456;6957
1448;6960
1441;6962
1441;6965
1438;6967
1438;6969
1447;6972
1465;6974
1488;6977
1490;6979
1470;6982
1459;6984
1461;6986
1470;6989
1495;6991
1516;6994
1513;6996
1524;6999
1529;7002
1506;7004
1476;7007
1459;7009
1464;7011
1479;7014
1477;7016
1481;7019
1487;7021
1492;7024
1491;7026
1472;7028
1447;7031
1441;7033
1446;7036
1438;7038
1433;7041
1438;7044
1447;7046
1456;7049
1468;7051
1463;7054
1448;7056
1443;7058
1460;7061
1496;7063
1518;7066
1502;7068
1478;7070
1473;7073
1486;7075
1494;7078
1502;7080
1495;7083
1482;7086
1463;7088
1458;7091
1460;7093
1461;7096
1456;7098
1451;7100
1455;7103
1463;7105
1469;7108
1469;7110
1472;7112
1457;7115
1446;7117
1458;7120
1460;7122
1459;7124
1454;7128
1456;7130
1463;7133
1478;7135
1483;7138
1481;7140
1481;7142
1493;7145
1500;7147
1500;7150
1494;7152
1485;7154
1466;7157
1471;7159
1478;7162
1489;7164
1515;7166
1519;7170
1532;7172
1544;7175
1527;7177
1510;7180
1478;7182
1452;7184
1439;7187
1440;7189
1445;7192
1457;7194
1455;7196
1442;7199
1442;7201
1465;7204
1484;7206
1473;7208
1448;7212
1444;7214
1457;7217
1485;7219
1517;7222
1538;7224
1551;7226
1536;7229
1500;7231
1476;7234
1459;7236
1458;7238
1479;7241
1507;7243
1535;7246
1528;7248
1502;7250
1486;7254
1473;7256
1478;7259
1509;7261
1522;7264
1517;7266
1504;7268
1493;7271
1474;7273
1455;7276
1451;7278
1458;7280
1476;7283
1498;7285
1493;7288
1473;7290
1469;7293
1463;7296
1451;7298
1447;7301
1445;7303
1450;7306
1464;7308
1490;7310
1516;7313
1507;7315
1483;7318
1461;7320
1452;7322
1447;7325
1443;7327
1443;7330
1453;7332
1474;7335
1500;7337
1518;7340
1518;7343
1486;7345
1477;7348
1478;7350
1468;7352
1448;7355
1442;7357
1441;7360
1437;7362
1434;7364
1432;7367
1432;7369
1430;7372
1428;7374
1427;7377
1426;7379
1425;7382
1425;7385
1425;7387
1425;7390
1426;7392
1427;7394
1427;7397
1427;7399
1426;7402
1424;7404
1424;7406
1424;7409
1423;7411
1421;7414
1417;7416
1414;7419
1410;7421
1407;7424
1402;7427
1395;7429
1392;7432
1388;7434
1383;7436
1378;7439
1376;7441
1376;7444
1379;7446
1376;7448
1371;7451
1380;7453
1403;7456
1432;7458
1427;7461
1381;7463
1343;7465
1332;7469
1318;7471
1310;7474
1304;7476
1287;7478
1274;7481
1267;7483
1261;7486
1257;7488
1255;7490
1253;7493
1252;7495
1251;7498
1251;7500
1251;7503
1253;7505
1248;7507
1246;7511
1254;7513
1261;7516
1266;7518
1269;7520
1275;7523
1287;7525
1296;7528
1303;7530
1310;7533
1316;7535
1321;7537
1326;7540
1330;7542
1335;7545
1340;7547
1346;7549
1351;7553
1359;7555
1368;7558
1378;7560
1389;7562
1391;7565
1384;7567
1377;7570
1380;7572
1380;7575
1372;7577
1367;7579
1366;7582
1366;7584
1366;7587
1368;7589
1371;7591
1373;7595
1376;7597
1377;7600
1378;7602
1377;7604
1376;7607
1375;7609
1374;7612
1373;7614
1372;7617
1372;7619
1372;7621
1372;7624
1375;7626
1385;7629
1403;7631
1427;7633
1445;7636
1434;7639
1415;7642
1409;7644
1404;7646
1402;7649
1411;7651
1428;7654
1448;7656
1449;7659
1423;7661
1416;7663
1411;7666
1409;7668
1410;7671
1412;7673
1415;7675
1418;7678
1422;7681
1427;7684
1431;7686
1434;7689
1440;7691
1444;7693
1450;7696
1455;7698
1460;7701
1466;7703
1472;7705
1478;7708
1483;7710
1490;7713
1497;7715
1504;7717
1512;7720
1520;7723
1527;7726
1535;7728
1544;7731
1555;7733
1565;7735
1575;7738
1579;7740
1581;7743
1587;7745
1592;7747
1597;7750
1605;7752
1612;7755
1617;7757
1622;7759
1626;7762
1630;7764
1635;7768
1643;7770
1654;7773
1664;7775
1672;7777
1675;7780
1675;7782
1675;7785
1678;7787
1681;7789
1686;7792
1688;7794
1690;7797
1697;7799
1708;7801
1723;7804
1742;7806
1749;7810
1738;7812
1729;7815
1719;7817
1712;7819
1710;7822
1709;7824
1709;7827
1709;7829
1709;7831
1708;7834
1708;7836
1706;7839
1705;7841
1703;7843
1700;7846
1697;7848
1694;7852
1690;7854
1688;7857
1684;7859
1680;7861
1676;7864
1672;7866
1668;7869
1664;7871
1660;7873
1655;7876
1651;7878
1648;7881
1644;7883
1640;7885
1637;7888
1633;7890
1630;7894
1627;7896
1624;7899
1621;7901
1619;7903
1619;7906
1621;7908
1626;7911
1636;7913
1647;7915
1641;7918
1625;7920
1616;7923
1608;7925
1604;7927
1600;7930
1596;7932
1593;7936
1590;7938
1587;7941
1584;7943
1580;7945
1577;7948
1574;7950
1572;7953
1569;7955
1566;7957
1563;7960
1559;7962
1554;7965
1548;7967
1542;7970
1535;7972
1529;7974
1524;7977
1517;7980
1509;7983
1500;7985
1496;7987
1492;7990
1487;7992
1483;7995
1477;7997
1472;7999
1468;8002
1464;8004
1460;8007
1456;8009
1454;8012
1451;8014
1449;8016
1449;8019
1450;8022
1452;8025
1453;8027
1450;8029
1446;8032
1443;8034
1441;8037
1441;8039
1443;8041
1451;8044
1462;8046
1475;8049
1481;8051
1476;8054
1459;8056
1454;8058
1451;8061
1449;8064
1449;8067
1450;8069
1455;8071
1461;8074
1468;8076
1466;8079
1461;8081
1454;8083
1452;8086
1450;8088
1448;8091
1448;8093
1447;8096
1447;8098
1448;8100
1448;8103
1450;8105
1452;8109
1454;8111
1456;8113
1459;8116
1461;8118
1464;8121
1466;8123
1468;8125
1470;8128
1472;8130
1473;8133
1475;8135
1476;8138
1478;8140
1479;8142
1481;8145
1482;8147
1483;8151
1484;8153
1486;8155
1488;8158
1488;8160
1489;8163
1490;8165
1491;8167
1493;8170
1494;8172
1495;8175
1497;8177
1499;8180
1502;8182
1506;8184
1510;8187
1515;8189
1520;8193
1524;8195
1528;8197
1533;8200
1537;8202
1537;8205
1538;8207
1540;8210
1544;8212
1546;8214
1546;8217
1546;8219
1548;8222
1550;8224
1553;8226
1556;8229
1558;8231
1561;8235
1564;8237
1567;8239
1570;8242
1571;8244
1574;8247
1575;8249
1575;8252
1576;8254
1577;8256
1577;8259
1577;8261
1577;8264
1576;8266
1576;8268
1575;8271
1573;8273
1571;8276
1569;8279
1567;8281
1565;8284
1563;8286
1560;8289
1557;8291
1555;8294
1552;8296
1548;8298
1545;8301
1542;8303
1538;8306
1534;8308
1530;8310
1527;8313
1524;8315
1521;8318
1520;8321
1518;8323
1517;8326
1518;8328
1518;8331
1518;8333
1515;8336
1506;8338
1497;8340
1490;8343
1484;8345
1480;8348
1475;8350
1472;8352
1469;8355
1465;8357
1462;8360
1460;8363
1460;8365
1459;8368
1458;8370
1457;8373
1456;8375
1456;8378
1455;8380
1455;8382
1455;8385
1456;8387
1456;8390
1458;8392
1460;8394
1462;8397
1462;8399
1462;8402
1463;8404
1464;8407
1465;8410
1467;8412
1469;8415
1471;8417
1473;8420
1476;8422
1479;8424
1482;8427
1485;8429
1487;8432
1488;8434
1488;8436
1489;8439
1491;8441
1496;8444
1502;8446
1511;8450
1513;8452
1509;8454
1505;8457
1501;8459
1500;8462
1500;8464
1500;8466
1498;8469
1495;8471
1493;8474
1492;8476
1491;8478
1491;8481
1491;8483
1491;8486
1491;8488
1493;8492
1496;8494
1501;8496
1508;8499
1512;8501
1510;8504
1508;8506
1508;8508
1510;8511
1510;8513
1508;8516
1510;8518
1511;8520
1510;8523
1509;8525
1510;8528
1513;8530
1513;8534
1514;8536
1514;8538
1516;8541
1518;8543
1519;8546
1521;8548
1521;8550
1522;8553
1522;8555
1523;8558
1523;8560
1523;8562
1523;8565
1522;8567
1521;8570
1521;8572
1520;8576
1519;8578
1519;8580
1518;8583
1516;8585
1513;8588
1511;8590
1509;8592
1506;8595
1504;8597
1501;8600
1498;8602
1495;8604
1493;8607
1491;8609
1489;8612
1487;8614
1485;8617
1484;8620
1483;8622
1482;8625
1481;8627
1480;8630
1480;8632
1480;8634
1480;8637
1478;8639
1476;8642
1474;8644
1473;8646
1471;8649
1470;8651
1471;8654
1471;8656
1469;8659
1468;8662
1466;8664
1465;8667
1465;8669
1465;8672
1465;8674
1464;8676
1464;8679
1464;8681
1465;8684
1467;8686
1468;8689
1470;8691
1471;8693
1472;8696
1473;8698
1473;8701
1473;8704
1474;8706
1475;8709
1476;8711
1477;8714
1478;8716
1479;8718
1480;8721
1482;8723
1483;8726
1484;8728
1486;8731
1487;8733
1488;8735
1490;8738
1491;8740
1493;8743
1494;8745
1495;8748
1497;8751
1497;8753
1499;8756
1499;8758
1499;8760
1497;8763
1497;8765
1497;8768
1497;8770
1498;8773
1499;8775
1500;8777
1502;8780
1504;8782
1505;8785
1505;8787
1505;8790
1504;8793
1504;8795
1504;8798
1504;8800
1504;8802
1503;8805
1503;8807
1503;8810
1503;8812
1504;8815
1503;8817
1502;8819
1501;8822
1500;8824
1499;8827
1498;8829
1497;8832
1496;8835
1495;8837
1495;8840
1493;8842
1491;8844
1489;8847
1486;8849
1484;8852
1482;8854
1480;8857
1478;8859
1477;8861
1476;8864
1476;8866
1477;8869
1480;8871
1482;8873
1485;8877
1485;8879
1477;8882
1471;8884
1467;8887
1465;8889
1462;8891
1460;8894
1459;8896
1459;8899
1458;8901
1457;8903
1457;8906
1457;8908
1456;8911
1456;8913
1456;8915
1456;8919
1455;8921
1455;8924
1455;8926
1455;8929
1455;8931
1454;8933
1454;8936
1454;8938
1454;8941
1453;8943
1453;8945
1453;8948
1453;8950
1453;8953
1453;8955
1453;8957
1453;8961
1454;8963
1454;8966
1454;8968
1454;8971
1455;8973
1455;8975
1456;8978
1456;8980
1457;8983
1458;8985
1458;8987
1459;8990
1459;8992
1460;8995
1460;8997
1461;8999
1461;9003
1462;9005
1463;9008
1463;9010
1464;9013
1465;9015
1466;9017
1468;9020
1472;9022
1476;9025
1480;9027
1485;9029
1487;9032
1482;9034
1477;9037
1475;9039
1475;9041
1477;9044
1480;9047
1478;9050
1472;9052
1468;9055
1468;9057
1467;9059
1462;9062
1459;9064
1461;9067
1465;9069
1468;9071
1464;9074
1454;9076
1450;9079
1448;9081
1448;9084
1450;9086
1452;9089
1449;9092
1444;9094
1440;9097
1438;9099
1437;9101
1436;9104
1435;9106
1435;9109
1434;9111
1434;9113
1434;9116
1433;9118
1433;9121
1432;9123
1432;9126
1431;9128
1431;9131
1430;9134
1429;9136
1428;9139
1428;9141
1427;9143
1427;9146
1426;9148
1426;9151
1425;9153
1425;9155
1424;9158
1424;9160
1424;9163
1424;9165
1424;9168
1424;9170
1424;9172
1425;9176
1425;9178
1425;9181
1425;9183
1425;9185
1426;9188
1427;9190
1427;9193
1429;9195
1431;9197
1433;9200
1436;9202
1439;9205
1440;9207
1439;9210
1439;9212
1439;9214
1440;9218
1440;9220
1442;9223
1444;9225
1446;9227
1447;9230
1448;9232
1450;9235
1453;9237
1455;9239
1459;9242
1463;9244
1467;9247
1467;9249
1464;9252
1463;9254
1463;9256
1462;9260
1462;9262
1462;9265
1463;9267
1463;9269
1464;9272
1466;9274
1467;9277
1469;9279
1471;9282
1474;9284
1477;9286
1481;9289
1488;9291
1492;9294
1493;9296
1494;9298
1500;9302
1507;9304
1508;9307
1499;9309
1493;9311
1490;9314
1488;9316
1487;9319
1487;9321
1486;9324
1487;9326
1488;9328
1488;9331
1487;9333
1486;9336
1485;9338
1485;9340
1485;9344
1485;9346
1485;9349
1486;9351
1486;9353
1486;9356
1486;9358
1486;9361
1486;9363
1486;9366
1486;9368
1486;9370
1486;9373
1485;9375
1485;9378
1485;9380
1485;9382
1485;9385
1485;9388
1485;9391
1484;9393
1484;9395
1484;9398
1484;9400
1484;9403
1485;9405
1485;9408
1485;9410
1487;9412
1488;9415
1490;9417
1491;9420
1491;9422
1489;9424
1487;9427
1486;9430
1486;9433
1485;9435
1485;9437
1485;9440
1486;9442
1486;9445
1486;9447
1487;9450
1489;9452
1491;9454
1492;9457
1493;9459
1493;9462
1494;9464
1495;9466
1496;9469
1497;9472
1498;9475
1499;9477
1500;9479
1501;9482
1500;9484
1500;9487
1500;9489
1501;9492
1500;9494
1501;9496
1501;9499
1501;9501
1502;9504
1503;9506
1505;9508
1507;9511
1511;9513
1512;9517
1515;9519
1517;9522
1514;9524
1509;9526
1504;9529
1503;9531
1502;9534
1501;9536
1501;9538
1499;9541
1499;9543
1499;9546
1500;9548
1501;9550
1502;9553
1500;9555
1499;9559
1498;9561
1497;9564
1496;9566
1495;9568
1495;9571
1494;9573
1494;9576
1493;9578
1493;9580
1493;9583
1493;9585
1493;9588
1493;9590
1494;9592
1494;9595
1495;9597
1494;9601
1493;9603
1491;9606
1490;9608
1490;9610
1489;9613
1488;9615
1488;9618
1487;9620
1487;9622
1488;9625
1489;9627
1490;9630
1489;9632
1489;9634
1487;9637
1484;9639
1483;9643
1482;9645
1481;9648
1481;9650
