1483;2
1484;4
1485;7
1486;9
1488;11
1487;13
1486;16
1484;18
1482;20
1481;23
1480;25
1478;27
1478;30
1478;32
1477;34
1478;37
1478;39
1477;41
1477;44
1478;47
1479;49
1479;51
1480;54
1480;56
1481;58
1483;61
1485;63
1484;65
1486;68
1486;70
1485;72
1485;74
1484;77
1483;79
1482;81
1480;84
1478;87
1477;89
1476;92
1476;94
1476;96
1477;99
1477;101
1477;103
1476;106
1476;108
1476;110
1476;113
1477;115
1478;117
1478;120
1480;122
1483;125
1485;128
1487;130
1486;133
1483;135
1481;137
1481;140
1484;142
1486;144
1487;147
1488;149
1489;152
1489;154
1488;156
1487;159
1485;161
1484;163
1482;166
1479;168
1477;171
1476;174
1474;176
1475;179
1475;181
1476;183
1477;186
1478;188
1479;190
1480;193
1482;195
1484;197
1485;200
1485;202
1486;204
1486;207
1485;209
1484;212
1482;215
1482;217
1481;220
1480;222
1478;224
1477;227
1478;229
1481;231
1483;234
1485;236
1488;239
1489;241
1487;243
1486;246
1484;248
1482;250
1481;253
1481;256
1481;258
1481;261
1483;263
1483;266
1483;268
1485;270
1485;273
1485;275
1484;277
1482;280
1483;282
1484;284
1484;287
1484;289
1482;292
1482;294
1483;296
1484;300
1485;302
1485;304
1484;307
1483;309
1482;311
1481;314
1481;316
1482;319
1483;321
1483;323
1484;326
1483;328
1483;330
1483;333
1484;335
1485;337
1485;340
1486;343
1487;346
1487;348
1485;350
1483;353
1483;355
1484;357
1484;360
1483;362
1482;364
1482;367
1483;369
1481;372
1481;374
1480;376
1480;379
1479;381
1481;384
1484;387
1488;389
1489;391
1489;394
1488;396
1485;399
1482;401
1480;403
1480;406
1478;408
1477;410
1477;413
1479;415
1482;417
1483;420
1484;422
1484;425
1482;428
1480;430
1479;433
1479;435
1481;437
1484;440
1486;442
1488;444
1488;447
1488;449
1485;451
1485;454
1486;456
1486;459
1486;461
1488;463
1489;466
1489;468
1491;471
1493;474
1493;476
1494;478
1493;481
1491;483
1488;486
1484;488
1481;490
1479;493
1478;495
1479;497
1481;500
1484;502
1485;504
1486;507
1486;509
1487;513
1484;515
1483;517
1481;520
1480;522
1478;524
1476;527
1476;529
1476;531
1476;534
1477;536
1479;539
1482;541
1486;543
1490;546
1492;548
1493;550
1492;553
1489;556
1485;558
1484;561
1484;563
1483;566
1484;568
1484;570
1485;573
1485;575
1483;577
1482;580
1480;582
1479;584
1478;587
1478;589
1478;592
1478;594
1478;596
1478;600
1480;602
1480;604
1481;607
1480;609
1481;611
1483;614
1484;616
1485;619
1485;621
1483;623
1480;626
1479;628
1478;630
1476;633
1476;635
1476;637
1477;641
1479;643
1481;646
1484;648
1488;650
1489;653
1488;655
1488;657
1487;660
1486;662
1483;664
1482;667
1482;669
1482;672
1482;674
1484;676
1485;679
1484;681
1483;684
1481;687
1481;689
1482;691
1482;694
1482;696
1481;699
1480;701
1479;703
1479;706
1480;708
1481;710
1482;713
1483;715
1482;717
1481;720
1480;722
1479;726
1479;728
1480;730
1481;733
1484;735
1487;737
1489;740
1489;742
1487;744
1485;747
1483;749
1480;752
1477;754
1475;756
1474;759
1475;761
1475;763
1477;766
1479;769
1481;771
1484;774
1487;776
1488;779
1489;781
1489;783
1488;786
1487;788
1485;790
1482;793
1481;795
1481;797
1482;800
1484;802
1485;805
1486;807
1485;809
1483;813
1481;815
1481;817
1482;820
1483;822
1484;824
1484;827
1480;829
1478;832
1477;834
1479;836
1481;839
1483;841
1484;843
1484;846
1484;848
1484;850
1483;854
1484;856
1484;859
1483;861
1483;863
1482;866
1481;868
1480;870
1478;873
1476;875
1476;877
1478;880
1480;882
1481;885
1483;887
1485;889
1485;892
1482;894
1481;897
1478;900
1477;902
1478;904
1480;907
1482;909
1484;912
1486;914
1486;916
1487;919
1487;921
1487;923
1486;926
1486;928
1484;930
1482;933
1480;935
1479;939
1478;941
1478;943
1478;946
1480;948
1483;950
1485;953
1488;955
1491;957
1494;960
1492;962
1489;965
1483;967
1479;969
1478;972
1478;974
1480;976
1480;979
1479;982
1478;984
1478;987
1479;989
1480;992
1482;994
1483;996
1481;999
1479;1001
1478;1003
1475;1006
1474;1008
1473;1011
1472;1013
1472;1015
1472;1018
1473;1020
1478;1024
1483;1026
1488;1029
1489;1031
1486;1033
1484;1036
1483;1038
1484;1041
1483;1043
1482;1045
1481;1048
1481;1050
1479;1053
1478;1055
1478;1057
1477;1060
1477;1062
1475;1065
1474;1068
1474;1071
1473;1073
1474;1075
1475;1078
1475;1080
1477;1083
1480;1085
1482;1087
1483;1090
1483;1092
1483;1095
1483;1097
1483;1099
1483;1102
1482;1104
1482;1107
1482;1110
1481;1113
1478;1115
1477;1117
1478;1120
1478;1122
1475;1125
1474;1127
1474;1129
1475;1132
1476;1134
1478;1137
1479;1139
1478;1141
1479;1144
1482;1146
1484;1149
1484;1152
1483;1155
1481;1157
1479;1159
1478;1162
1476;1164
1475;1167
1476;1169
1479;1171
1480;1174
1481;1176
1481;1179
1480;1181
1479;1184
1478;1186
1477;1188
1478;1191
1480;1193
1476;1197
1475;1199
1475;1201
1476;1204
1476;1206
1476;1209
1476;1211
1475;1213
1475;1216
1475;1218
1476;1221
1478;1223
1480;1226
1482;1228
1483;1230
1482;1233
1482;1235
1482;1239
1480;1241
1479;1243
1478;1246
1476;1248
1474;1251
1471;1253
1469;1255
1468;1258
1470;1260
1475;1263
1481;1265
1486;1268
1490;1270
1492;1272
1487;1275
1482;1277
1478;1281
1475;1283
1474;1285
1474;1288
1474;1290
1475;1293
1477;1295
1480;1297
1481;1300
1480;1302
1480;1305
1480;1307
1479;1310
1478;1312
1477;1314
1475;1317
1473;1319
1472;1323
1474;1325
1476;1327
1479;1330
1481;1332
1481;1335
1481;1337
1480;1339
1479;1342
1480;1344
1481;1347
1479;1349
1478;1352
1477;1354
1477;1356
1476;1359
1476;1361
1479;1364
1481;1367
1482;1369
1484;1372
1483;1374
1481;1377
1479;1379
1478;1381
1478;1384
1479;1386
1481;1389
1480;1391
1481;1394
1482;1396
1482;1398
1482;1401
1482;1403
1481;1406
1482;1409
1483;1411
1482;1414
1482;1416
1481;1419
1480;1421
1481;1424
1480;1426
1480;1428
1482;1431
1484;1433
1485;1436
1487;1438
1488;1440
1489;1443
1490;1445
1491;1448
1487;1451
1483;1453
1481;1456
1480;1458
1479;1461
1480;1463
1482;1466
1483;1468
1482;1470
1480;1473
1477;1475
1476;1478
1475;1480
1476;1482
1477;1485
1478;1487
1480;1490
1481;1492
1481;1495
1482;1498
1483;1500
1484;1503
1485;1505
1486;1508
1489;1510
1490;1512
1491;1515
1490;1517
1488;1520
1484;1522
1481;1524
1480;1527
1481;1529
1482;1532
1484;1534
1485;1537
1486;1540
1487;1542
1487;1545
1488;1547
1490;1550
1490;1552
1489;1554
1487;1557
1485;1559
1483;1562
1484;1564
1485;1566
1488;1569
1489;1571
1489;1574
1488;1576
1488;1579
1489;1582
1488;1584
1487;1587
1486;1589
1485;1592
1484;1594
1484;1596
1485;1599
1486;1601
1485;1604
1483;1606
1481;1608
1481;1611
1482;1613
1483;1616
1484;1618
1485;1620
1486;1624
1486;1626
1486;1629
1485;1631
1483;1634
1481;1636
1480;1638
1481;1641
1483;1643
1484;1646
1485;1648
1485;1650
1486;1653
1488;1655
1489;1658
1489;1660
1489;1664
1489;1666
1485;1668
1480;1671
1478;1673
1479;1676
1479;1678
1480;1680
1481;1683
1483;1685
1484;1688
1487;1690
1489;1692
1490;1695
1489;1697
1488;1700
1485;1702
1482;1705
1479;1708
1477;1710
1477;1713
1478;1715
1480;1718
1481;1720
1481;1722
1482;1725
1482;1727
1482;1730
1480;1732
1480;1734
1480;1737
1482;1739
1483;1742
1486;1744
1485;1747
1483;1750
1482;1752
1479;1755
1476;1757
1476;1760
1477;1762
1478;1764
1479;1767
1480;1769
1482;1772
1485;1774
1486;1776
1489;1779
1489;1781
1488;1784
1486;1786
1485;1789
1483;1792
1481;1794
1480;1797
1480;1799
1479;1802
1479;1804
1479;1806
1479;1809
1479;1811
1479;1814
1481;1816
1485;1818
1490;1821
1491;1823
1490;1826
1484;1828
1481;1831
1478;1833
1476;1836
1477;1839
1478;1841
1479;1844
1482;1846
1485;1848
1489;1851
1493;1853
1495;1856
1493;1858
1489;1860
1485;1863
1481;1865
1478;1868
1478;1870
1478;1873
1479;1875
1480;1878
1480;1881
1478;1883
1478;1886
1478;1888
1479;1890
1480;1893
1481;1895
1481;1898
1481;1900
1482;1903
1483;1905
1484;1907
1483;1910
1481;1912
1480;1915
1481;1917
1482;1920
1483;1923
1485;1925
1486;1928
1485;1930
1483;1932
1479;1935
1476;1937
1473;1940
1471;1942
1471;1945
1472;1947
1472;1949
1472;1952
1473;1954
1475;1957
1479;1959
1483;1961
1485;1965
1486;1967
1485;1970
1484;1972
1483;1974
1481;1977
1479;1979
1477;1982
1477;1984
1477;1987
1477;1989
1478;1991
1477;1994
1479;1996
1481;1999
1485;2001
1486;2003
1486;2007
1484;2009
1479;2012
1475;2014
1475;2016
1475;2019
1476;2021
1477;2024
1477;2026
1476;2029
1476;2031
1476;2033
1476;2036
1479;2038
1480;2041
1482;2043
1483;2045
1482;2049
1481;2051
1480;2054
1479;2056
1478;2058
1477;2061
1476;2063
1476;2066
1477;2068
1479;2071
1481;2073
1483;2075
1485;2078
1485;2080
1485;2083
1482;2085
1482;2087
1480;2091
1480;2093
1480;2096
1481;2098
1482;2100
1482;2103
1479;2105
1476;2108
1474;2110
1474;2113
1473;2115
1476;2117
1479;2120
1480;2122
1478;2125
1477;2127
1476;2129
1476;2132
1477;2135
1479;2138
1481;2140
1482;2143
1481;2145
1481;2147
1481;2150
1479;2152
1479;2155
1480;2157
1482;2159
1484;2162
1486;2164
1488;2167
1486;2169
1484;2171
1480;2174
1477;2177
1476;2180
1476;2182
1474;2185
1474;2187
1475;2189
1476;2192
1478;2194
1478;2197
1478;2199
1477;2201
1475;2204
1473;2206
1472;2209
1472;2211
1472;2213
1473;2216
1475;2219
1479;2222
1482;2224
1483;2227
1484;2229
1485;2231
1484;2234
1483;2236
1481;2239
1480;2241
1480;2243
1479;2246
1479;2248
1480;2251
1479;2253
1478;2255
1478;2258
1478;2260
1478;2264
1478;2266
1478;2269
1477;2271
1478;2273
1476;2276
1477;2278
1478;2281
1479;2283
1480;2285
1482;2288
1481;2290
1480;2293
1479;2295
1479;2297
1479;2300
1480;2302
1481;2306
1482;2308
1485;2311
1484;2313
1484;2315
1485;2318
1485;2320
1482;2323
1479;2325
1477;2327
1476;2330
1475;2332
1474;2335
1474;2337
1475;2340
1476;2342
1477;2344
1477;2348
1476;2350
1473;2353
1473;2355
1475;2357
1476;2360
1477;2362
1477;2365
1478;2367
1478;2369
1479;2372
1478;2374
1478;2377
1477;2379
1478;2382
1478;2384
1479;2386
1480;2390
1480;2392
1478;2395
1478;2397
1477;2399
1477;2402
1478;2404
1479;2407
1480;2409
1481;2411
1481;2414
1482;2416
1481;2419
1480;2421
1481;2424
1483;2426
1486;2428
1486;2432
1484;2434
1482;2437
1481;2439
1482;2441
1483;2444
1482;2446
1483;2449
1483;2451
1483;2453
1483;2456
1479;2458
1478;2461
1476;2463
1475;2466
1474;2468
1476;2470
1477;2473
1479;2476
1480;2479
1481;2481
1480;2483
1479;2486
1479;2488
1481;2491
1483;2493
1485;2495
1486;2498
1487;2500
1485;2503
1482;2505
1481;2508
1479;2510
1480;2512
1482;2515
1482;2518
1483;2521
1482;2523
1483;2525
1483;2528
1482;2530
1482;2533
1482;2535
1483;2538
1486;2540
1489;2542
1488;2545
1488;2547
1485;2550
1483;2552
1479;2554
1477;2557
1477;2560
1477;2563
1477;2565
1479;2567
1482;2570
1483;2572
1484;2575
1483;2577
1479;2580
1481;2582
1488;2584
1495;2587
1499;2589
1501;2592
1503;2594
1504;2596
1505;2599
1509;2601
1511;2605
1504;2607
1494;2609
1486;2612
1478;2614
1473;2617
1470;2619
1472;2622
1480;2624
1491;2626
1498;2629
1495;2631
1488;2634
1477;2636
1468;2638
1464;2641
1463;2643
1468;2647
1472;2649
1474;2651
1473;2654
1467;2656
1455;2659
1451;2661
1454;2664
1461;2666
1471;2668
1479;2671
1476;2673
1484;2676
1485;2678
1491;2680
1495;2683
1498;2685
1492;2689
1488;2691
1485;2693
1482;2696
1490;2698
1497;2701
1508;2703
1513;2706
1512;2708
1502;2710
1499;2713
1499;2715
1516;2718
1521;2720
1529;2722
1532;2725
1528;2727
1520;2731
1515;2733
1522;2736
1531;2738
1543;2740
1554;2743
1564;2745
1569;2748
1570;2750
1576;2752
1586;2755
1600;2757
1602;2760
1602;2762
1600;2764
1583;2767
1562;2769
1540;2772
1531;2775
1538;2778
1564;2780
1589;2782
1603;2785
1605;2787
1601;2790
1592;2792
1582;2794
1588;2797
1593;2799
1597;2802
1595;2804
1597;2806
1608;2809
1612;2811
1621;2814
1636;2817
1646;2820
1644;2822
1639;2824
1634;2827
1644;2829
1655;2832
1654;2834
1650;2836
1640;2839
1624;2841
1621;2844
1621;2846
1626;2848
1628;2851
1626;2853
1620;2856
1613;2859
1612;2862
1602;2864
1595;2866
1589;2869
1589;2871
1602;2874
1617;2876
1624;2878
1628;2881
1618;2883
1619;2886
1623;2888
1624;2890
1616;2893
1593;2895
1564;2898
1545;2900
1541;2904
1550;2906
1565;2908
1581;2911
1593;2913
1604;2916
1603;2918
1599;2920
1586;2923
1584;2925
1587;2928
1587;2930
1589;2932
1584;2935
1585;2937
1597;2940
1598;2942
1601;2946
1602;2948
1592;2950
1588;2953
1585;2955
1572;2958
1552;2960
1547;2962
1551;2965
1560;2967
1566;2970
1571;2972
1568;2975
1562;2977
1557;2979
1554;2982
1559;2984
1568;2988
1564;2990
1549;2992
1531;2995
1521;2997
1530;3000
1538;3002
1542;3004
1543;3007
1536;3009
1528;3012
1549;3014
1571;3017
1578;3019
1563;3021
1526;3024
1496;3026
1500;3030
1511;3032
1522;3034
1534;3037
1517;3039
1504;3042
1509;3044
1522;3046
1537;3049
1551;3051
1547;3054
1535;3056
1520;3059
1511;3061
1509;3063
1499;3066
1490;3068
1497;3072
1515;3074
1510;3076
1513;3079
1511;3081
1516;3084
1515;3086
1530;3088
1523;3091
1497;3093
1490;3096
1483;3098
1489;3101
1502;3103
1499;3105
1522;3108
1537;3110
1531;3113
1515;3116
1493;3118
1481;3121
1491;3123
1500;3126
1491;3128
1468;3131
1449;3133
1449;3135
1452;3138
1453;3140
1461;3143
1452;3145
1455;3147
1461;3150
1471;3152
1483;3155
1492;3158
1491;3160
1479;3163
1484;3165
1485;3168
1493;3170
1492;3173
1470;3175
1447;3177
1435;3180
1433;3182
1449;3185
1457;3187
1464;3189
1450;3192
1447;3194
1449;3197
1450;3200
1460;3202
1466;3205
1464;3207
1451;3210
1444;3212
1436;3215
1434;3217
1437;3219
1452;3222
1474;3224
1486;3227
1489;3229
1470;3231
1459;3234
1462;3236
1474;3239
1472;3241
1463;3244
1452;3247
1441;3249
1435;3252
1435;3254
1440;3257
1449;3259
1463;3261
1461;3264
1456;3266
1456;3269
1459;3271
1459;3273
1451;3276
1447;3278
1451;3281
1460;3283
1475;3286
1489;3289
1490;3291
1490;3294
1469;3296
1457;3299
1459;3301
1457;3303
1450;3306
1446;3308
1450;3311
1451;3313
1446;3315
1434;3318
1419;3320
1422;3323
1436;3325
1450;3328
1457;3331
1466;3333
1482;3336
1491;3338
1495;3341
1501;3343
1496;3345
1487;3348
1470;3350
1445;3353
1440;3355
1440;3357
1429;3360
1418;3362
1411;3365
1411;3367
1422;3369
1438;3373
1461;3375
1491;3378
1517;3380
1537;3383
1529;3385
1502;3387
1486;3390
1479;3392
1470;3395
1464;3397
1466;3399
1465;3402
1451;3404
1444;3407
1440;3409
1428;3411
1428;3415
1447;3417
1450;3420
1456;3422
1472;3425
1498;3427
1503;3429
1495;3432
1472;3434
1465;3437
1456;3439
1440;3441
1429;3444
1434;3446
1449;3449
1464;3451
1461;3454
1459;3457
1450;3459
1456;3462
1470;3464
1475;3467
1471;3469
1472;3471
1476;3474
1492;3476
1499;3479
1488;3481
1470;3483
1458;3486
1442;3488
1437;3491
1428;3493
1421;3496
1424;3499
1441;3501
1450;3504
1449;3506
1462;3509
1470;3511
1470;3513
1464;3516
1453;3518
1447;3521
1440;3523
1451;3525
1453;3528
1450;3530
1448;3533
1447;3535
1442;3538
1425;3540
1422;3543
1439;3546
1457;3548
1497;3551
1531;3553
1543;3555
1535;3558
1519;3560
1488;3563
1471;3565
1468;3567
1467;3570
1472;3572
1462;3575
1453;3577
1444;3580
1450;3582
1457;3585
1457;3588
1461;3590
1464;3593
1465;3595
1465;3597
1458;3600
1447;3602
1433;3605
1434;3607
1444;3609
1459;3612
1481;3614
1480;3617
1482;3619
1469;3622
1437;3624
1418;3627
1414;3630
1420;3632
1439;3635
1448;3637
1447;3639
1456;3642
1464;3644
1464;3647
1474;3649
1483;3652
1480;3654
1472;3656
1472;3659
1468;3661
1463;3664
1458;3666
1449;3668
1458;3672
1482;3674
1486;3677
1481;3679
1459;3681
1443;3684
1439;3686
1442;3689
1460;3691
1470;3694
1494;3696
1507;3698
1502;3701
1491;3703
1480;3706
1477;3708
1474;3710
1483;3714
1545;3716
1576;3719
1588;3721
1560;3723
1517;3726
1482;3728
1464;3731
1452;3733
1456;3736
1462;3738
1468;3740
1461;3743
1465;3745
1460;3748
1445;3750
1437;3752
1431;3756
1430;3758
1453;3761
1479;3763
1488;3765
1480;3768
1458;3770
1443;3773
1441;3775
1450;3778
1455;3780
1471;3782
1486;3785
1487;3787
1485;3790
1487;3792
1486;3794
1471;3798
1458;3800
1440;3803
1420;3805
1425;3807
1445;3810
1460;3812
1472;3815
1457;3817
1456;3820
1459;3822
1466;3824
1476;3827
1458;3829
1438;3832
1436;3834
1429;3836
1436;3840
1456;3842
1465;3845
1460;3847
1455;3849
1458;3852
1463;3854
1478;3857
1466;3859
1448;3862
1438;3864
1422;3866
1425;3869
1435;3871
1447;3874
1468;3876
1466;3878
1458;3881
1460;3884
1461;3887
1462;3889
1453;3892
1457;3894
1466;3896
1476;3899
1477;3901
1451;3904
1425;3906
1413;3908
1421;3911
1428;3913
1449;3916
1468;3918
1482;3920
1485;3923
1482;3926
1479;3929
1465;3931
1459;3934
1457;3936
1448;3938
1438;3941
1432;3943
1420;3946
1406;3948
1399;3950
1401;3953
1420;3955
1448;3958
1473;3960
1494;3962
1501;3965
1489;3968
1466;3971
1454;3973
1433;3976
1429;3978
1422;3980
1424;3983
1428;3985
1441;3988
1454;3990
1457;3992
1465;3995
1497;3997
1520;4000
1546;4002
1544;4004
1525;4007
1519;4009
1517;4013
1534;4015
1554;4018
1550;4020
1519;4022
1474;4025
1435;4027
1412;4030
1403;4032
1408;4034
1416;4037
1421;4039
1437;4042
1443;4044
1440;4046
1457;4049
1459;4051
1454;4055
1439;4057
1421;4060
1414;4062
1414;4064
1440;4067
1458;4069
1458;4072
1446;4074
1434;4076
1450;4079
1486;4081
1527;4084
1547;4086
1537;4089
1516;4091
1496;4093
1509;4097
1520;4099
1514;4102
1490;4104
1461;4106
1437;4109
1422;4111
1430;4114
1444;4116
1448;4118
1458;4121
1453;4123
1456;4126
1482;4128
1510;4131
1543;4133
1584;4135
1587;4139
1559;4141
1509;4144
1459;4146
1433;4148
1432;4151
1441;4153
1450;4156
1456;4158
1448;4160
1453;4163
1456;4165
1455;4168
1459;4170
1466;4173
1483;4175
1519;4177
1545;4180
1534;4183
1511;4186
1478;4188
1477;4190
1486;4193
1493;4195
1467;4198
1429;4200
1403;4202
1408;4205
1441;4207
1465;4210
1479;4212
1487;4215
1506;4217
1518;4219
1519;4222
1498;4225
1479;4228
1463;4230
1450;4232
1444;4235
1445;4237
1490;4240
1527;4242
1545;4244
1531;4247
1478;4249
1418;4252
1414;4254
1437;4257
1453;4259
1463;4261
1445;4264
1430;4267
1391;4270
1395;4272
1438;4274
1485;4277
1513;4279
1509;4282
1478;4284
1441;4287
1420;4289
1418;4291
1420;4294
1444;4296
1487;4299
1526;4301
1535;4303
1528;4306
1497;4308
1486;4312
1498;4314
1502;4316
1493;4319
1470;4321
1455;4324
1438;4326
1428;4329
1425;4331
1417;4333
1420;4336
1441;4338
1448;4341
1465;4343
1468;4345
1463;4348
1477;4350
1476;4354
1454;4356
1424;4358
1430;4361
1444;4363
1473;4366
1470;4368
1453;4371
1441;4373
1429;4375
1436;4378
1462;4380
1481;4383
1470;4385
1456;4387
1469;4390
1507;4392
1524;4396
1518;4398
1457;4400
1430;4403
1411;4405
1414;4408
1436;4410
1470;4413
1495;4415
1512;4417
1515;4420
1485;4422
1442;4425
1423;4427
1422;4429
1434;4432
1439;4434
1442;4438
1436;4440
1433;4442
1446;4445
1462;4447
1471;4450
1489;4452
1504;4455
1542;4457
1567;4459
1548;4462
1514;4464
1485;4467
1464;4469
1439;4471
1419;4474
1387;4476
1377;4480
1424;4482
1474;4485
1482;4487
1466;4489
1437;4492
1428;4494
1431;4497
1440;4499
1455;4501
1491;4504
1507;4506
1494;4509
1480;4511
1468;4513
1471;4516
1474;4518
1488;4521
1483;4524
1478;4527
1486;4529
1484;4531
1486;4534
1520;4536
1539;4539
1537;4541
1517;4543
1459;4546
1433;4548
1418;4551
1416;4553
1434;4555
1474;4558
1509;4560
1525;4563
1511;4566
1473;4569
1456;4571
1445;4573
1438;4576
1423;4578
1417;4581
1422;4583
1441;4585
1456;4588
1481;4590
1495;4593
1511;4595
1527;4597
1505;4600
1469;4602
1446;4605
1449;4608
1449;4611
1461;4613
1480;4615
1502;4618
1510;4620
1503;4623
1498;4625
1473;4627
1454;4630
1449;4632
1441;4635
1456;4637
1493;4639
1536;4642
1554;4644
1525;4647
1478;4649
1421;4653
1393;4655
1393;4657
1418;4660
1442;4662
1456;4665
1458;4667
1458;4669
1471;4672
1510;4674
1543;4677
1543;4679
1511;4682
1455;4684
1430;4686
1419;4689
1419;4691
1429;4695
1445;4697
1488;4699
1503;4702
1514;4704
1495;4707
1445;4709
1438;4711
1449;4714
1459;4716
1476;4719
1491;4721
1498;4724
1486;4726
1481;4728
1478;4731
1502;4733
1530;4737
1529;4739
1512;4741
1483;4744
1435;4746
1401;4749
1392;4751
1401;4753
1429;4756
1478;4758
1504;4761
1505;4763
1501;4766
1476;4768
1457;4770
1454;4773
1458;4775
1470;4779
1455;4781
1436;4783
1477;4786
1505;4788
1547;4791
1545;4793
1509;4795
1447;4798
1411;4800
1416;4803
1421;4805
1432;4808
1460;4810
1482;4812
1503;4815
1510;4817
1509;4820
1487;4823
1475;4825
1480;4828
1483;4830
1504;4833
1495;4835
1486;4837
1454;4840
1415;4842
1419;4845
1440;4847
1461;4850
1479;4852
1469;4854
1461;4857
1453;4859
1437;4862
1413;4865
1390;4867
1370;4870
1367;4872
1388;4875
1431;4877
1485;4880
1520;4882
1513;4884
1503;4887
1489;4889
1460;4892
1450;4894
1456;4896
1453;4899
1461;4901
1467;4904
1469;4907
1474;4909
1480;4912
1502;4914
1517;4917
1498;4919
1471;4922
1440;4924
1425;4926
1447;4929
1467;4931
1475;4934
1477;4936
1448;4938
1425;4941
1433;4943
1462;4946
1493;4948
1486;4951
1471;4954
1456;4956
1441;4959
1445;4961
1463;4964
1501;4966
1535;4968
1534;4971
1506;4973
1468;4976
1453;4978
1432;4980
1439;4983
1478;4985
1501;4988
1515;4990
1511;4993
1488;4996
1462;4998
1442;5001
1422;5003
1413;5006
1406;5008
1394;5010
1398;5013
1409;5015
1421;5018
1446;5020
1481;5022
1529;5025
1542;5027
1544;5030
1528;5032
1522;5035
1523;5038
1542;5040
1567;5043
1561;5045
1508;5048
1460;5050
1427;5052
1440;5055
1453;5057
1452;5060
1445;5062
1454;5064
1467;5067
1491;5069
1518;5072
1517;5074
1500;5078
1497;5080
1523;5082
1542;5085
1534;5087
1483;5090
1438;5092
1429;5094
1449;5097
1464;5099
1461;5102
1440;5104
1445;5106
1491;5109
1538;5111
1559;5114
1532;5116
1475;5120
1442;5122
1452;5124
1465;5127
1487;5129
1492;5132
1490;5134
1492;5136
1487;5139
1491;5141
1497;5144
1502;5146
1511;5148
1499;5151
1490;5153
1493;5156
1496;5158
1510;5161
1531;5164
1548;5166
1551;5169
1532;5171
1491;5174
1452;5176
1437;5178
1426;5181
1427;5183
1413;5186
1413;5188
1432;5190
1454;5193
1471;5195
1488;5198
1483;5200
1471;5203
1469;5206
1499;5208
1519;5211
1538;5213
1542;5216
1527;5218
1499;5220
1485;5223
1493;5225
1513;5228
1522;5230
1514;5232
1492;5235
1466;5237
1451;5240
1447;5242
1435;5245
1432;5248
1431;5250
1427;5253
1431;5255
1468;5258
1505;5260
1531;5262
1540;5265
1539;5267
1555;5270
1574;5272
1567;5275
1548;5277
1516;5279
1489;5282
1477;5284
1453;5287
1423;5289
1420;5292
1443;5295
1472;5297
1522;5300
1556;5302
1559;5304
1568;5307
1546;5309
1531;5312
1516;5314
1489;5317
1481;5319
1484;5321
1494;5324
1513;5326
1512;5329
1490;5331
1473;5334
1453;5337
1475;5339
1518;5342
1548;5344
1565;5346
1559;5349
1532;5351
1502;5354
1493;5356
1514;5359
1537;5361
1543;5363
1531;5366
1512;5368
1507;5371
1531;5373
1561;5376
1576;5379
1567;5381
1550;5384
1529;5386
1529;5388
1523;5391
1505;5393
1504;5396
1523;5398
1534;5401
1534;5403
1529;5405
1513;5408
1502;5410
1505;5413
1516;5415
1511;5417
1517;5421
1533;5423
1557;5426
1562;5428
1548;5430
1520;5433
1516;5435
1522;5438
1520;5440
1512;5443
1502;5445
1523;5447
1549;5450
1566;5452
1550;5455
1509;5457
1482;5459
1477;5463
1497;5465
1516;5468
1551;5470
1596;5473
1614;5475
1626;5477
1595;5480
1535;5482
1491;5485
1491;5487
1497;5489
1515;5492
1523;5494
1496;5497
1461;5499
1458;5501
1486;5505
1506;5507
1523;5510
1527;5512
1519;5515
1498;5517
1488;5519
1461;5522
1441;5524
1447;5527
1475;5529
1519;5531
1558;5534
1565;5536
1571;5539
1540;5541
1526;5543
1518;5547
1508;5549
1472;5552
1427;5554
1436;5557
1455;5559
1468;5561
1496;5564
1522;5566
1522;5569
1534;5571
1539;5573
1511;5576
1506;5578
1491;5581
1491;5583
1494;5585
1513;5588
1560;5591
1578;5594
1543;5596
1488;5599
1449;5601
1415;5603
1412;5606
1425;5608
1444;5611
1456;5613
1467;5615
1473;5618
1469;5620
1453;5623
1419;5625
1397;5628
1391;5630
1394;5633
1422;5636
1472;5638
1520;5641
1531;5643
1521;5645
1477;5648
1442;5650
1415;5653
1402;5655
1387;5657
1384;5660
1403;5662
1439;5665
1488;5667
1527;5670
1530;5672
1554;5675
1548;5678
1531;5680
1496;5683
1442;5685
1419;5687
1409;5690
1404;5692
1398;5695
1409;5697
1425;5699
1452;5702
1458;5704
1437;5707
1426;5709
1407;5712
1397;5714
1407;5716
1405;5720
1414;5722
1433;5725
1443;5727
1473;5729
1492;5732
1485;5734
1471;5737
1452;5739
1401;5741
1376;5744
1370;5746
1387;5749
1405;5751
1427;5754
1434;5756
1429;5758
1413;5762
1386;5764
1400;5767
1423;5769
1446;5771
1441;5774
1432;5776
1415;5779
1420;5781
1448;5783
1477;5786
1508;5788
1505;5791
1498;5793
1489;5796
1459;5798
1436;5800
1409;5804
1403;5806
1399;5809
1407;5811
1400;5813
1385;5816
1400;5818
1437;5821
1451;5823
1446;5825
1431;5828
1421;5830
1432;5833
1447;5835
1449;5838
1448;5840
1441;5842
1446;5846
1464;5848
1462;5851
1456;5853
1458;5855
1449;5858
1453;5860
1436;5863
1420;5865
1406;5867
1395;5870
1386;5872
1377;5875
1363;5877
1349;5880
1354;5882
1389;5884
1429;5888
1493;5890
1542;5893
1537;5895
1528;5897
1488;5900
1420;5902
1367;5905
1348;5907
1363;5910
1406;5912
1423;5914
1435;5917
1425;5919
1397;5922
1378;5924
1377;5926
1387;5929
1396;5932
1383;5935
1379;5937
1395;5939
1422;5942
1437;5944
1444;5947
1443;5949
1442;5952
1439;5954
1442;5956
1418;5959
1406;5961
1401;5964
1404;5966
1421;5968
1440;5971
1443;5974
1453;5977
1465;5979
1468;5981
1474;5984
1461;5986
1428;5989
1404;5991
1389;5994
1378;5996
1411;5998
1445;6001
1468;6003
1457;6006
1437;6008
1423;6010
1423;6013
1418;6016
1408;6019
1385;6021
1369;6023
1371;6026
1401;6028
1449;6031
1485;6033
1507;6036
1547;6038
1549;6040
1569;6043
1559;6045
1529;6048
1481;6050
1443;6052
1418;6055
1409;6057
1407;6061
1412;6063
1406;6066
1399;6068
1382;6070
1375;6073
1369;6075
1380;6078
1411;6080
1455;6082
1496;6085
1512;6087
1507;6090
1478;6092
1435;6094
1404;6097
1392;6099
1398;6103
1417;6105
1424;6108
1447;6110
1496;6112
1499;6115
1494;6117
1477;6120
1444;6122
1440;6124
1469;6127
1488;6129
1491;6132
1489;6134
1480;6136
1485;6139
1492;6141
1491;6145
1487;6147
1465;6150
1432;6152
1416;6154
1415;6157
1411;6159
1407;6162
1423;6164
1437;6166
1467;6169
1510;6171
1517;6174
1506;6176
1496;6178
1477;6181
1462;6183
1457;6187
1445;6189
1471;6192
1508;6194
1533;6196
1525;6199
1478;6201
1427;6204
1418;6206
1431;6208
1446;6211
1459;6213
1507;6216
1570;6218
1599;6220
1583;6223
1522;6225
1457;6228
1415;6231
1402;6234
1411;6236
1418;6238
1420;6241
1420;6243
1410;6246
1421;6248
1450;6250
1481;6253
1492;6255
1474;6258
1452;6260
1455;6262
1467;6265
1480;6267
1479;6270
1485;6273
1474;6276
1478;6278
1479;6280
1470;6283
1466;6285
1446;6288
1433;6290
1436;6292
1455;6295
1486;6297
1517;6300
1530;6302
1558;6305
1550;6307
1521;6309
1485;6312
1457;6315
1443;6318
1431;6320
1424;6322
1436;6325
1455;6327
1490;6330
1511;6332
1537;6334
1567;6337
1563;6339
1548;6342
1502;6344
1471;6347
1486;6349
1501;6351
1505;6354
1507;6356
1499;6360
1481;6362
1478;6364
1474;6367
1492;6369
1523;6372
1565;6374
1574;6376
1561;6379
1513;6381
1459;6384
1422;6386
1416;6389
1434;6391
1451;6393
1478;6396
1487;6398
1496;6402
1507;6404
1532;6406
1559;6409
1577;6411
1571;6414
1534;6416
1504;6418
1481;6421
1492;6423
1502;6426
1501;6428
1488;6431
1466;6433
1454;6435
1465;6438
1486;6440
1500;6444
1501;6446
1491;6448
1487;6451
1487;6453
1470;6456
1442;6458
1433;6460
1415;6463
1416;6465
1439;6468
1467;6470
1476;6473
1474;6475
1471;6477
1472;6480
1488;6482
1513;6486
1528;6488
1516;6490
1484;6493
1450;6495
1427;6498
1436;6500
1467;6503
1505;6505
1521;6507
1522;6510
1541;6512
1529;6515
1532;6517
1539;6519
1526;6522
1513;6524
1490;6528
1479;6530
1466;6532
1463;6535
1474;6537
1487;6540
1470;6542
1458;6545
1440;6547
1427;6549
1423;6552
1446;6554
1463;6557
1475;6559
1473;6561
1468;6564
1480;6566
1496;6569
1501;6572
1503;6574
1480;6577
1457;6579
1442;6582
1444;6584
1469;6587
1507;6589
1543;6591
1550;6594
1533;6596
1491;6599
1459;6601
1437;6603
1428;6606
1428;6608
1427;6611
1439;6614
1473;6616
1524;6619
1556;6621
1572;6624
1567;6626
1530;6629
1489;6631
1451;6633
1435;6636
1426;6638
1437;6641
1460;6643
1471;6645
1486;6648
1523;6650
1568;6653
1582;6656
1569;6658
1538;6661
1492;6663
1475;6666
1476;6668
1490;6671
1504;6673
1512;6675
1508;6678
1511;6680
1504;6683
1486;6685
1505;6687
1521;6690
1552;6692
1567;6695
1558;6697
1544;6700
1500;6703
1479;6705
1477;6708
1472;6710
1469;6713
1474;6715
1475;6717
1472;6720
1466;6722
1477;6725
1486;6727
1472;6729
1487;6732
1501;6734
1507;6737
1506;6739
1508;6743
1508;6745
1506;6747
1513;6750
1515;6752
1535;6755
1590;6757
1615;6759
1600;6762
1549;6764
1516;6767
1489;6769
1474;6771
1469;6774
1452;6776
1433;6779
1429;6781
1441;6785
1454;6787
1471;6789
1493;6792
1510;6794
1517;6797
1509;6799
1496;6801
1459;6804
1435;6806
1426;6809
1437;6811
1454;6813
1467;6816
1470;6818
1463;6821
1443;6823
1433;6827
1446;6829
1470;6831
1510;6834
1544;6836
1547;6839
1542;6841
1516;6843
1481;6846
1464;6848
1446;6851
1432;6853
1438;6855
1466;6858
1490;6860
1507;6863
1502;6865
1464;6868
1437;6871
1439;6873
1457;6876
1492;6878
1522;6881
1527;6883
1516;6885
1502;6888
1500;6890
1515;6893
1521;6895
1521;6897
1519;6900
1504;6902
1483;6905
1479;6907
1495;6910
1522;6913
1538;6915
1523;6918
1495;6920
1483;6923
1497;6925
1506;6927
1507;6930
1487;6932
1468;6935
1433;6937
1433;6939
1451;6942
1465;6944
1494;6947
1511;6949
1510;6952
1515;6955
1513;6957
1515;6960
1516;6962
1496;6965
1478;6967
1473;6969
1462;6972
1474;6974
1487;6977
1466;6979
1457;6982
1455;6984
1474;6986
1488;6989
1495;6991
1482;6994
1452;6996
1428;6999
1441;7002
1481;7004
1503;7007
1517;7009
1502;7011
1466;7014
1444;7016
1444;7019
1445;7021
1441;7024
1448;7026
1476;7028
1483;7031
1500;7033
1524;7036
1512;7038
1512;7041
1502;7044
1486;7046
1488;7049
1540;7051
1578;7053
1585;7056
1564;7058
1505;7061
1460;7063
1440;7066
1431;7068
1440;7070
1463;7073
1484;7075
1502;7078
1513;7080
1502;7083
1483;7086
1452;7088
1433;7091
1426;7093
1445;7095
1471;7098
1480;7100
1490;7103
1480;7105
1492;7108
1510;7110
1502;7112
1493;7115
1484;7117
1475;7120
1478;7122
1488;7124
1499;7128
1482;7130
1471;7133
1467;7135
1450;7137
1437;7140
1459;7142
1487;7145
1501;7147
1529;7150
1542;7152
1526;7154
1492;7157
1469;7159
1454;7162
1471;7164
1503;7166
1519;7170
1527;7172
1514;7175
1503;7177
1488;7180
1474;7182
1462;7184
1465;7187
1462;7189
1447;7192
1452;7194
1500;7196
1517;7199
1531;7201
1528;7204
1504;7206
1478;7208
1488;7212
1510;7214
1502;7217
1486;7219
1464;7222
1453;7224
1463;7226
1491;7229
1508;7231
1486;7234
1455;7236
1436;7238
1433;7241
1444;7243
1464;7246
1485;7248
1475;7250
1460;7254
1454;7256
1446;7259
1479;7261
1507;7264
1516;7266
1497;7268
1482;7271
1476;7273
1472;7276
1457;7278
1436;7280
1426;7283
1429;7285
1442;7288
1473;7290
1482;7292
1476;7296
1455;7298
1432;7301
1439;7303
1467;7306
1497;7308
1527;7310
1535;7313
1536;7315
1515;7318
1498;7320
1478;7322
1449;7325
1434;7327
1435;7330
1462;7332
1493;7334
1521;7337
1517;7340
1497;7343
1467;7345
1451;7348
1465;7350
1476;7352
1494;7355
1498;7357
1499;7360
1506;7362
1516;7364
1517;7367
1507;7369
1496;7372
1488;7374
1473;7377
1469;7379
1485;7382
1495;7385
1497;7387
1482;7390
1469;7392
1472;7394
1494;7397
1521;7399
1522;7402
1504;7404
1462;7406
1434;7409
1427;7411
1436;7414
1450;7416
1482;7419
1493;7421
1499;7424
1494;7427
1462;7429
1436;7432
1421;7434
1431;7436
1449;7439
1458;7441
1467;7444
1486;7446
1511;7448
1534;7451
1530;7453
1501;7456
1449;7458
1424;7461
1431;7463
1451;7465
1468;7469
1473;7471
1471;7474
1471;7476
1478;7478
1473;7481
1479;7483
1478;7486
1486;7488
1489;7490
1485;7493
1501;7495
1500;7498
1488;7500
1474;7503
1444;7505
1424;7507
1441;7511
1478;7513
1528;7516
1555;7518
1548;7520
1512;7523
1478;7525
1461;7528
1444;7530
1436;7533
1449;7535
1458;7537
1467;7540
1473;7542
1478;7545
1484;7547
1488;7549
1499;7553
1512;7555
1507;7558
1483;7560
1457;7562
1429;7565
1412;7567
1405;7570
1405;7572
1409;7575
1414;7577
1419;7579
1427;7582
1432;7584
1442;7587
1457;7589
1484;7591
1515;7595
1532;7597
1533;7600
1519;7602
1489;7604
1465;7607
1453;7609
1439;7612
1436;7614
1436;7617
1442;7619
1450;7621
1454;7624
1451;7626
1444;7629
1438;7631
1437;7633
1438;7636
1441;7639
1447;7642
1460;7644
1478;7646
1499;7649
1507;7651
1505;7654
1498;7656
1489;7659
1479;7661
1465;7663
1457;7666
1452;7668
1453;7671
1459;7673
1478;7675
1493;7678
1501;7681
1505;7684
1487;7686
1468;7688
1458;7691
1454;7693
1453;7696
1454;7698
1458;7701
1463;7703
1467;7705
1472;7708
1472;7710
1472;7713
1469;7715
1467;7717
1464;7720
1462;7723
1462;7726
1464;7728
1465;7730
1469;7733
1481;7735
1496;7738
1512;7740
1517;7743
1513;7745
1506;7747
1494;7750
1486;7752
1478;7755
1475;7757
1474;7759
1478;7762
1485;7764
1492;7768
1494;7770
1493;7773
1492;7775
1491;7777
1490;7780
1488;7782
1488;7785
1489;7787
1490;7789
1491;7792
1493;7794
1495;7797
1498;7799
1500;7801
1502;7804
1505;7806
1507;7810
1511;7812
1515;7815
1520;7817
1524;7819
1527;7822
1534;7824
1540;7827
1548;7829
1551;7831
1552;7834
1553;7836
1551;7839
1551;7841
1552;7843
1556;7846
1560;7848
1565;7852
1567;7854
1566;7857
1562;7859
1561;7861
1563;7864
1565;7866
1565;7869
1559;7871
1554;7873
1550;7876
1547;7878
1545;7881
1544;7883
1544;7885
1544;7888
1544;7890
1543;7894
1543;7896
1542;7899
1541;7901
1541;7903
1545;7906
1556;7908
1572;7911
1582;7913
1582;7915
1571;7918
1558;7920
1549;7923
1539;7925
1535;7927
1536;7930
1540;7932
1544;7936
1547;7938
1545;7941
1539;7943
1531;7945
1524;7948
1519;7950
1512;7953
1507;7955
1506;7957
1507;7960
1508;7962
1508;7965
1507;7967
1506;7970
1504;7972
1499;7974
1494;7977
1491;7980
1487;7983
1486;7985
1487;7987
1497;7990
1509;7992
1515;7995
1520;7997
1515;7999
1495;8002
1478;8004
1469;8007
1463;8009
1463;8012
1472;8014
1484;8016
1491;8019
1494;8022
1489;8025
1475;8027
1462;8029
1452;8032
1445;8034
1442;8037
1442;8039
1444;8041
1447;8044
1449;8046
1450;8049
1447;8051
1442;8054
1436;8056
1429;8058
1425;8061
1423;8064
1421;8067
1422;8069
1423;8071
1425;8074
1427;8076
1427;8079
1426;8081
1423;8083
1422;8086
1422;8088
1423;8091
1426;8093
1427;8096
1427;8098
1428;8100
1431;8103
1435;8105
1441;8109
1445;8111
1444;8113
1444;8116
1440;8118
1437;8121
1435;8123
1435;8125
1433;8128
1432;8130
1431;8133
1432;8135
1434;8138
1434;8140
1432;8142
1427;8145
1422;8147
1420;8151
1420;8153
1422;8155
1423;8158
1425;8160
1425;8163
1425;8165
1424;8168
1425;8170
1426;8172
1429;8175
1435;8177
1440;8180
1447;8182
1452;8184
1455;8187
1453;8189
1443;8193
1435;8195
1429;8197
1426;8200
1425;8202
1425;8205
1428;8207
1432;8210
1436;8212
1443;8214
1449;8217
1452;8219
1453;8222
1450;8224
1448;8226
1444;8229
1440;8231
1437;8235
1433;8237
1431;8239
1430;8242
1430;8244
1431;8247
1435;8249
1441;8252
1445;8254
1449;8256
1453;8259
1460;8261
1467;8264
1472;8266
1470;8268
1461;8271
1449;8273
1442;8276
1440;8279
1441;8281
1442;8284
1445;8286
1447;8289
1446;8291
1443;8294
1441;8296
1441;8298
1440;8301
1440;8303
1439;8306
1439;8308
1440;8310
1440;8313
1440;8315
1441;8318
1441;8321
1442;8323
1442;8326
1443;8328
1444;8331
1445;8333
1447;8336
1449;8338
1455;8340
1467;8343
1481;8345
1493;8348
1498;8350
1497;8352
1486;8355
1478;8357
1471;8360
1468;8363
1468;8366
1469;8368
1474;8370
1476;8373
1475;8375
1468;8378
1463;8380
1459;8382
1458;8385
1459;8387
1460;8390
1459;8392
1457;8394
1454;8397
1453;8399
1453;8402
1453;8404
1454;8408
1455;8410
1458;8412
1459;8415
1461;8417
1462;8420
1463;8422
1463;8424
1464;8427
1464;8429
1463;8432
1462;8434
1466;8436
1470;8439
1475;8441
1478;8444
1478;8446
1479;8450
1478;8452
1479;8454
1481;8457
1484;8459
1486;8462
1486;8464
1484;8466
1479;8469
1472;8471
1472;8474
1473;8476
1479;8478
1483;8481
1485;8483
1486;8486
1486;8488
1479;8492
1473;8494
1470;8496
1470;8499
1471;8501
1473;8504
1474;8506
1471;8508
1468;8511
1465;8513
1463;8516
1464;8518
1466;8520
1467;8523
1469;8525
1471;8528
1472;8530
1470;8534
1468;8536
1468;8538
1470;8541
1473;8543
1475;8546
1476;8548
1475;8550
1474;8553
1472;8555
1474;8558
1478;8560
1484;8562
1490;8565
1492;8567
1491;8570
1486;8572
1484;8576
1486;8578
1487;8580
1486;8583
1483;8585
1481;8588
1483;8590
1485;8592
1487;8595
1487;8597
1483;8600
1476;8602
1468;8604
1464;8607
1463;8609
1462;8612
1462;8614
1463;8617
1464;8620
1466;8622
1469;8625
1474;8627
1480;8630
1483;8632
1483;8634
1479;8637
1475;8639
1472;8642
1473;8644
1474;8646
1475;8649
1475;8651
1475;8654
1476;8656
1479;8659
1480;8662
1480;8664
1480;8667
1479;8669
1478;8672
1479;8674
1482;8676
1486;8679
1489;8681
1489;8684
1490;8686
1493;8689
1496;8691
1497;8693
1498;8696
1497;8698
1494;8701
1491;8704
1488;8706
1483;8709
1479;8711
1476;8714
1474;8716
1472;8718
1472;8721
1472;8723
1473;8726
1476;8728
1479;8731
1481;8733
1482;8735
1482;8738
1480;8740
1477;8743
1474;8745
1474;8748
1475;8751
1479;8753
1483;8756
1488;8758
1495;8760
1500;8763
1506;8765
1513;8768
1517;8770
1514;8773
1510;8775
1503;8777
1497;8780
1491;8782
1484;8785
1477;8787
1473;8790
1471;8793
1470;8795
1470;8798
1470;8800
1469;8802
1470;8805
1471;8807
1470;8810
1471;8812
1471;8815
1470;8817
1470;8819
1470;8822
1474;8824
1479;8827
1483;8829
1484;8832
1484;8835
1482;8837
1481;8840
1482;8842
1483;8844
1484;8847
1486;8849
1489;8852
1490;8854
1488;8857
1486;8859
1485;8861
1485;8864
1484;8866
1483;8869
1477;8871
1477;8873
1478;8877
1480;8879
1479;8882
1477;8884
1474;8887
1471;8889
1471;8891
1472;8894
1473;8896
1474;8899
1477;8901
1480;8903
1482;8906
1480;8908
1476;8911
1470;8913
1466;8915
1462;8919
1460;8921
1459;8924
1460;8926
1464;8929
1466;8931
1469;8933
1474;8936
1477;8938
1478;8941
1478;8943
1483;8945
1488;8948
1493;8950
1497;8953
1494;8955
1486;8957
1476;8961
1472;8963
1470;8966
1469;8968
1469;8971
1468;8973
1468;8975
1468;8978
1468;8980
1467;8983
1462;8985
1459;8987
1458;8990
1460;8992
1462;8995
1465;8997
1466;8999
1465;9003
1466;9005
1467;9008
1470;9010
1472;9013
1474;9015
1471;9017
1464;9020
1461;9022
1460;9025
1460;9027
1460;9029
1460;9032
1458;9034
1458;9037
1458;9039
1459;9041
1461;9044
1463;9047
1466;9050
1468;9052
1468;9055
1469;9057
1469;9059
1469;9062
1473;9064
1480;9067
1485;9069
1487;9071
1485;9074
1479;9076
1473;9079
1466;9081
1461;9083
1459;9086
1456;9089
1453;9092
1456;9094
1459;9097
1463;9099
1464;9101
1462;9104
1458;9106
1455;9109
1453;9111
1452;9113
1452;9116
1452;9118
1451;9121
1451;9123
1451;9126
1450;9128
1450;9131
1450;9134
1450;9136
1450;9139
1455;9141
1464;9143
1472;9146
1479;9148
1482;9151
1481;9153
1476;9155
1472;9158
1467;9160
1460;9163
1455;9165
1451;9168
1449;9170
1448;9172
1448;9176
1448;9178
1448;9181
1451;9183
1464;9185
1485;9188
1505;9190
1517;9193
1519;9195
1501;9197
1483;9200
1469;9202
1460;9205
1452;9207
1447;9210
1445;9212
1443;9214
1443;9218
1443;9220
1444;9223
1444;9225
1445;9227
1447;9230
1448;9232
1449;9235
1450;9237
1451;9239
1452;9242
1453;9244
1454;9247
1455;9249
1456;9252
1457;9254
1457;9256
1459;9260
1461;9262
1466;9265
1474;9267
1483;9269
1489;9272
1496;9274
1498;9277
1493;9279
1486;9282
1479;9284
1476;9286
1473;9289
1472;9291
1472;9294
1472;9296
1477;9298
1481;9302
1485;9304
1484;9307
1478;9309
1474;9311
1475;9314
1483;9316
1490;9319
1494;9321
1493;9324
1483;9326
1471;9328
1463;9331
1460;9333
1458;9336
1456;9338
1453;9340
1452;9344
1450;9346
1450;9349
1450;9351
1451;9353
1453;9356
1455;9358
1458;9361
1462;9363
1470;9366
1478;9368
1487;9370
1493;9373
1497;9375
1497;9378
1496;9380
1498;9382
1503;9385
1510;9388
1514;9391
1513;9393
1502;9395
1492;9398
1480;9400
1466;9403
1457;9405
1452;9408
1449;9410
1448;9412
1450;9415
1451;9417
1452;9420
1452;9422
1450;9424
1447;9427
1445;9430
1445;9433
1445;9435
1445;9437
1446;9440
1448;9442
1452;9445
1457;9447
1461;9450
1464;9452
1465;9454
1469;9457
1474;9459
1476;9462
1478;9464
1482;9466
1483;9469
1476;9472
1472;9475
1473;9477
1472;9480
1471;9482
1470;9484
1465;9487
1463;9489
1460;9492
1458;9494
1460;9496
1460;9499
1461;9501
1465;9504
1465;9506
1464;9508
1463;9511
1461;9513
1457;9517
1456;9519
1457;9522
1457;9524
1458;9526
1456;9529
1454;9531
1454;9534
1453;9536
1453;9538
1452;9541
1448;9543
1444;9546
1443;9548
1442;9550
1443;9553
1443;9555
1442;9559
1442;9561
1442;9564
1443;9566
1444;9568
1445;9571
1450;9573
1456;9576
1461;9578
1461;9580
1458;9583
1455;9585
1453;9588
1456;9590
1461;9592
1466;9595
1469;9597
1468;9601
1464;9603
1458;9606
1455;9608
1456;9610
1459;9613
1464;9615
1470;9618
1474;9620
1480;9622
1484;9625
1481;9627
1474;9630
1466;9632
1465;9634
1468;9637
1470;9639
1471;9643
1470;9645
1467;9648
1462;9650
1461;9652
1462;9655
1463;9657
1464;9660
1462;9662
1460;9664
1457;9667
1457;9669
1459;9672
1462;9674
1467;9677
1472;9679
1478;9681
1484;9684
1490;9687
1506;9690
1521;9692
1529;9694
1532;9697
1527;9699
1514;9702
1501;9704
1491;9706
1483;9709
1475;9711
1472;9714
1474;9716
1479;9719
1489;9721
1495;9723
1493;9726
1489;9729
1486;9732
1479;9734
1472;9736
1468;9739
1466;9741
1469;9744
1474;9746
1478;9748
1481;9751
1481;9753
1479;9756
1476;9758
1478;9761
1481;9763
1487;9765
1494;9768
1496;9771
1500;9774
1499;9776
1497;9778
1489;9781
1483;9783
1478;9786
1480;9788
1483;9790
1488;9793
1490;9795
1490;9798
1490;9800
1485;9803
1477;9805
1473;9807
1473;9810
1476;9812
1481;9816
1489;9818
1495;9820
1500;9823
1498;9825
1494;9828
1488;9830
1484;9832
1479;9835
1474;9837
1471;9840
1469;9842
1469;9845
1474;9847
1480;9849
1483;9852
1484;9854
1485;9858
1481;9860
1473;9862
1468;9865
1466;9867
1466;9870
1470;9872
1475;9875
1480;9877
1485;9879
1488;9882
1491;9884
1492;9887
1491;9889
1489;9891
1487;9894
1485;9896
1482;9900
1479;9902
1475;9904
1475;9907
1478;9909
1481;9912
1481;9914
1483;9917
1481;9919
1478;9921
1481;9924
1488;9926
1495;9929
1499;9931
1495;9933
1488;9936
1481;9938
1477;9942
1473;9944
1472;9946
1476;9949
1480;9951
1487;9954
1492;9956
1495;9959
1495;9961
1492;9963
1487;9966
1484;9968
1485;9971
1485;9973
1484;9975
1480;9978
1474;9980
1467;9984
1463;9986
1461;9988
