1477;2
1477;4
1477;7
1479;9
1481;11
1485;13
1487;16
1487;18
1487;20
1489;23
1488;25
1485;27
1484;30
1483;32
1482;34
1483;37
1484;39
1484;41
1483;44
1483;47
1482;49
1482;51
1483;54
1483;56
1484;58
1487;61
1490;63
1487;65
1486;68
1487;70
1486;72
1484;75
1482;77
1479;79
1478;81
1477;84
1478;87
1481;89
1482;92
1482;94
1479;96
1479;99
1480;101
1480;103
1479;106
1480;108
1483;110
1486;113
1490;115
1490;117
1483;120
1479;122
1478;125
1477;128
1475;130
1474;133
1476;135
1479;137
1481;140
1483;142
1486;144
1488;147
1484;149
1483;152
1481;154
1480;156
1480;159
1479;161
1479;163
1480;166
1481;168
1481;171
1481;174
1481;176
1479;179
1478;181
1478;183
1478;186
1478;188
1478;190
1478;193
1480;195
1483;197
1489;200
1495;202
1497;205
1496;207
1492;209
1485;212
1481;215
1481;217
1481;220
1482;222
1483;224
1484;227
1486;229
1485;232
1483;234
1481;236
1480;239
1478;241
1477;243
1478;246
1480;248
1483;250
1485;253
1485;256
1485;259
1484;261
1485;263
1484;266
1484;268
1482;270
1481;273
1480;275
1479;277
1480;280
1480;282
1480;285
1481;287
1484;289
1486;292
1486;294
1485;296
1485;300
1486;302
1486;304
1486;307
1485;309
1485;312
1486;314
1485;316
1486;319
1487;321
1487;323
1487;326
1486;328
1482;330
1481;333
1479;335
1478;337
1478;340
1478;343
1478;346
1479;348
1480;350
1482;353
1484;355
1485;357
1487;360
1488;362
1485;364
1480;367
1477;369
1476;372
1476;374
1476;376
1477;379
1479;381
1484;384
1491;387
1497;389
1498;391
1493;394
1487;396
1484;399
1483;401
1483;403
1482;406
1482;408
1481;410
1481;413
1480;415
1479;417
1482;420
1483;422
1483;425
1481;428
1481;430
1481;433
1482;435
1483;437
1486;440
1488;442
1488;444
1485;447
1482;449
1479;452
1478;454
1477;456
1477;459
1478;461
1479;463
1482;466
1483;468
1481;471
1480;474
1479;476
1479;479
1480;481
1480;483
1481;486
1480;488
1482;490
1484;493
1488;495
1490;497
1489;500
1487;502
1483;505
1483;507
1483;509
1486;513
1488;515
1487;517
1489;520
1489;522
1486;524
1482;527
1482;529
1481;532
1477;534
1476;536
1476;539
1478;541
1478;543
1476;546
1476;548
1475;550
1476;553
1479;556
1483;559
1488;561
1488;563
1486;566
1485;568
1482;570
1480;573
1481;575
1484;577
1489;580
1496;582
1499;585
1494;587
1487;589
1480;592
1478;594
1477;596
1481;600
1482;602
1479;604
1477;607
1476;609
1474;612
1473;614
1474;616
1473;619
1473;621
1475;623
1478;626
1480;628
1483;630
1481;633
1477;635
1476;638
1475;641
1475;643
1476;646
1477;648
1479;650
1482;653
1484;655
1486;657
1482;660
1480;662
1483;664
1488;667
1492;669
1496;672
1491;674
1483;676
1480;679
1479;681
1479;684
1479;687
1481;689
1482;691
1484;694
1486;696
1487;699
1492;701
1490;703
1485;706
1482;708
1480;710
1479;713
1478;715
1478;717
1478;720
1478;722
1478;726
1479;728
1479;730
1480;733
1477;735
1476;737
1478;740
1479;742
1480;744
1482;747
1484;749
1488;752
1489;754
1491;756
1490;759
1490;761
1490;763
1488;766
1488;769
1489;771
1486;774
1486;776
1486;779
1487;781
1487;783
1485;786
1485;788
1483;790
1481;793
1482;795
1483;797
1482;800
1481;802
1481;805
1482;807
1483;809
1483;813
1483;815
1482;817
1482;820
1483;822
1483;824
1483;827
1483;829
1481;832
1479;834
1479;836
1478;839
1479;841
1481;843
1484;846
1488;848
1489;850
1486;854
1486;856
1486;859
1488;861
1489;863
1487;866
1487;868
1487;870
1486;873
1484;875
1484;877
1483;880
1482;882
1481;885
1482;887
1482;889
1481;892
1481;894
1480;897
1477;900
1474;902
1473;904
1471;907
1471;909
1469;912
1469;914
1470;916
1471;919
1472;921
1473;923
1474;926
1475;928
1477;930
1477;933
1476;935
1474;939
1473;941
1475;943
1478;946
1476;948
1476;950
1474;953
1471;955
1471;957
1470;960
1469;962
1468;965
1468;967
1470;969
1475;972
1482;974
1487;976
1486;979
1482;982
1478;984
1475;987
1474;989
1473;992
1473;994
1475;996
1480;999
1487;1001
1489;1003
1487;1006
1488;1008
1486;1011
1481;1013
1475;1015
1472;1018
1471;1020
1470;1024
1471;1026
1472;1029
1472;1031
1473;1033
1474;1036
1476;1038
1474;1041
1474;1043
1474;1045
1474;1048
1475;1050
1476;1053
1476;1055
1476;1057
1476;1060
1476;1062
1475;1065
1476;1068
1477;1071
1479;1073
1477;1075
1475;1078
1473;1080
1473;1083
1473;1085
1475;1087
1479;1090
1484;1092
1487;1095
1487;1097
1490;1100
1492;1102
1488;1104
1481;1107
1480;1110
1480;1113
1482;1115
1481;1117
1479;1120
1478;1122
1477;1125
1476;1127
1476;1129
1476;1132
1478;1134
1477;1137
1476;1139
1478;1142
1481;1144
1483;1146
1484;1149
1483;1152
1482;1155
1481;1157
1480;1159
1479;1162
1479;1164
1478;1167
1479;1169
1482;1171
1485;1174
1489;1176
1491;1179
1492;1181
1489;1184
1485;1186
1484;1188
1485;1191
1487;1193
1492;1197
1493;1199
1490;1201
1489;1204
1489;1206
1486;1209
1483;1211
1482;1213
1483;1216
1486;1218
1487;1221
1485;1223
1485;1226
1485;1228
1486;1230
1487;1233
1487;1235
1486;1239
1485;1241
1485;1243
1484;1246
1484;1248
1484;1251
1485;1253
1485;1255
1485;1258
1485;1260
1485;1263
1486;1265
1489;1268
1491;1270
1492;1272
1491;1275
1489;1277
1491;1281
1492;1283
1492;1285
1490;1288
1489;1290
1487;1293
1486;1295
1486;1298
1484;1300
1483;1302
1484;1305
1486;1307
1488;1310
1486;1312
1485;1314
1487;1317
1488;1319
1489;1323
1489;1325
1490;1327
1490;1330
1492;1332
1495;1335
1491;1337
1486;1340
1485;1342
1484;1344
1483;1347
1480;1349
1478;1352
1478;1354
1478;1356
1478;1359
1479;1361
1478;1364
1478;1367
1479;1369
1481;1372
1481;1374
1482;1377
1484;1379
1484;1382
1483;1384
1483;1386
1483;1389
1483;1391
1482;1394
1484;1396
1486;1398
1490;1401
1494;1403
1496;1406
1493;1409
1490;1411
1489;1414
1489;1416
1489;1419
1489;1421
1492;1424
1496;1426
1501;1428
1497;1431
1488;1433
1480;1436
1478;1438
1476;1440
1475;1443
1476;1445
1478;1448
1478;1451
1479;1453
1478;1456
1477;1458
1479;1461
1480;1463
1481;1466
1483;1468
1485;1470
1484;1473
1481;1475
1480;1478
1483;1480
1486;1482
1488;1485
1488;1487
1483;1490
1480;1492
1476;1496
1474;1498
1474;1500
1473;1503
1474;1505
1472;1508
1472;1510
1473;1512
1475;1515
1476;1517
1477;1520
1478;1522
1480;1524
1481;1527
1481;1529
1483;1532
1483;1534
1483;1538
1484;1540
1484;1542
1485;1545
1487;1547
1483;1550
1480;1552
1481;1554
1480;1557
1481;1559
1481;1562
1479;1564
1477;1566
1478;1569
1479;1571
1481;1574
1485;1576
1487;1580
1484;1582
1483;1584
1481;1587
1478;1589
1475;1592
1474;1594
1475;1596
1477;1599
1479;1601
1481;1604
1482;1606
1484;1608
1483;1611
1482;1613
1478;1616
1477;1618
1479;1622
1484;1624
1489;1626
1492;1629
1491;1631
1486;1634
1479;1636
1474;1638
1472;1641
1471;1643
1471;1646
1472;1648
1472;1650
1472;1653
1473;1655
1473;1658
1473;1660
1473;1664
1477;1666
1482;1668
1486;1671
1487;1673
1480;1676
1478;1678
1478;1680
1476;1683
1475;1685
1475;1688
1476;1690
1479;1693
1482;1695
1482;1697
1479;1700
1479;1702
1480;1705
1480;1708
1481;1710
1481;1713
1481;1715
1480;1718
1481;1720
1483;1722
1485;1725
1486;1727
1486;1730
1486;1732
1486;1735
1483;1737
1482;1739
1482;1742
1482;1744
1483;1747
1483;1750
1484;1752
1482;1755
1480;1757
1480;1760
1480;1762
1480;1764
1480;1767
1481;1769
1480;1772
1480;1774
1481;1777
1483;1779
1486;1781
1489;1784
1490;1786
1490;1789
1491;1792
1493;1794
1495;1797
1490;1799
1488;1802
1485;1804
1483;1806
1482;1809
1482;1811
1482;1814
1483;1816
1485;1819
1486;1821
1489;1823
1490;1826
1489;1828
1488;1831
1487;1833
1487;1836
1488;1839
1488;1841
1485;1844
1483;1846
1482;1848
1481;1851
1481;1853
1482;1856
1483;1858
1484;1861
1486;1863
1489;1865
1487;1868
1482;1870
1482;1873
1482;1875
1481;1878
1483;1881
1485;1883
1487;1886
1490;1888
1490;1891
1487;1893
1486;1895
1485;1898
1485;1900
1486;1903
1488;1905
1490;1907
1491;1910
1493;1912
1497;1915
1502;1917
1496;1920
1491;1923
1486;1925
1482;1928
1481;1930
1482;1933
1483;1935
1481;1937
1481;1940
1480;1942
1479;1945
1479;1947
1480;1949
1482;1952
1486;1954
1485;1957
1483;1959
1483;1961
1483;1965
1483;1967
1483;1970
1481;1972
1480;1975
1480;1977
1479;1979
1479;1982
1480;1984
1480;1987
1482;1989
1486;1991
1489;1994
1491;1996
1492;1999
1492;2001
1489;2003
1489;2007
1489;2009
1488;2012
1486;2014
1484;2017
1484;2019
1482;2021
1480;2024
1482;2026
1481;2029
1480;2031
1480;2033
1481;2036
1481;2038
1478;2041
1478;2043
1477;2045
1476;2049
1476;2051
1475;2054
1475;2056
1473;2059
1473;2061
1474;2063
1475;2066
1475;2068
1476;2071
1476;2073
1477;2075
1477;2078
1478;2080
1479;2083
1480;2085
1482;2088
1484;2091
1483;2093
1482;2096
1481;2098
1483;2101
1484;2103
1484;2105
1482;2108
1482;2110
1484;2113
1487;2115
1493;2117
1497;2120
1500;2122
1498;2125
1490;2127
1485;2130
1480;2132
1478;2135
1478;2138
1480;2140
1483;2143
1483;2145
1484;2147
1487;2150
1487;2152
1484;2155
1480;2157
1477;2159
1475;2162
1473;2164
1472;2167
1471;2169
1471;2172
1472;2174
1475;2177
1480;2180
1483;2182
1482;2185
1482;2187
1481;2189
1481;2192
1481;2194
1482;2197
1484;2199
1484;2201
1486;2204
1490;2206
1487;2209
1486;2211
1482;2214
1479;2216
1476;2219
1475;2222
1476;2224
1478;2227
1479;2229
1480;2231
1478;2234
1475;2236
1474;2239
1473;2241
1473;2243
1473;2246
1475;2248
1479;2251
1482;2253
1484;2256
1481;2258
1479;2260
1480;2264
1484;2266
1488;2269
1494;2271
1494;2273
1484;2276
1482;2278
1481;2281
1480;2283
1476;2286
1474;2288
1478;2290
1484;2293
1490;2295
1494;2298
1493;2300
1493;2302
1493;2306
1489;2308
1483;2311
1478;2313
1479;2315
1481;2318
1484;2320
1486;2323
1484;2325
1481;2328
1482;2330
1480;2332
1480;2335
1482;2337
1478;2340
1476;2342
1477;2344
1479;2348
1486;2350
1496;2353
1503;2355
1502;2357
1494;2360
1487;2362
1482;2365
1476;2367
1478;2370
1480;2372
1480;2374
1487;2377
1495;2379
1502;2382
1510;2384
1510;2386
1503;2390
1487;2392
1479;2395
1476;2397
1474;2399
1473;2402
1472;2404
1471;2407
1472;2409
1475;2412
1479;2414
1483;2416
1478;2419
1477;2421
1478;2424
1479;2426
1481;2428
1484;2432
1489;2434
1497;2437
1511;2439
1529;2441
1544;2444
1554;2446
1544;2449
1536;2451
1533;2454
1534;2456
1520;2458
1512;2461
1511;2463
1511;2466
1515;2468
1520;2470
1519;2473
1518;2476
1518;2479
1513;2481
1511;2483
1509;2486
1509;2488
1509;2491
1509;2493
1509;2496
1510;2498
1512;2500
1516;2503
1522;2505
1525;2508
1523;2510
1526;2512
1532;2515
1544;2518
1560;2521
1572;2523
1569;2525
1564;2528
1566;2530
1572;2533
1575;2535
1576;2538
1580;2540
1584;2542
1589;2545
1594;2547
1598;2550
1604;2552
1612;2554
1621;2557
1632;2560
1645;2563
1655;2565
1670;2568
1691;2570
1705;2572
1728;2575
1744;2577
1743;2580
1744;2582
1749;2584
1751;2587
1747;2589
1754;2592
1765;2594
1768;2596
1765;2599
1770;2601
1783;2605
1800;2607
1823;2610
1839;2612
1844;2614
1864;2617
1892;2619
1913;2622
1936;2624
1928;2626
1903;2629
1889;2631
1889;2634
1899;2636
1915;2638
1932;2641
1935;2643
1921;2647
1918;2649
1932;2652
1951;2654
1950;2656
1910;2659
1878;2661
1871;2664
1878;2666
1892;2668
1921;2671
1926;2673
1912;2676
1902;2678
1889;2680
1881;2683
1879;2685
1883;2689
1877;2691
1870;2694
1874;2696
1888;2698
1912;2701
1904;2703
1861;2706
1826;2708
1803;2710
1780;2713
1768;2715
1767;2718
1767;2720
1756;2722
1756;2725
1755;2727
1742;2731
1733;2733
1713;2736
1675;2738
1624;2740
1598;2743
1571;2745
1549;2748
1529;2750
1512;2752
1496;2755
1482;2757
1473;2760
1465;2762
1459;2764
1458;2767
1457;2769
1466;2772
1480;2775
1493;2778
1507;2780
1515;2782
1530;2785
1536;2787
1543;2790
1547;2792
1537;2794
1539;2797
1537;2799
1533;2802
1534;2804
1534;2807
1529;2809
1523;2811
1510;2814
1486;2817
1464;2820
1449;2822
1436;2824
1423;2827
1410;2829
1399;2832
1393;2834
1399;2836
1412;2839
1423;2841
1426;2844
1419;2846
1409;2849
1414;2851
1425;2853
1444;2856
1464;2859
1490;2862
1506;2864
1510;2866
1496;2869
1454;2871
1412;2874
1379;2876
1359;2878
1344;2881
1333;2883
1328;2886
1318;2888
1302;2891
1289;2893
1267;2895
1251;2898
1234;2900
1215;2904
1203;2906
1197;2908
1204;2911
1214;2913
1213;2916
1196;2918
1172;2920
1170;2923
1157;2925
1126;2928
1113;2930
1106;2933
1113;2935
1126;2937
1099;2940
1069;2942
1052;2946
1038;2948
1029;2950
1024;2953
1022;2955
1024;2958
1026;2960
1027;2962
1027;2965
1025;2967
1031;2970
1051;2972
1069;2975
1082;2977
1090;2979
1101;2982
1110;2984
1109;2988
1111;2990
1113;2992
1118;2995
1109;2997
1096;3000
1094;3002
1096;3004
1102;3007
1114;3009
1126;3012
1136;3014
1143;3017
1145;3019
1145;3021
1148;3024
1152;3026
1160;3030
1169;3032
1181;3034
1173;3037
1164;3039
1179;3042
1203;3044
1230;3047
1241;3049
1233;3051
1240;3054
1226;3056
1187;3059
1163;3061
1160;3063
1166;3066
1176;3068
1191;3072
1198;3074
1200;3076
1212;3079
1221;3081
1214;3084
1201;3086
1194;3089
1189;3091
1182;3093
1178;3096
1182;3098
1185;3101
1184;3103
1194;3105
1207;3108
1227;3110
1237;3113
1238;3116
1241;3118
1252;3121
1255;3123
1266;3126
1280;3128
1273;3131
1282;3133
1296;3135
1291;3138
1287;3140
1292;3143
1297;3145
1292;3147
1283;3150
1285;3152
1289;3155
1292;3158
1298;3160
1306;3163
1298;3165
1290;3168
1288;3170
1288;3173
1289;3175
1286;3177
1296;3180
1308;3182
1313;3185
1319;3187
1327;3189
1334;3192
1342;3194
1350;3197
1360;3200
1374;3202
1389;3205
1412;3207
1434;3210
1452;3212
1444;3215
1424;3217
1418;3219
1407;3222
1396;3224
1390;3227
1395;3229
1407;3231
1426;3234
1442;3236
1449;3239
1453;3241
1463;3245
1464;3247
1462;3249
1459;3252
1452;3254
1443;3257
1443;3259
1444;3261
1449;3264
1456;3266
1460;3269
1471;3271
1482;3273
1499;3276
1514;3278
1523;3281
1533;3283
1555;3287
1567;3289
1574;3291
1569;3294
1558;3296
1555;3299
1549;3301
1551;3303
1551;3306
1545;3308
1542;3311
1546;3313
1554;3315
1558;3318
1561;3320
1562;3323
1552;3325
1547;3329
1549;3331
1551;3333
1551;3336
1555;3338
1562;3341
1574;3343
1585;3345
1598;3348
1605;3350
1602;3353
1594;3355
1602;3357
1609;3360
1625;3362
1626;3365
1615;3367
1605;3371
1590;3373
1584;3375
1579;3378
1570;3380
1565;3383
1564;3385
1556;3387
1545;3390
1538;3392
1521;3395
1509;3397
1504;3399
1510;3402
1514;3404
1519;3407
1518;3409
1505;3412
1496;3415
1493;3417
1487;3420
1481;3422
1486;3425
1493;3427
1512;3429
1512;3432
1508;3434
1511;3437
1513;3439
1521;3441
1532;3444
1523;3446
1502;3449
1483;3451
1478;3454
1477;3457
1469;3459
1469;3462
1465;3464
1464;3467
1466;3469
1461;3471
1451;3474
1439;3476
1426;3479
1423;3481
1417;3484
1416;3486
1418;3488
1422;3491
1428;3493
1430;3496
1427;3499
1430;3501
1431;3504
1431;3506
1437;3509
1443;3511
1447;3513
1452;3516
1457;3518
1462;3521
1468;3523
1466;3526
1473;3528
1466;3530
1452;3533
1449;3535
1449;3538
1443;3540
1431;3543
1421;3546
1414;3548
1413;3551
1415;3553
1420;3555
1418;3558
1414;3560
1413;3563
1416;3565
1429;3568
1440;3570
1449;3572
1454;3575
1450;3577
1454;3580
1466;3582
1467;3585
1469;3588
1466;3590
1468;3593
1471;3595
1468;3597
1467;3600
1471;3602
1473;3605
1472;3607
1472;3610
1470;3612
1472;3614
1476;3617
1479;3619
1482;3622
1482;3624
1482;3627
1480;3630
1476;3632
1476;3635
1487;3637
1499;3639
1501;3642
1496;3644
1493;3647
1493;3649
1493;3652
1490;3654
1499;3656
1512;3659
1526;3661
1530;3664
1523;3666
1523;3668
1526;3672
1532;3674
1538;3677
1547;3679
1552;3682
1558;3684
1548;3686
1520;3689
1506;3691
1501;3694
1503;3696
1498;3698
1492;3701
1487;3703
1484;3706
1484;3708
1486;3710
1492;3714
1498;3716
1509;3719
1522;3721
1532;3724
1541;3726
1524;3728
1506;3731
1502;3733
1505;3736
1519;3738
1534;3740
1546;3743
1538;3745
1530;3748
1530;3750
1530;3752
1515;3756
1503;3758
1499;3761
1500;3763
1506;3766
1493;3768
1484;3770
1477;3773
1471;3775
1465;3778
1464;3780
1466;3782
1473;3785
1479;3787
1474;3790
1463;3792
1459;3794
1466;3798
1471;3800
1478;3803
1487;3805
1500;3808
1507;3810
1511;3812
1518;3815
1518;3817
1500;3820
1492;3822
1479;3824
1472;3827
1476;3829
1487;3832
1487;3834
1481;3836
1480;3840
1473;3842
1462;3845
1458;3847
1458;3850
1466;3852
1477;3854
1488;3857
1483;3859
1485;3862
1475;3864
1471;3866
1472;3869
1476;3871
1483;3874
1495;3876
1520;3879
1528;3881
1525;3884
1500;3887
1474;3889
1467;3892
1471;3894
1471;3896
1461;3899
1451;3901
1445;3904
1442;3906
1443;3908
1440;3911
1439;3913
1440;3916
1443;3918
1457;3921
1475;3923
1488;3926
1491;3929
1475;3931
1478;3934
1492;3936
1502;3938
1503;3941
1519;3943
1519;3946
1492;3948
1489;3950
1500;3953
1523;3955
1544;3958
1531;3960
1514;3963
1511;3965
1503;3968
1494;3971
1491;3973
1482;3976
1483;3978
1482;3980
1484;3983
1488;3985
1484;3988
1480;3990
1479;3992
1485;3995
1492;3997
1509;4000
1528;4002
1531;4005
1520;4007
1512;4009
1513;4013
1520;4015
1532;4018
1532;4020
1533;4022
1537;4025
1547;4027
1547;4030
1546;4032
1552;4035
1547;4037
1548;4039
1549;4042
1550;4044
1548;4047
1551;4049
1560;4051
1564;4055
1546;4057
1532;4060
1526;4062
1526;4064
1529;4067
1527;4069
1517;4072
1510;4074
1514;4077
1518;4079
1517;4081
1517;4084
1511;4086
1509;4089
1512;4091
1519;4093
1526;4097
1537;4099
1553;4102
1548;4104
1552;4106
1550;4109
1537;4111
1531;4114
1530;4116
1531;4119
1536;4121
1534;4123
1525;4126
1526;4128
1518;4131
1507;4133
1501;4135
1497;4139
1495;4141
1493;4144
1488;4146
1480;4148
1476;4151
1477;4153
1480;4156
1483;4158
1480;4161
1474;4163
1471;4165
1475;4168
1487;4170
1506;4173
1516;4175
1517;4177
1518;4180
1520;4183
1520;4186
1524;4188
1524;4190
1514;4193
1498;4195
1496;4198
1500;4200
1500;4203
1495;4205
1487;4207
1477;4210
1470;4212
1472;4215
1482;4217
1495;4219
1489;4222
1472;4225
1461;4228
1466;4230
1485;4232
1495;4235
1499;4237
1504;4240
1505;4242
1512;4245
1514;4247
1497;4249
1491;4252
1492;4254
1495;4257
1505;4259
1516;4261
1525;4264
1527;4267
1529;4270
1530;4272
1514;4274
1494;4277
1490;4279
1494;4282
1497;4284
1501;4287
1507;4289
1501;4291
1494;4294
1485;4296
1484;4299
1478;4301
1480;4303
1491;4306
1513;4308
1525;4312
1508;4314
1487;4317
1474;4319
1467;4321
1463;4324
1474;4326
1498;4329
1518;4331
1516;4333
1506;4336
1511;4338
1529;4341
1541;4343
1537;4345
1534;4348
1533;4350
1524;4354
1526;4356
1515;4359
1499;4361
1487;4363
1485;4366
1492;4368
1496;4371
1500;4373
1503;4375
1493;4378
1483;4380
1484;4383
1489;4385
1495;4387
1510;4390
1516;4392
1493;4396
1481;4398
1485;4401
1496;4403
1506;4405
1509;4408
1503;4410
1494;4413
1483;4415
1483;4417
1490;4420
1501;4422
1509;4425
1514;4427
1533;4429
1544;4432
1558;4434
1529;4438
1500;4440
1494;4443
1505;4445
1519;4447
1519;4450
1506;4452
1489;4455
1481;4457
1475;4459
1475;4462
1476;4464
1477;4467
1472;4469
1473;4471
1474;4474
1481;4476
1489;4480
1490;4482
1500;4485
1504;4487
1497;4489
1496;4492
1478;4494
1471;4497
1472;4499
1483;4501
1487;4504
1480;4506
1475;4509
1476;4511
1486;4514
1501;4516
1505;4518
1497;4521
1488;4524
1479;4527
1482;4529
1485;4531
1478;4534
1477;4536
1480;4539
1470;4541
1459;4543
1460;4546
1469;4548
1473;4551
1470;4553
1463;4556
1452;4558
1456;4560
1465;4563
1480;4566
1483;4569
1487;4571
1483;4573
1473;4576
1467;4578
1475;4581
1488;4583
1497;4585
1492;4588
1472;4590
1464;4593
1467;4595
1474;4598
1478;4600
1499;4602
1527;4605
1544;4608
1529;4611
1490;4613
1468;4615
1465;4618
1472;4620
1483;4623
1489;4625
1481;4627
1475;4630
1481;4632
1473;4635
1472;4637
1471;4640
1476;4642
1478;4644
1474;4647
1465;4649
1467;4653
1480;4655
1494;4657
1499;4660
1491;4662
1495;4665
1494;4667
1496;4669
1502;4672
1501;4674
1494;4677
1494;4679
1491;4682
1487;4684
1488;4686
1497;4689
1504;4691
1502;4695
1499;4697
1500;4699
1506;4702
1518;4704
1514;4707
1500;4709
1493;4712
1498;4714
1509;4716
1512;4719
1518;4721
1517;4724
1514;4726
1517;4728
1519;4731
1518;4733
1520;4737
1525;4739
1530;4741
1524;4744
1522;4746
1520;4749
1508;4751
1500;4754
1495;4756
1491;4758
1488;4761
1482;4763
1481;4766
1483;4768
1487;4770
1495;4773
1502;4775
1510;4779
1513;4781
1508;4783
1499;4786
1506;4788
1513;4791
1513;4793
1517;4796
1532;4798
1533;4800
1527;4803
1506;4805
1501;4808
1510;4810
1534;4812
1552;4815
1555;4817
1552;4820
1531;4823
1516;4825
1503;4828
1497;4830
1498;4833
1496;4835
1500;4838
1503;4840
1501;4842
1499;4845
1488;4847
1482;4850
1478;4852
1471;4854
1470;4857
1479;4859
1493;4862
1508;4865
1518;4867
1524;4870
1524;4872
1533;4875
1543;4877
1562;4880
1573;4882
1559;4884
1534;4887
1525;4889
1507;4892
1493;4894
1476;4896
1472;4899
1469;4901
1476;4904
1479;4907
1487;4909
1497;4912
1496;4914
1487;4917
1464;4919
1455;4922
1460;4924
1471;4926
1483;4929
1490;4931
1490;4934
1488;4936
1483;4938
1489;4941
1493;4943
1493;4946
1496;4948
1488;4952
1501;4954
1521;4956
1539;4959
1549;4961
1524;4964
1486;4966
1466;4968
1454;4971
1448;4973
1451;4976
1462;4978
1472;4980
1474;4983
1476;4985
1471;4988
1466;4990
1465;4994
1468;4996
1482;4998
1492;5001
1497;5003
1500;5006
1489;5008
1483;5010
1481;5013
1478;5015
1478;5018
1470;5020
1474;5022
1471;5025
1467;5027
1469;5030
1479;5032
1486;5036
1493;5038
1488;5040
1482;5043
1481;5045
1488;5048
1496;5050
1501;5052
1494;5055
1476;5057
1468;5060
1469;5062
1472;5064
1465;5067
1457;5069
1450;5072
1452;5074
1459;5078
1455;5080
1463;5082
1471;5085
1475;5087
1479;5090
1473;5092
1474;5094
1485;5097
1478;5099
1471;5102
1470;5104
1459;5107
1454;5109
1456;5111
1455;5114
1462;5116
1469;5120
1478;5122
1498;5124
1496;5127
1480;5129
1470;5132
1453;5134
1453;5136
1464;5139
1468;5141
1467;5144
1470;5146
1454;5149
1443;5151
1441;5153
1440;5156
1446;5158
1455;5161
1474;5164
1485;5166
1483;5169
1485;5171
1476;5174
1476;5176
1480;5178
1487;5181
1481;5183
1459;5186
1447;5188
1445;5191
1452;5193
1474;5195
1496;5198
1495;5200
1475;5203
1463;5206
1462;5208
1471;5211
1476;5213
1476;5216
1476;5218
1483;5220
1492;5223
1481;5225
1484;5228
1485;5230
1497;5233
1505;5235
1484;5237
1481;5240
1481;5242
1494;5245
1496;5248
1491;5250
1490;5253
1485;5255
1484;5258
1477;5260
1473;5262
1473;5265
1464;5267
1467;5270
1475;5272
1489;5275
1493;5277
1485;5279
1475;5282
1459;5284
1451;5287
1455;5289
1466;5292
1494;5295
1517;5297
1510;5300
1496;5302
1476;5305
1464;5307
1464;5309
1468;5312
1471;5314
1476;5317
1481;5319
1494;5321
1497;5324
1495;5326
1495;5329
1489;5331
1482;5334
1475;5337
1475;5339
1478;5342
1472;5344
1463;5347
1467;5349
1471;5351
1477;5354
1485;5356
1482;5359
1477;5361
1470;5363
1460;5366
1443;5368
1439;5371
1444;5373
1455;5376
1478;5379
1493;5381
1492;5384
1485;5386
1487;5389
1483;5391
1482;5393
1478;5396
1482;5398
1498;5401
1516;5403
1511;5405
1499;5408
1483;5410
1477;5413
1479;5415
1474;5417
1473;5421
1465;5423
1458;5426
1458;5428
1465;5431
1462;5433
1456;5435
1460;5438
1460;5440
1452;5443
1448;5445
1454;5447
1466;5450
1488;5452
1506;5455
1516;5457
1519;5459
1503;5463
1488;5465
1490;5468
1499;5470
1507;5473
1497;5475
1485;5477
1473;5480
1476;5482
1480;5485
1489;5487
1498;5489
1484;5492
1474;5494
1466;5497
1459;5499
1464;5501
1477;5505
1482;5507
1482;5510
1478;5512
1467;5515
1472;5517
1485;5519
1508;5522
1530;5524
1541;5527
1526;5529
1508;5531
1504;5534
1506;5536
1513;5539
1510;5541
1498;5544
1479;5547
1472;5549
1478;5552
1491;5554
1497;5557
1501;5559
1503;5561
1499;5564
1491;5566
1483;5569
1480;5571
1482;5573
1492;5576
1496;5578
1494;5581
1482;5583
1470;5586
1466;5588
1466;5591
1469;5594
1476;5596
1480;5599
1485;5601
1486;5603
1486;5606
1485;5608
1495;5611
1500;5613
1506;5615
1512;5618
1518;5620
1520;5623
1526;5625
1513;5628
1502;5630
1498;5633
1487;5636
1483;5638
1476;5641
1471;5643
1468;5645
1472;5648
1478;5650
1479;5653
1481;5655
1468;5657
1450;5660
1450;5662
1454;5665
1460;5667
1468;5670
1475;5672
1481;5675
1482;5678
1488;5680
1493;5683
1496;5685
1490;5687
1489;5690
1495;5692
1497;5695
1496;5697
1513;5699
1516;5702
1491;5704
1480;5707
1473;5709
1467;5712
1463;5714
1464;5716
1460;5720
1454;5722
1446;5725
1442;5727
1445;5729
1458;5732
1474;5734
1489;5737
1500;5739
1496;5742
1480;5744
1475;5746
1478;5749
1488;5751
1504;5754
1519;5756
1524;5758
1535;5762
1518;5764
1489;5767
1477;5769
1469;5771
1470;5774
1476;5776
1483;5779
1482;5781
1483;5784
1478;5786
1475;5788
1465;5791
1458;5793
1453;5796
1450;5798
1451;5800
1456;5804
1469;5806
1479;5809
1482;5811
1487;5813
1488;5816
1498;5818
1505;5821
1504;5823
1518;5826
1530;5828
1537;5830
1541;5833
1541;5835
1540;5838
1534;5840
1517;5842
1512;5846
1515;5848
1502;5851
1488;5853
1484;5855
1477;5858
1474;5860
1478;5863
1480;5865
1475;5868
1469;5870
1462;5872
1464;5875
1459;5877
1460;5880
1471;5882
1476;5884
1487;5888
1502;5890
1500;5893
1499;5895
1495;5897
1479;5900
1474;5902
1480;5905
1485;5907
1479;5910
1476;5912
1472;5914
1468;5917
1462;5919
1455;5922
1449;5924
1459;5926
1472;5929
1486;5932
1478;5935
1466;5937
1459;5940
1453;5942
1455;5944
1457;5947
1454;5949
1456;5952
1460;5954
1457;5956
1457;5959
1464;5961
1464;5964
1464;5966
1460;5968
1462;5971
1466;5974
1458;5977
1448;5979
1447;5982
1456;5984
1466;5986
1476;5989
1490;5991
1497;5994
1504;5996
1503;5998
1502;6001
1499;6003
1491;6006
1474;6008
1473;6010
1466;6013
1470;6016
1484;6019
1480;6021
1490;6024
1497;6026
1478;6028
1468;6031
1465;6033
1465;6036
1454;6038
1454;6040
1460;6043
1467;6045
1463;6048
1464;6050
1478;6052
1477;6055
1472;6057
1469;6061
1472;6063
1480;6066
1487;6068
1488;6070
1494;6073
1499;6075
1507;6078
1511;6080
1516;6082
1517;6085
1505;6087
1513;6090
1507;6092
1495;6094
1485;6097
1480;6099
1491;6103
1494;6105
1480;6108
1471;6110
1483;6112
1499;6115
1509;6117
1509;6120
1513;6122
1505;6124
1499;6127
1502;6129
1512;6132
1521;6134
1520;6137
1508;6139
1503;6141
1494;6145
1497;6147
1502;6150
1506;6152
1493;6154
1483;6157
1478;6159
1475;6162
1466;6164
1461;6166
1469;6169
1476;6171
1490;6174
1497;6176
1494;6179
1493;6181
1493;6183
1497;6187
1512;6189
1533;6192
1540;6194
1528;6196
1526;6199
1514;6201
1495;6204
1490;6206
1496;6208
1507;6211
1494;6213
1479;6216
1477;6218
1471;6221
1456;6223
1451;6225
1447;6228
1448;6231
1447;6234
1446;6236
1451;6238
1456;6241
1455;6243
1451;6246
1459;6248
1463;6250
1466;6253
1475;6255
1486;6258
1496;6260
1493;6263
1478;6265
1467;6267
1470;6270
1475;6273
1482;6276
1486;6278
1485;6280
1482;6283
1479;6285
1482;6288
1494;6290
1498;6292
1484;6295
1457;6297
1443;6300
1439;6302
1449;6305
1465;6307
1484;6309
1490;6312
1471;6315
1462;6318
1460;6320
1461;6322
1462;6325
1462;6327
1465;6330
1471;6332
1477;6335
1491;6337
1494;6339
1482;6342
1488;6344
1500;6347
1511;6349
1522;6351
1523;6354
1527;6356
1519;6360
1504;6362
1494;6364
1482;6367
1478;6369
1472;6372
1466;6374
1468;6377
1481;6379
1495;6381
1498;6384
1487;6386
1477;6389
1477;6391
1495;6393
1515;6396
1529;6398
1531;6402
1523;6404
1499;6406
1493;6409
1500;6411
1512;6414
1525;6416
1518;6419
1509;6421
1509;6423
1499;6426
1471;6428
1465;6431
1459;6433
1459;6435
1466;6438
1476;6440
1486;6444
1492;6446
1502;6448
1511;6451
1491;6453
1475;6456
1475;6458
1481;6461
1499;6463
1512;6465
1512;6468
1519;6470
1519;6473
1503;6475
1498;6477
1507;6480
1516;6482
1525;6486
1529;6488
1497;6490
1483;6493
1494;6495
1522;6498
1534;6500
1521;6503
1494;6505
1484;6507
1492;6510
1503;6512
1506;6515
1480;6517
1458;6519
1453;6522
1450;6524
1446;6528
1448;6530
1451;6532
1456;6535
1466;6537
1471;6540
1473;6542
1476;6545
1482;6547
1481;6549
1478;6552
1466;6554
1470;6557
1483;6559
1490;6561
1503;6564
1507;6566
1501;6569
1497;6572
1504;6575
1491;6577
1468;6579
1459;6582
1456;6584
1453;6587
1452;6589
1450;6591
1450;6594
1449;6596
1450;6599
1447;6601
1444;6603
1442;6606
1443;6608
1451;6611
1462;6614
1470;6617
1477;6619
1472;6621
1470;6624
1471;6626
1464;6629
1462;6631
1461;6633
1467;6636
1482;6638
1483;6641
1483;6643
1463;6645
1459;6648
1464;6650
1473;6653
1486;6656
1492;6659
1468;6661
1450;6663
1440;6666
1432;6668
1431;6671
1436;6673
1441;6675
1446;6678
1451;6680
1454;6683
1448;6685
1435;6687
1434;6690
1442;6692
1451;6695
1467;6697
1467;6701
1472;6703
1486;6705
1502;6708
1507;6710
1512;6713
1501;6715
1481;6717
1461;6720
1456;6722
1460;6725
1465;6727
1454;6729
1446;6732
1446;6734
1448;6737
1452;6739
1450;6743
1449;6745
1435;6747
1434;6750
1437;6752
1441;6755
1445;6757
1449;6759
1467;6762
1481;6764
1479;6767
1473;6769
1463;6771
1456;6774
1451;6776
1449;6779
1445;6781
1445;6785
1454;6787
1462;6789
1467;6792
1470;6794
1477;6797
1489;6799
1512;6801
1543;6804
1539;6806
1496;6809
1471;6811
1458;6813
1457;6816
1464;6818
1468;6821
1460;6823
1451;6827
1446;6829
1446;6831
1448;6834
1450;6836
1452;6839
1451;6841
1448;6843
1450;6846
1457;6848
1462;6851
1471;6853
1488;6856
1507;6858
1526;6860
1517;6863
1504;6865
1511;6868
1515;6871
1512;6873
1508;6876
1504;6878
1500;6881
1495;6883
1483;6885
1458;6888
1452;6890
1461;6893
1472;6895
1495;6898
1511;6900
1506;6902
1505;6905
1500;6907
1494;6910
1499;6913
1518;6915
1513;6918
1494;6920
1479;6923
1471;6925
1472;6927
1477;6930
1478;6932
1471;6935
1463;6937
1461;6940
1464;6942
1465;6944
1476;6947
1484;6949
1489;6952
1484;6955
1474;6957
1476;6960
1480;6962
1484;6965
1498;6967
1513;6969
1513;6972
1508;6974
1493;6977
1476;6979
1467;6982
1469;6984
1469;6986
1469;6989
1470;6991
1474;6994
1478;6996
1483;6999
1486;7002
1490;7004
1489;7007
1487;7009
1487;7011
1491;7014
1499;7016
1500;7019
1501;7021
1500;7024
1488;7026
1486;7028
1479;7031
1487;7033
1489;7036
1489;7038
1487;7041
1480;7044
1469;7046
1460;7049
1450;7051
1459;7054
1485;7056
1511;7058
1525;7061
1516;7063
1496;7066
1490;7068
1494;7070
1497;7073
1505;7075
1500;7078
1491;7080
1481;7083
1475;7086
1479;7088
1494;7091
1511;7093
1515;7096
1497;7098
1480;7100
1481;7103
1478;7105
1488;7108
1517;7110
1524;7112
1533;7115
1526;7117
1495;7120
1471;7122
1459;7124
1460;7128
1478;7130
1502;7133
1539;7135
1548;7138
1519;7140
1491;7142
1473;7145
1463;7147
1461;7150
1464;7152
1466;7154
1468;7157
1475;7159
1496;7162
1513;7164
1519;7166
1524;7170
1520;7172
1514;7175
1511;7177
1511;7180
1504;7182
1500;7184
1494;7187
1492;7189
1510;7192
1528;7194
1525;7196
1515;7199
1504;7201
1507;7204
1513;7206
1500;7208
1481;7212
1472;7214
1467;7217
1461;7219
1458;7222
1463;7224
1469;7226
1477;7229
1476;7231
1477;7234
1478;7236
1478;7238
1473;7241
1469;7243
1471;7246
1478;7248
1480;7250
1490;7254
1512;7256
1526;7259
1532;7261
1515;7264
1496;7266
1493;7268
1485;7271
1483;7273
1481;7276
1474;7278
1473;7280
1481;7283
1499;7285
1505;7288
1494;7290
1480;7293
1468;7296
1466;7298
1470;7301
1486;7303
1488;7306
1483;7308
1474;7310
1461;7313
1455;7315
1459;7318
1463;7320
1466;7322
1475;7325
1488;7327
1506;7330
1511;7332
1511;7335
1519;7337
1523;7340
1518;7343
1505;7345
1488;7348
1482;7350
1485;7352
1492;7355
1492;7357
1494;7360
1482;7362
1472;7364
1471;7367
1473;7369
1479;7372
1495;7374
1493;7377
1482;7379
1478;7382
1485;7385
1489;7387
1491;7390
1498;7392
1487;7394
1474;7397
1464;7399
1464;7402
1474;7404
1485;7406
1490;7409
1489;7411
1484;7414
1488;7416
1490;7419
1495;7421
1491;7424
1477;7427
1467;7429
1468;7432
1474;7434
1473;7436
1461;7439
1450;7441
1441;7444
1434;7446
1432;7448
1439;7451
1442;7453
1444;7456
1441;7458
1438;7461
1442;7463
1457;7465
1471;7469
1458;7471
1439;7474
1433;7476
1436;7478
1451;7481
1462;7483
1444;7486
1425;7488
1412;7491
1412;7493
1425;7495
1435;7498
1446;7500
1447;7503
1439;7505
1439;7507
1441;7511
1445;7513
1444;7516
1446;7518
1446;7520
1440;7523
1438;7525
1434;7528
1445;7530
1465;7533
1487;7535
1492;7537
1486;7540
1487;7542
1500;7545
1502;7547
1479;7549
1483;7553
1495;7555
1506;7558
1521;7560
1532;7562
1529;7565
1513;7567
1497;7570
1496;7572
1505;7575
1525;7577
1524;7579
1500;7582
1482;7584
1469;7587
1464;7589
1469;7591
1472;7595
1475;7597
1477;7600
1473;7602
1464;7604
1453;7607
1450;7609
1453;7612
1469;7614
1481;7617
1500;7619
1530;7621
1530;7624
1521;7626
1503;7629
1495;7631
1491;7633
1482;7636
1481;7639
1476;7642
1469;7644
1464;7646
1460;7649
1462;7651
1460;7654
1456;7656
1453;7659
1454;7661
1458;7663
1459;7666
1459;7668
1453;7671
1460;7673
1479;7675
1505;7678
1537;7681
1514;7684
1494;7686
1487;7689
1486;7691
1491;7693
1487;7696
1488;7698
1509;7701
1527;7703
1547;7705
1557;7708
1545;7710
1517;7713
1500;7715
1485;7717
1480;7720
1481;7723
1486;7726
1496;7728
1499;7731
1503;7733
1496;7735
1493;7738
1498;7740
1511;7743
1529;7745
1551;7747
1567;7750
1574;7752
1562;7755
1543;7757
1524;7759
1522;7762
1533;7764
1541;7768
1532;7770
1533;7773
1531;7775
1532;7777
1538;7780
1542;7782
1545;7785
1540;7787
1536;7789
1526;7792
1521;7794
1509;7797
1503;7799
1504;7801
1510;7804
1523;7806
1531;7810
1533;7812
1539;7815
1539;7817
1543;7819
1541;7822
1546;7824
1561;7827
1573;7829
1569;7831
1561;7834
1569;7836
1585;7839
1591;7841
1592;7844
1589;7846
1593;7848
1597;7852
1571;7854
1551;7857
1551;7859
1556;7861
1538;7864
1527;7866
1514;7869
1497;7871
1488;7873
1488;7876
1485;7878
1476;7881
1473;7883
1474;7886
1481;7888
1491;7890
1500;7894
1515;7896
1526;7899
1530;7901
1516;7903
1499;7906
1502;7908
1519;7911
1524;7913
1510;7915
1492;7918
1493;7920
1497;7923
1503;7925
1486;7928
1470;7930
1461;7932
1451;7936
1459;7938
1471;7941
1473;7943
1477;7945
1465;7948
1450;7950
1437;7953
1432;7955
1434;7957
1439;7960
1442;7962
1437;7965
1438;7967
1436;7970
1432;7972
1443;7974
1447;7977
1460;7980
1462;7983
1457;7985
1453;7987
1442;7990
1446;7992
1453;7995
1457;7997
1449;7999
1447;8002
1459;8004
1468;8007
1459;8009
1454;8012
1452;8014
1456;8016
1462;8019
1469;8022
1456;8025
1450;8027
1448;8029
1440;8032
1434;8034
1431;8037
1436;8039
1437;8042
1443;8044
1457;8046
1480;8049
1495;8051
1489;8054
1473;8056
1455;8058
1449;8061
1448;8064
1443;8067
1446;8069
1454;8071
1469;8074
1489;8076
1502;8079
1503;8081
1493;8084
1496;8086
1490;8088
1495;8091
1497;8093
1482;8096
1469;8098
1471;8100
1473;8103
1474;8105
1469;8109
1458;8111
1455;8113
1463;8116
1485;8118
1514;8121
1534;8123
1520;8126
1495;8128
1487;8130
1487;8133
1491;8135
1506;8138
1514;8140
1511;8142
1494;8145
1491;8147
1491;8151
1497;8153
1509;8155
1512;8158
1507;8160
1506;8163
1501;8165
1501;8168
1503;8170
1501;8172
1497;8175
1481;8177
1467;8180
1465;8182
1465;8184
1476;8187
1490;8189
1505;8193
1532;8195
1542;8197
1550;8200
1564;8202
1540;8205
1521;8207
1512;8210
1514;8212
1515;8214
1501;8217
1479;8219
1466;8222
1454;8224
1447;8226
1446;8229
1442;8231
1437;8235
1434;8237
1436;8239
1443;8242
1450;8244
1451;8247
1454;8249
1461;8252
1468;8254
1483;8256
1483;8259
1496;8261
1509;8264
1486;8266
1483;8268
1483;8271
1482;8273
1497;8276
1508;8279
1513;8281
1485;8284
1457;8286
1449;8289
1452;8291
1457;8294
1457;8296
1455;8298
1453;8301
1450;8303
1458;8306
1463;8308
1455;8310
1444;8313
1437;8315
1430;8318
1427;8321
1425;8324
1426;8326
1434;8328
1442;8331
1434;8333
1430;8336
1433;8338
1432;8340
1442;8343
1455;8345
1459;8348
1450;8350
1440;8352
1442;8355
1454;8357
1462;8360
1468;8363
1462;8366
1457;8368
1448;8370
1450;8373
1450;8375
1455;8378
1465;8380
1473;8382
1485;8385
1487;8387
1485;8390
1489;8392
1490;8394
1493;8397
1513;8399
1512;8402
1504;8404
1495;8408
1491;8410
1490;8412
1500;8415
1519;8417
1526;8420
1521;8422
1501;8424
1491;8427
1500;8429
1511;8432
1531;8434
1536;8436
1524;8439
1519;8441
1519;8444
1506;8446
1495;8450
1490;8452
1487;8454
1484;8457
1478;8459
1477;8462
1476;8464
1469;8466
1463;8469
1461;8471
1467;8474
1473;8476
1484;8478
1494;8481
1501;8483
1505;8486
1506;8488
1510;8492
1512;8494
1524;8496
1537;8499
1551;8501
1561;8504
1550;8506
1525;8508
1498;8511
1482;8513
1472;8516
1464;8518
1459;8521
1458;8523
1455;8525
1449;8528
1443;8530
1440;8534
1438;8536
1433;8538
1431;8541
1435;8543
1437;8546
1439;8548
1448;8550
1458;8553
1465;8555
1471;8558
1465;8560
1470;8563
1485;8565
1509;8567
1508;8570
1462;8572
1432;8576
1417;8578
1405;8580
1409;8583
1421;8585
1434;8588
1438;8590
1432;8592
1427;8595
1424;8597
1428;8600
1433;8602
1431;8605
1431;8607
1433;8609
1432;8612
1436;8614
1436;8617
1442;8620
1457;8622
1471;8625
1486;8627
1500;8630
1488;8632
1489;8634
1499;8637
1502;8639
1489;8642
1491;8644
1491;8647
1494;8649
1498;8651
1495;8654
1494;8656
1499;8659
1502;8662
1499;8664
1489;8667
1481;8669
1479;8672
1476;8674
1477;8676
1479;8679
1477;8681
1469;8684
1468;8686
1464;8689
1466;8691
1468;8693
1468;8696
1468;8698
1467;8701
1473;8704
1476;8706
1477;8709
1477;8711
1480;8714
1489;8716
1485;8719
1481;8721
1483;8723
1480;8726
1470;8728
1461;8731
1457;8733
1453;8735
1449;8738
1445;8740
1444;8743
1443;8745
1448;8748
1451;8751
1452;8753
1456;8756
1460;8758
1463;8761
1470;8763
1480;8765
1483;8768
1475;8770
1456;8773
1451;8775
1453;8777
1460;8780
1457;8782
1452;8785
1450;8787
1449;8790
1444;8793
1439;8795
1437;8798
1438;8800
1439;8803
1442;8805
1447;8807
1446;8810
1444;8812
1446;8815
1443;8817
1447;8819
1459;8822
1472;8824
1484;8827
1492;8829
1482;8832
1471;8835
1468;8837
1473;8840
1486;8842
1494;8845
1501;8847
1506;8849
1514;8852
1520;8854
1510;8857
1508;8859
1508;8861
1506;8864
1497;8866
1495;8869
1500;8871
1503;8873
1502;8877
1503;8879
1508;8882
1510;8884
1514;8887
1516;8889
1510;8891
1506;8894
1505;8896
1521;8899
1547;8901
1567;8903
1573;8906
1558;8908
1542;8911
1538;8913
1525;8916
1520;8919
1516;8921
1518;8924
1524;8926
1527;8929
1522;8931
1523;8933
1517;8936
1513;8938
1507;8941
1499;8943
1492;8945
1487;8948
1482;8950
1487;8953
1495;8955
1502;8958
1504;8961
1504;8963
1509;8966
1521;8968
1527;8971
1540;8973
1523;8975
1505;8978
1493;8980
1483;8983
1488;8985
1494;8987
1485;8990
1476;8992
1468;8995
1464;8997
1469;9000
1478;9003
1479;9005
1480;9008
1490;9010
1489;9013
1484;9015
1479;9017
1477;9020
1477;9022
1489;9025
1513;9027
1548;9029
1557;9032
1539;9034
1533;9037
1516;9039
1511;9042
1501;9044
1490;9047
1470;9050
1456;9052
1449;9055
1450;9057
1447;9059
1446;9062
1453;9064
1458;9067
1461;9069
1467;9072
1475;9074
1481;9076
1489;9079
1494;9081
1504;9084
1501;9086
1490;9089
1481;9092
1470;9094
1480;9097
1499;9099
1530;9101
1527;9104
1487;9106
1467;9109
1455;9111
1448;9114
1448;9116
1451;9118
1461;9121
1468;9123
1462;9126
1450;9128
1430;9131
1429;9134
1435;9136
1445;9139
1450;9141
1449;9143
1447;9146
1434;9148
1428;9151
1420;9153
1415;9156
1427;9158
1448;9160
1480;9163
1498;9165
1495;9168
1485;9170
1471;9172
1460;9176
1458;9178
1460;9181
1467;9183
1467;9185
1454;9188
1452;9190
1453;9193
1446;9195
1448;9198
1450;9200
1455;9202
1456;9205
1447;9207
1441;9210
1438;9212
1439;9214
1447;9218
1452;9220
1457;9223
1457;9225
1457;9227
1458;9230
1464;9232
1478;9235
1484;9237
1485;9240
1493;9242
1506;9244
1513;9247
1504;9249
1506;9252
1496;9254
1482;9256
1477;9260
1477;9262
1481;9265
1484;9267
1481;9269
1473;9272
1467;9274
1464;9277
1466;9279
1471;9282
1479;9284
1486;9286
1497;9289
1513;9291
1520;9294
1517;9296
1513;9298
1506;9302
1507;9304
1517;9307
1524;9309
1508;9312
1487;9314
1485;9316
1490;9319
1500;9321
1509;9324
1510;9326
1486;9328
1477;9331
1473;9333
1473;9336
1478;9338
1479;9340
1478;9344
1475;9346
1476;9349
1489;9351
1500;9354
1498;9356
1496;9358
1496;9361
1484;9363
1483;9366
1483;9368
1477;9370
1475;9373
1491;9375
1504;9378
1505;9380
1502;9382
1503;9385
1512;9388
1524;9391
1527;9393
1531;9396
1520;9398
1503;9400
1486;9403
1474;9405
1468;9408
1473;9410
1482;9412
1482;9415
1484;9417
1485;9420
1479;9422
1473;9424
1472;9427
1472;9430
1472;9433
1474;9435
1485;9438
1503;9440
1519;9442
1528;9445
1539;9447
1535;9450
1531;9452
1521;9454
1499;9457
1482;9459
1478;9462
1490;9464
1508;9467
1522;9469
1525;9472
1518;9475
1495;9477
1484;9480
1481;9482
1483;9484
1484;9487
1481;9489
1479;9492
1477;9494
1479;9496
1480;9499
1486;9501
1492;9504
1495;9506
1492;9509
1481;9511
1481;9513
1488;9517
1497;9519
1511;9522
1530;9524
1555;9526
1562;9529
1558;9531
1547;9534
1519;9536
1513;9538
1515;9541
1512;9543
1513;9546
1506;9548
1502;9551
1497;9553
1495;9555
1479;9559
1472;9561
1472;9564
1473;9566
1473;9568
1472;9571
1473;9573
1477;9576
1485;9578
1492;9580
1493;9583
1495;9585
1486;9588
1491;9590
1500;9593
1511;9595
1533;9597
1540;9601
1524;9603
1510;9606
1500;9608
1478;9610
1467;9613
1465;9615
1468;9618
1469;9620
1465;9623
1457;9625
1453;9627
1454;9630
1455;9632
1454;9635
1458;9637
1456;9639
1457;9643
1452;9645
1449;9648
1447;9650
1445;9652
1450;9655
1464;9657
1487;9660
1518;9662
1529;9665
1517;9667
1512;9669
1508;9672
1501;9674
1498;9677
1491;9679
1481;9681
1473;9684
1480;9687
1481;9690
1481;9692
1481;9694
1477;9697
1479;9699
1475;9702
1463;9704
1459;9707
1457;9709
1451;9711
1445;9714
1449;9716
1457;9719
1465;9721
1479;9723
1489;9726
1492;9729
1500;9732
1521;9734
1522;9736
1513;9739
1507;9741
1507;9744
1518;9746
1530;9749
1535;9751
1514;9753
1498;9756
1494;9758
1493;9761
1488;9763
1471;9765
1460;9768
1454;9771
1458;9774
1461;9776
1462;9779
1461;9781
1458;9783
1454;9786
1455;9788
1456;9791
1461;9793
1464;9795
1470;9798
1468;9800
1465;9803
1479;9805
1493;9807
1492;9810
1491;9812
1481;9816
1475;9818
1486;9821
1506;9823
1514;9825
1511;9828
1492;9830
1479;9833
1466;9835
1463;9837
1458;9840
1454;9842
1451;9845
1445;9847
1445;9849
1451;9852
1452;9854
1445;9858
1436;9860
1450;9863
1468;9865
1483;9867
1494;9870
1485;9872
1472;9875
1461;9877
1464;9879
1472;9882
1487;9884
1502;9887
1512;9889
1510;9891
1511;9894
1526;9896
1529;9900
1514;9902
1500;9905
1497;9907
1491;9909
1492;9912
1491;9914
1488;9917
1488;9919
1484;9921
1482;9924
1478;9926
1472;9929
1466;9931
1467;9934
1474;9936
1494;9938
1517;9942
1539;9944
1564;9947
1585;9949
1585;9951
1567;9954
1546;9956
1525;9959
1521;9961
1521;9963
1525;9966
1544;9968
1568;9971
1586;9973
1590;9976
1586;9978
1585;9980
1564;9984
1521;9986
1502;9989
1485;9991
1470;9993
1462;9996
1463;9998
1467;10001
1486;10003
1516;10006
1547;10008
1568;10010
1544;10013
1509;10015
1491;10018
1492;10020
1495;10023
1507;10025
1519;10029
1515;10031
1507;10034
1490;10036
1482;10039
1490;10041
1507;10044
1513;10046
1492;10048
1475;10051
1466;10053
1460;10056
1455;10058
1453;10061
1464;10063
1476;10066
1484;10068
1479;10072
1466;10074
1465;10077
1485;10079
1502;10081
1507;10084
1504;10086
1489;10089
1491;10091
1502;10094
1513;10096
1520;10099
1530;10101
1523;10104
1513;10106
1509;10109
1499;10112
1490;10114
1480;10117
1480;10119
1476;10122
1468;10124
1469;10127
1472;10129
1471;10132
1468;10134
1466;10137
1455;10139
1448;10142
1445;10144
1448;10146
1454;10149
1459;10151
1460;10155
1459;10157
1466;10160
1477;10162
1490;10165
1484;10167
1470;10170
1466;10172
1474;10175
1484;10177
1480;10180
1468;10182
1466;10184
1472;10187
1479;10189
1469;10192
1445;10194
1429;10198
1420;10200
1421;10203
1423;10205
1423;10208
1420;10210
1409;10213
1405;10215
1408;10217
1424;10220
1441;10222
1452;10225
1457;10227
1468;10230
1477;10232
1492;10235
1505;10237
1487;10241
1466;10243
1465;10246
1489;10248
1495;10250
1499;10253
1501;10255
1502;10258
1495;10260
1497;10263
1490;10265
1489;10268
1498;10270
1496;10273
1478;10275
1465;10278
1451;10280
1452;10283
1467;10286
1487;10288
1511;10291
1527;10293
1544;10296
1565;10298
1587;10301
1612;10303
1613;10306
1616;10308
1638;10311
1676;10313
1723;10315
1683;10318
1613;10320
1578;10323
1566;10326
1570;10329
1591;10331
1584;10334
1576;10336
1572;10339
1546;10341
1513;10344
1492;10346
1484;10348
1482;10351
1482;10353
1494;10356
1505;10358
1519;10361
1531;10363
1540;10366
1554;10369
1573;10372
1587;10374
1564;10377
1558;10379
1546;10381
1519;10384
1504;10386
1500;10389
1498;10391
1492;10394
1494;10396
1494;10399
1498;10401
1497;10404
1494;10406
1495;10409
1506;10412
1527;10414
1543;10417
1547;10419
1554;10422
1563;10424
1554;10427
1531;10429
1519;10432
1508;10434
1519;10437
1536;10439
1535;10442
1521;10444
1513;10446
1520;10449
1532;10451
1531;10455
1538;10457
1533;10460
1533;10462
1534;10465
1527;10467
1518;10470
1504;10472
1495;10475
1491;10477
1491;10479
1491;10482
1490;10484
1498;10487
1514;10489
1542;10492
1548;10494
1526;10498
1522;10500
1518;10503
1526;10505
1532;10508
1535;10510
1534;10512
1529;10515
1534;10517
1551;10520
1561;10522
1556;10525
1547;10527
1551;10530
1565;10532
1568;10535
1535;10537
1501;10541
1486;10543
1481;10545
1478;10548
1476;10550
1469;10553
1468;10555
1462;10558
1467;10560
1468;10563
1468;10565
1482;10568
1502;10570
1529;10573
1538;10575
1511;10577
1499;10580
1500;10583
1496;10586
1515;10588
1502;10591
1478;10593
1478;10596
1478;10598
1478;10601
1484;10603
1507;10606
1528;10608
1549;10610
1551;10613
1509;10615
1477;10618
1453;10620
1444;10624
1438;10626
1430;10629
1424;10631
1417;10634
1415;10636
1406;10639
1398;10641
1388;10643
1384;10646
1385;10648
1390;10651
1390;10653
1398;10656
1422;10658
1435;10661
1443;10663
1456;10667
1437;10669
1422;10672
1417;10674
1408;10676
1409;10679
1415;10681
1426;10684
1409;10686
1394;10689
1390;10691
1376;10694
1366;10696
1362;10699
1358;10701
1367;10704
1378;10706
1392;10708
1386;10712
1355;10714
1327;10717
1323;10719
1330;10722
1341;10724
1346;10727
1349;10729
1365;10732
1381;10734
1368;10737
1350;10739
1340;10741
1343;10744
1346;10746
1342;10749
1354;10752
1369;10755
1372;10757
1394;10760
1389;10762
1357;10765
1337;10767
1329;10770
1320;10772
1311;10774
1314;10777
1319;10779
1324;10782
1327;10784
1320;10787
1323;10789
1342;10792
1368;10795
1393;10798
1399;10800
1393;10803
1400;10805
1413;10807
1422;10810
1416;10812
1403;10815
1390;10817
1381;10820
1378;10822
1370;10825
1360;10827
1365;10830
1381;10832
1403;10835
1418;10838
1411;10840
1402;10843
1394;10845
1388;10848
1385;10850
1388;10853
1388;10855
1396;10858
1417;10860
1445;10863
1464;10865
1447;10868
1441;10870
1444;10872
1423;10875
1400;10877
1396;10881
1397;10883
1402;10886
1412;10888
1418;10891
1423;10893
1432;10896
1440;10898
1436;10901
1437;10903
1444;10905
1458;10908
1473;10910
1473;10913
1460;10915
1457;10918
1467;10920
1485;10924
1487;10926
1490;10929
1510;10931
1521;10934
1532;10936
1525;10938
1502;10941
1494;10943
1497;10946
1511;10948
1515;10951
1504;10953
1487;10956
1482;10958
1465;10961
1445;10963
1432;10967
1433;10969
1435;10972
1440;10974
1442;10976
1448;10979
1454;10981
1459;10984
1468;10986
1486;10989
1488;10991
1486;10994
1478;10996
1469;10999
1465;11001
1466;11004
1456;11006
1463;11009
1478;11012
1488;11014
1487;11017
1469;11019
1469;11022
1474;11024
1490;11027
1508;11029
1513;11032
1510;11034
1511;11037
1518;11039
1514;11041
1500;11044
1490;11046
1482;11049
1473;11052
1468;11055
1467;11057
1467;11060
1479;11062
1495;11065
1507;11067
1511;11070
1491;11072
1486;11074
1495;11077
1503;11079
1505;11082
1508;11084
1505;11087
1515;11089
1537;11092
1537;11095
1535;11098
1523;11100
1499;11103
1479;11105
1477;11107
1482;11110
1490;11112
1488;11115
1486;11117
1483;11120
1485;11122
1483;11125
1479;11127
1482;11130
1484;11132
1477;11136
1475;11138
1468;11140
1469;11143
1482;11145
1507;11148
1537;11150
1552;11153
1522;11155
1488;11158
1468;11160
1459;11163
1467;11165
1483;11168
1495;11170
1506;11173
1509;11175
1511;11177
1508;11181
1517;11183
1513;11186
1504;11188
1504;11191
1507;11193
1507;11196
1503;11198
1487;11201
1470;11203
1467;11206
1471;11208
1472;11210
1469;11213
1459;11215
1459;11218
1465;11220
1475;11224
1489;11226
1499;11229
1500;11231
1487;11234
1475;11236
1464;11239
1459;11241
1457;11243
1462;11246
1467;11248
1467;11251
1472;11253
1473;11256
1468;11258
1459;11261
1461;11264
1466;11267
1478;11269
1495;11272
1500;11274
1488;11276
1479;11279
1477;11281
1489;11284
1513;11286
1535;11289
1548;11291
1528;11294
1518;11296
1537;11299
1556;11301
1559;11304
1541;11307
1506;11309
1487;11312
1485;11314
1476;11317
1461;11319
1459;11322
1466;11324
1469;11327
1461;11329
1448;11332
1437;11334
1430;11337
1429;11339
1438;11341
1450;11344
1466;11346
1475;11350
1475;11352
1483;11355
1496;11357
1501;11360
1497;11362
1487;11365
1488;11367
1495;11370
1493;11372
1498;11375
1511;11377
1503;11379
1496;11382
1485;11384
1479;11387
1485;11389
1495;11393
1497;11395
1489;11398
1465;11400
1451;11403
1449;11405
1451;11408
1457;11410
1463;11412
1468;11415
1469;11417
1459;11420
1445;11422
1434;11425
1425;11427
1428;11430
1439;11432
1450;11436
1457;11438
1469;11441
1473;11443
1487;11445
1509;11448
1522;11450
1530;11453
1533;11455
1543;11458
1562;11460
1573;11463
1567;11465
1548;11468
1515;11470
1488;11473
1473;11475
1469;11478
1467;11481
1461;11483
1457;11486
1459;11488
1458;11491
1458;11493
1461;11496
1464;11498
1465;11501
1464;11503
1471;11506
1486;11508
1498;11511
1507;11513
1515;11515
1530;11518
1534;11521
1520;11524
1503;11526
1484;11529
1475;11531
1477;11534
1479;11536
1470;11539
1458;11541
1463;11544
1473;11546
1486;11548
1495;11551
1484;11553
1478;11556
1476;11558
1467;11561
1451;11564
1458;11567
1472;11569
1470;11572
1467;11574
1473;11577
1497;11579
1501;11581
1491;11584
1474;11586
1466;11589
1470;11591
1476;11594
1478;11596
1463;11599
1457;11601
1466;11604
1484;11607
1495;11610
1498;11612
1495;11614
1492;11617
1496;11619
1493;11622
1491;11624
1501;11627
1523;11629
1531;11632
1520;11634
1507;11637
1500;11639
1485;11642
1476;11644
1476;11646
1484;11650
1491;11652
1508;11655
1520;11657
1510;11660
1506;11662
1510;11665
1502;11667
1492;11670
1490;11672
1498;11675
1509;11677
1503;11679
1485;11682
1473;11684
1472;11687
1485;11689
1500;11693
1518;11695
1521;11698
1523;11700
1530;11703
1533;11705
1520;11708
1501;11710
1496;11713
1496;11715
1519;11717
1532;11720
1514;11722
1499;11725
1489;11727
1481;11730
1470;11732
1472;11736
1482;11738
1494;11741
1499;11743
1501;11746
1507;11748
1510;11750
1503;11753
1493;11755
1498;11758
1504;11760
1502;11763
1501;11765
1512;11768
1533;11770
1546;11773
1545;11776
1553;11779
1544;11781
1544;11783
1534;11786
1512;11788
1504;11791
1499;11793
1505;11796
1522;11798
1541;11801
1548;11803
1565;11806
1557;11808
1525;11811
1503;11813
1492;11815
1490;11819
1490;11821
1486;11824
1485;11826
1479;11829
1470;11831
1472;11834
1484;11836
1507;11839
1530;11841
1541;11844
1543;11846
1549;11849
1556;11851
1554;11853
1579;11856
1597;11858
1592;11862
1598;11864
1560;11867
1517;11869
1497;11872
1492;11874
1487;11877
1475;11879
1459;11882
1454;11884
1452;11886
1449;11889
1446;11891
1442;11894
1439;11896
1442;11899
1448;11901
1462;11905
1485;11907
1507;11910
1513;11912
1510;11915
1510;11917
1524;11919
1530;11922
1520;11924
1512;11927
1499;11929
1507;11932
1517;11934
1514;11937
1502;11939
1474;11942
1455;11944
1454;11948
1457;11950
1457;11952
1455;11955
1466;11957
1470;11960
1474;11962
1469;11965
1462;11967
1461;11970
1466;11972
1478;11975
1492;11977
1503;11980
1514;11982
1523;11984
1514;11987
1496;11990
1501;11993
1510;11995
1516;11998
1511;12000
1490;12003
1488;12005
1484;12008
1474;12010
1473;12013
1482;12015
1499;12018
1516;12020
1520;12022
1513;12025
1505;12027
1494;12030
1486;12033
1475;12036
1465;12038
1460;12041
1459;12043
1468;12046
1484;12048
1503;12051
1499;12053
1502;12055
1526;12058
1542;12060
1520;12063
1485;12065
1468;12068
1467;12070
1475;12073
1480;12076
1476;12079
1469;12081
1461;12084
1463;12086
1479;12088
1498;12091
1496;12093
1474;12096
1474;12098
1493;12101
1514;12103
1514;12106
1480;12108
1451;12111
1438;12113
1435;12116
1436;12119
1440;12121
1451;12124
1468;12126
1477;12129
1466;12131
1455;12134
1453;12136
1451;12139
1456;12141
1460;12144
1457;12146
1461;12149
1462;12151
1458;12153
1454;12156
1445;12158
1440;12162
1450;12164
1460;12167
1467;12169
1472;12172
1477;12174
1467;12177
1457;12179
1446;12182
1436;12184
1436;12186
1439;12189
1450;12191
1459;12194
1464;12196
1461;12199
1446;12201
1437;12205
1437;12207
1448;12210
1460;12212
1467;12215
1465;12217
1460;12219
1474;12222
1502;12224
1521;12227
1515;12229
1488;12232
1463;12234
1451;12237
1444;12239
1435;12242
1427;12244
1427;12248
1440;12250
1460;12253
1479;12255
1489;12257
1480;12260
1480;12262
1485;12265
1483;12267
1482;12270
1489;12272
1500;12275
1511;12277
1517;12280
1510;12282
1489;12285
1477;12288
1477;12290
1483;12293
1490;12295
1484;12298
1475;12300
1473;12303
1463;12305
1446;12308
1438;12310
1435;12313
1433;12315
1438;12318
1446;12320
1466;12322
1493;12325
1497;12327
1489;12331
1479;12333
1480;12336
1485;12338
1482;12341
1480;12343
1470;12346
1467;12348
1476;12351
1474;12353
1479;12355
1502;12358
1499;12360
1483;12363
1468;12365
1456;12368
1439;12370
1431;12374
1425;12376
1427;12379
1437;12381
1449;12384
1456;12386
1451;12389
1445;12391
1452;12393
1466;12396
1477;12398
1476;12401
1458;12403
1454;12406
1459;12408
1460;12411
1463;12413
1462;12417
1461;12419
1461;12422
1465;12424
1468;12426
1465;12429
1461;12431
1459;12434
1452;12436
1451;12439
1448;12441
1443;12444
1442;12446
1450;12449
1468;12451
1491;12454
1508;12456
1507;12459
1498;12462
1483;12464
1473;12467
1470;12469
1482;12472
1498;12474
1510;12477
1505;12479
1486;12482
1470;12484
1469;12487
1479;12489
1487;12491
1498;12494
1499;12496
1489;12499
1486;12502
1491;12505
1491;12507
1488;12510
1482;12512
1478;12515
1481;12517
1485;12520
1502;12522
1516;12524
1527;12527
1520;12529
1503;12532
1496;12534
1498;12537
1500;12539
1499;12542
1493;12545
1491;12548
1489;12550
1492;12553
1501;12555
1504;12558
1502;12560
1494;12562
1488;12565
1489;12567
1478;12570
1472;12572
1467;12575
1460;12577
1454;12580
1458;12582
1462;12585
1456;12588
1444;12591
1431;12593
1424;12595
1430;12598
1441;12600
1452;12603
1450;12605
1439;12608
1445;12610
1466;12613
1482;12615
1485;12618
1476;12620
1461;12623
1459;12625
1461;12627
1484;12631
1510;12633
1509;12636
1489;12638
1475;12641
1463;12643
1472;12646
1491;12648
1499;12651
1485;12653
1455;12656
1435;12658
1429;12661
1420;12663
1414;12665
1412;12668
1421;12670
1432;12674
1439;12676
1439;12679
1440;12681
1445;12684
1464;12686
1497;12689
1518;12691
1531;12694
1515;12696
1502;12698
1511;12701
1530;12703
1532;12706
1508;12708
1488;12711
1477;12713
1471;12717
1478;12719
1481;12722
1472;12724
1459;12727
1447;12729
1434;12731
1441;12734
1459;12736
1481;12739
1496;12741
1488;12744
1478;12746
1467;12749
1466;12751
1473;12754
1490;12756
1503;12760
1525;12762
1535;12765
1514;12767
1508;12769
1508;12772
1501;12774
1487;12777
1480;12779
1474;12782
1470;12784
1464;12787
1466;12789
1479;12792
1496;12794
1505;12797
1501;12800
1475;12802
1460;12805
1454;12807
1454;12810
1453;12812
1457;12815
1474;12817
1496;12820
1525;12822
1522;12825
1509;12827
1500;12830
1494;12832
1496;12835
1513;12837
1527;12839
1534;12843
1506;12845
1474;12848
1456;12850
1442;12853
1432;12855
1423;12858
1413;12860
1405;12863
1398;12865
1390;12868
1382;12870
1375;12872
1369;12875
1364;12877
1358;12880
1351;12882
1344;12886
1336;12888
1330;12891
1328;12893
1326;12896
1323;12898
1321;12901
1319;12903
1319;12905
1324;12908
1330;12910
1332;12913
1332;12915
1333;12918
1332;12920
1334;12923
1328;12925
1330;12929
1341;12931
1357;12934
1378;12936
1388;12938
1373;12941
1365;12943
1362;12946
1357;12948
1355;12951
1357;12953
1358;12956
1359;12958
1363;12961
1365;12963
1369;12966
1373;12968
1378;12971
1383;12974
1388;12976
1393;12979
1400;12981
1407;12984
1414;12986
1424;12989
1433;12991
1443;12994
1453;12996
1462;12999
1465;13001
1462;13003
1464;13006
1474;13008
1492;13011
1521;13014
1552;13017
1553;13019
1541;13022
1519;13024
1509;13027
1503;13029
1501;13032
1499;13034
1498;13036
1497;13039
1496;13041
1492;13044
1489;13046
1488;13049
1488;13051
1488;13054
1484;13057
1482;13060
1481;13062
1478;13065
1477;13067
1478;13069
1480;13072
1483;13074
1486;13077
1490;13079
1494;13082
1499;13084
1503;13087
1506;13089
1511;13092
1515;13094
1516;13097
1519;13100
1527;13102
1538;13105
1552;13107
1571;13110
1593;13112
1600;13115
1580;13117
1578;13120
1590;13122
1607;13125
1626;13127
1625;13130
1615;13132
1610;13134
1609;13137
1611;13139
1614;13143
1617;13145
1619;13148
1625;13150
1624;13153
1624;13155
1627;13158
1627;13160
1626;13163
1626;13165
1628;13167
1629;13170
1629;13172
1629;13175
1628;13177
1621;13180
1611;13182
1601;13186
1599;13188
1599;13191
1593;13193
1581;13196
1570;13198
1561;13200
1568;13203
1575;13205
1580;13208
1582;13210
1568;13213
1552;13215
1542;13218
1533;13220
1525;13223
1520;13225
1514;13229
1511;13231
1508;13233
1507;13236
1506;13238
1506;13241
1506;13243
1507;13246
1508;13248
1509;13251
1511;13253
1514;13256
1516;13258
1517;13261
1517;13263
1520;13265
1527;13268
1540;13271
1558;13274
1563;13276
1563;13279
1553;13281
1547;13284
1547;13286
1548;13289
1545;13291
1534;13294
1522;13296
1514;13298
1508;13301
1503;13303
1497;13306
1492;13308
1488;13312
1483;13314
1480;13317
1477;13319
1475;13322
1474;13324
1473;13327
1472;13329
1472;13331
1473;13334
1474;13336
1473;13339
1471;13341
1470;13344
1470;13346
1470;13349
1470;13351
1470;13355
1471;13357
1473;13360
1475;13362
1476;13364
1476;13367
1477;13369
1480;13372
1485;13374
1492;13377
1505;13379
1519;13382
1534;13384
1550;13387
1538;13389
1512;13392
1505;13394
1500;13396
1495;13400
1493;13402
1491;13405
1491;13407
1490;13410
1489;13412
1488;13415
1487;13417
1486;13420
1485;13422
1483;13425
1482;13427
1481;13430
1479;13432
1479;13434
1479;13437
1479;13440
1478;13443
1477;13445
1476;13448
1474;13450
1471;13453
1468;13455
1465;13458
1463;13460
1462;13463
1462;13465
1461;13467
1460;13470
1458;13472
1458;13475
1462;13477
1469;13480
1477;13483
1492;13486
1497;13488
1481;13491
1465;13493
1458;13496
1454;13498
1452;13500
1451;13503
1450;13505
1450;13508
1451;13510
1452;13513
1453;13515
1454;13518
1455;13520
1457;13523
1459;13526
1462;13529
1465;13531
1467;13533
1468;13536
1469;13538
1471;13541
1473;13543
1474;13546
1475;13548
1476;13551
1480;13553
1486;13556
1493;13558
1500;13561
1505;13563
1506;13565
1501;13569
1498;13571
1497;13574
1498;13576
1501;13579
1508;13581
1514;13584
1507;13586
1501;13589
1498;13591
1497;13594
1496;13596
1494;13598
1493;13601
1493;13603
1494;13606
1494;13608
1495;13612
1495;13614
1495;13617
1495;13619
1495;13622
1494;13624
1492;13627
1490;13629
1491;13631
1491;13634
1493;13636
1494;13639
1494;13641
1494;13644
1494;13646
1495;13649
1497;13651
1498;13655
1501;13657
1506;13660
1509;13662
1509;13664
1505;13667
1504;13669
1503;13672
1503;13674
1503;13677
1501;13679
1501;13682
1501;13684
1501;13687
1503;13689
1506;13692
1511;13694
1515;13697
1512;13700
1506;13702
1503;13705
1503;13707
1504;13710
1504;13712
1505;13715
1507;13717
1507;13720
1507;13722
1509;13725
1513;13727
1516;13730
1516;13732
1512;13734
1505;13737
1501;13740
1499;13743
1498;13745
1498;13748
1497;13750
1498;13753
1497;13755
1497;13758
1497;13760
1497;13763
1498;13765
1499;13767
1500;13770
1504;13772
1507;13775
1506;13777
1502;13780
1499;13783
1501;13786
1505;13788
1507;13791
1507;13793
1510;13796
1514;13798
1517;13800
1519;13803
1520;13805
1518;13808
1518;13810
1515;13813
1512;13815
1508;13818
1506;13820
1505;13824
1504;13826
1504;13829
1506;13831
1508;13833
1510;13836
1507;13838
1505;13841
1502;13843
1501;13846
1499;13848
1498;13851
1497;13853
1497;13856
1498;13858
1497;13861
1495;13863
1494;13867
1496;13869
1501;13871
1504;13874
1504;13876
1504;13879
1504;13881
1507;13884
1512;13886
1519;13889
1522;13891
1520;13894
1513;13896
1502;13899
1495;13901
1492;13903
1489;13906
1487;13908
1486;13912
1484;13914
1484;13917
1483;13919
1482;13922
1481;13924
1480;13927
1480;13929
1479;13932
1477;13934
1477;13936
1476;13939
1475;13941
1474;13944
1473;13946
1472;13949
1471;13952
1469;13955
1466;13957
1467;13960
1472;13962
1477;13965
1481;13967
1485;13969
1488;13972
1488;13974
1488;13977
1487;13979
1488;13982
1490;13984
1490;13987
1491;13989
1493;13992
1494;13995
1491;13998
1487;14000
1486;14002
1486;14005
1487;14007
1488;14010
1489;14012
1490;14015
1491;14017
1492;14020
1494;14022
1495;14025
1497;14027
1496;14030
1496;14032
1496;14034
1496;14038
1495;14040
1495;14043
1496;14045
1497;14048
1499;14050
1500;14053
1501;14055
1502;14058
1504;14060
1505;14063
1508;14065
1512;14067
1514;14070
1514;14072
1510;14075
1508;14077
1507;14081
1506;14083
1508;14086
1510;14088
1510;14091
1507;14093
1505;14096
1501;14098
1498;14101
1494;14103
1492;14105
1490;14108
1489;14110
1488;14113
1487;14115
1487;14118
1487;14120
1488;14124
1488;14126
1488;14129
1487;14131
1485;14134
1484;14136
1483;14138
1483;14141
1483;14143
1484;14146
1486;14148
1489;14151
1491;14153
1493;14156
1495;14158
1496;14161
1499;14163
1502;14167
1502;14169
1500;14171
1500;14174
1500;14176
1502;14179
1504;14181
1505;14184
1506;14186
1505;14189
1501;14191
1498;14194
1497;14196
1494;14199
1491;14201
1490;14203
1490;14206
1490;14209
1489;14212
1489;14214
1489;14217
1488;14219
1488;14222
1488;14224
1488;14227
1488;14229
1487;14232
1487;14234
1487;14237
1488;14239
1488;14241
1489;14244
1491;14246
1497;14249
1503;14252
1504;14255
1504;14257
1503;14260
1495;14262
1488;14265
1487;14267
1488;14270
1490;14272
1489;14274
1482;14277
1473;14279
1469;14282
1465;14284
1463;14287
1463;14289
1464;14292
1465;14295
1465;14298
1464;14300
1464;14303
1464;14305
1464;14307
1464;14310
1465;14312
1466;14315
1466;14317
1466;14320
1468;14322
1468;14325
1467;14327
1465;14330
1464;14332
1464;14336
1464;14338
1464;14340
1465;14343
1466;14345
1469;14348
1472;14350
1473;14353
1474;14355
1472;14358
1469;14360
1469;14363
1471;14365
1476;14368
1479;14370
1480;14372
1475;14375
1469;14377
1465;14381
1464;14383
1462;14386
1463;14388
1464;14391
1464;14393
1463;14396
1463;14398
1461;14401
1460;14403
1458;14405
1457;14408
1456;14410
1457;14413
1460;14415
1461;14418
1460;14420
1454;14424
1451;14426
1450;14429
1451;14431
1451;14434
1450;14436
1450;14438
1450;14441
1449;14443
1449;14446
1449;14448
1450;14451
1451;14453
1453;14456
1453;14458
1453;14461
1452;14464
1451;14467
1449;14469
1447;14472
1446;14474
1447;14476
1450;14479
1454;14481
1456;14484
1454;14486
1453;14489
1446;14491
1437;14494
1430;14496
1422;14499
1420;14501
1422;14504
1423;14507
1424;14509
1427;14512
1425;14514
1422;14517
1421;14519
1421;14522
1421;14524
1423;14527
1425;14529
1430;14532
1435;14534
1442;14537
1452;14539
1466;14541
1478;14544
1476;14546
1452;14550
1437;14552
1429;14555
1425;14557
1422;14560
1421;14562
1422;14565
1423;14567
1424;14570
1424;14572
1425;14574
1427;14577
1429;14579
1431;14582
1433;14584
1435;14587
1437;14589
1439;14593
1441;14595
1444;14598
1446;14600
1449;14603
1454;14605
1458;14607
1465;14610
1470;14612
1470;14615
1469;14617
1472;14620
1476;14622
1479;14625
1479;14627
1482;14630
1485;14632
1485;14636
1486;14638
1489;14641
1493;14643
1497;14645
1496;14648
1496;14650
1497;14653
1497;14655
1500;14658
1503;14660
1507;14663
1509;14665
1510;14668
1510;14670
1511;14673
1510;14675
1510;14678
1510;14681
1513;14683
