1556;2
1572;4
1603;7
1618;9
1613;11
1615;13
1610;16
1611;18
1598;20
1568;23
1549;25
1564;27
1605;30
1621;32
1606;34
1582;37
1565;39
1569;41
1588;44
1621;47
1648;49
1662;51
1666;54
1641;56
1596;58
1567;61
1579;63
1638;65
1690;68
1703;70
1681;72
1638;75
1616;77
1607;79
1592;81
1602;84
1616;87
1640;89
1639;92
1619;94
1606;96
1585;99
1564;101
1564;103
1579;106
1615;108
1668;110
1691;113
1681;115
1628;117
1602;120
1592;122
1591;125
1600;128
1617;130
1628;133
1638;135
1626;137
1597;140
1599;142
1612;144
1629;147
1633;149
1623;152
1613;154
1606;156
1590;159
1586;161
1595;163
1605;166
1595;168
1591;171
1588;174
1584;176
1574;179
1562;181
1570;183
1587;186
1598;188
1599;190
1575;193
1554;195
1562;197
1569;200
1582;202
1594;205
1603;207
1607;209
1587;212
1564;215
1530;217
1514;220
1526;222
1591;224
1624;227
1630;229
1577;232
1538;234
1548;236
1587;239
1614;241
1611;243
1567;246
1515;248
1515;250
1535;253
1565;256
1587;258
1579;261
1544;263
1529;266
1535;268
1566;270
1572;273
1544;275
1516;277
1513;280
1527;282
1548;284
1561;287
1554;289
1549;292
1552;294
1558;296
1554;300
1536;302
1506;304
1490;307
1504;309
1533;311
1552;314
1553;316
1537;319
1530;321
1526;323
1511;326
1505;328
1527;330
1548;333
1551;335
1540;337
1533;340
1530;343
1525;346
1516;348
1511;350
1509;353
1491;355
1486;357
1513;360
1550;362
1587;364
1574;367
1546;369
1517;372
1498;374
1493;376
1523;379
1550;381
1554;384
1534;387
1502;389
1485;391
1487;394
1499;396
1528;399
1539;401
1539;403
1519;406
1496;408
1486;410
1525;413
1569;415
1581;417
1563;420
1535;422
1526;425
1550;428
1573;430
1587;433
1570;435
1552;437
1532;440
1529;442
1544;444
1548;447
1551;449
1551;452
1544;454
1544;456
1539;459
1519;461
1481;463
1469;466
1513;468
1558;471
1586;474
1555;476
1500;479
1481;481
1513;483
1526;486
1540;488
1509;490
1479;493
1494;495
1547;497
1577;500
1574;502
1537;505
1489;507
1483;509
1495;513
1517;515
1522;517
1524;520
1518;522
1495;524
1461;527
1438;529
1472;532
1515;534
1541;536
1527;539
1498;541
1460;543
1436;546
1423;548
1424;550
1451;553
1500;556
1550;559
1545;561
1496;563
1452;566
1451;568
1475;570
1489;573
1474;575
1447;577
1439;580
1452;582
1468;585
1460;587
1453;589
1473;592
1487;594
1491;596
1464;600
1461;602
1482;604
1506;607
1506;609
1490;612
1443;614
1419;616
1417;619
1432;621
1457;623
1473;626
1462;628
1456;630
1448;633
1443;635
1465;638
1497;641
1508;643
1475;646
1464;648
1464;650
1481;653
1485;655
1480;657
1461;660
1465;662
1464;665
1447;667
1422;669
1414;672
1453;674
1475;676
1505;679
1502;681
1500;684
1491;687
1465;689
1441;692
1432;694
1465;696
1506;699
1519;701
1491;703
1439;706
1430;708
1461;710
1509;713
1523;715
1506;718
1459;720
1436;722
1415;726
1414;728
1445;730
1488;733
1539;735
1533;737
1484;740
1451;742
1445;745
1450;747
1491;749
1523;752
1542;754
1528;756
1488;759
1444;761
1439;763
1453;766
1477;769
1494;772
1505;774
1516;776
1500;779
1476;781
1460;783
1460;786
1469;788
1490;790
1504;793
1506;795
1502;798
1499;800
1504;802
1527;805
1549;807
1551;809
1536;813
1500;815
1480;817
1509;820
1562;822
1587;825
1580;827
1527;829
1496;832
1478;834
1477;836
1499;839
1527;841
1538;843
1539;846
1541;848
1538;851
1526;854
1527;856
1513;859
1496;861
1485;863
1496;866
1520;868
1546;870
1558;873
1548;875
1519;878
1499;880
1487;882
1486;885
1485;887
1488;889
1515;892
1542;894
1565;897
1561;900
1530;902
1491;905
1513;907
1530;909
1535;912
1510;914
1465;916
1461;919
1487;921
1540;923
1557;926
1527;928
1479;931
1454;933
1452;935
1465;939
1455;941
1457;943
1481;946
1518;948
1531;950
1524;953
1493;955
1471;958
1471;960
1486;962
1532;965
1563;967
1569;969
1538;972
1495;974
1466;976
1447;979
1439;982
1460;985
1511;987
1543;989
1569;992
1552;994
1518;996
1520;999
1558;1001
1603;1003
1630;1006
1615;1008
1573;1011
1538;1013
1509;1016
1486;1018
1474;1020
1486;1024
1527;1026
1566;1029
1571;1031
1542;1033
1517;1036
1506;1038
1541;1041
1577;1043
1597;1046
1570;1048
1530;1050
1526;1053
1537;1055
1552;1058
1564;1060
1537;1062
1520;1065
1515;1068
1516;1071
1506;1073
1488;1075
1479;1078
1482;1080
1513;1083
1560;1085
1588;1088
1566;1090
1539;1092
1533;1095
1552;1097
1578;1100
1575;1102
1553;1104
1510;1107
1478;1110
1489;1113
1525;1115
1567;1117
1558;1120
1524;1122
1493;1125
1479;1127
1496;1130
1533;1132
1561;1134
1548;1137
1513;1139
1485;1142
1496;1144
1526;1146
1537;1149
1519;1152
1507;1155
1494;1157
1490;1159
1484;1162
1474;1164
1461;1167
1446;1169
1433;1172
1433;1174
1454;1176
1476;1179
1486;1181
1492;1184
1498;1186
1492;1188
1495;1191
1480;1193
1468;1197
1464;1199
1472;1201
1472;1204
1477;1206
1498;1209
1515;1211
1515;1214
1489;1216
1473;1218
1473;1221
1474;1223
1479;1226
1483;1228
1484;1230
1484;1233
1489;1235
1517;1239
1552;1241
1576;1244
1566;1246
1545;1248
1515;1251
1538;1253
1552;1256
1569;1258
1570;1260
1549;1263
1521;1265
1509;1268
1508;1270
1525;1272
1517;1275
1514;1277
1503;1281
1492;1283
1474;1286
1479;1288
1485;1290
1507;1293
1529;1295
1557;1298
1550;1300
1521;1302
1499;1305
1491;1307
1490;1310
1501;1312
1504;1314
1530;1317
1556;1319
1545;1323
1503;1325
1471;1328
1486;1330
1516;1332
1551;1335
1542;1337
1493;1340
1430;1342
1408;1344
1404;1347
1407;1349
1419;1352
1449;1354
1482;1356
1525;1359
1544;1361
1536;1364
1520;1367
1505;1370
1473;1372
1438;1374
1431;1377
1468;1379
1502;1382
1530;1384
1519;1386
1482;1389
1470;1391
1457;1394
1438;1396
1429;1398
1439;1401
1462;1403
1486;1406
1503;1409
1502;1412
1495;1414
1481;1416
1467;1419
1468;1421
1497;1424
1508;1426
1509;1428
1503;1431
1485;1433
1490;1436
1519;1438
1538;1440
1534;1443
1519;1445
1499;1448
1475;1451
1501;1454
1536;1456
1566;1458
1553;1461
1532;1463
1528;1466
1536;1468
1539;1470
1513;1473
1467;1475
1460;1478
1489;1480
1518;1483
1531;1485
1526;1487
1518;1490
1536;1492
1564;1496
1552;1498
1516;1500
1482;1503
1478;1505
1480;1508
1492;1510
1507;1512
1514;1515
1530;1517
1543;1520
1540;1522
1522;1525
1492;1527
1505;1529
1523;1532
1566;1534
1575;1538
1528;1540
1463;1542
1441;1545
1450;1547
1459;1550
1459;1552
1461;1554
1478;1557
1500;1559
1511;1562
1519;1564
1531;1567
1550;1569
1541;1571
1506;1574
1463;1576
1439;1580
1423;1582
1441;1584
1483;1587
1522;1589
1534;1592
1533;1594
1544;1596
1559;1599
1564;1601
1528;1604
1485;1606
1433;1609
1426;1611
1473;1613
1516;1616
1541;1618
1530;1622
1501;1624
1485;1626
1475;1629
1477;1631
1479;1634
1481;1636
1488;1638
1508;1641
1524;1643
1528;1646
1513;1648
1495;1651
1519;1653
1549;1655
1577;1658
1589;1660
1551;1664
1499;1666
1474;1668
1499;1671
1522;1673
1552;1676
1560;1678
1548;1681
1536;1683
1514;1685
1509;1688
1497;1690
1517;1693
1550;1695
1583;1697
1588;1700
1561;1702
1524;1705
1512;1708
1521;1710
1532;1713
1548;1715
1537;1718
1505;1720
1468;1723
1451;1725
1477;1727
1518;1730
1547;1732
1586;1735
1582;1737
1547;1739
1499;1742
1461;1744
1453;1747
1476;1750
1531;1752
1566;1755
1574;1757
1551;1760
1507;1762
1472;1765
1462;1767
1484;1769
1508;1772
1536;1774
1545;1777
1526;1779
1506;1781
1484;1784
1499;1786
1513;1789
1511;1792
1502;1794
1490;1797
1495;1799
1495;1802
1494;1804
1484;1807
1495;1809
1535;1811
1573;1814
1572;1816
1517;1819
1449;1821
1435;1823
1458;1826
1507;1828
1532;1831
1532;1833
1492;1836
1453;1839
1464;1841
1486;1844
1500;1846
1498;1849
1488;1851
1494;1853
1500;1856
1499;1858
1492;1861
1492;1863
1506;1865
1512;1868
1503;1870
1500;1873
1496;1875
1511;1878
1537;1881
1539;1883
1525;1886
1482;1888
1433;1891
1413;1893
1425;1895
1460;1898
1498;1900
1536;1903
1565;1905
1560;1907
1518;1910
1476;1912
1462;1915
1478;1917
1492;1921
1496;1923
1469;1925
1441;1928
1443;1930
1478;1933
1536;1935
1566;1937
1541;1940
1477;1942
1415;1945
1405;1947
1408;1949
1423;1952
1427;1954
1435;1957
1469;1959
1511;1963
1540;1965
1530;1967
1486;1970
1446;1972
1424;1975
1417;1977
1420;1979
1427;1982
1432;1984
1429;1987
1419;1989
1410;1991
1420;1994
1440;1996
1465;1999
1507;2001
1535;2004
1540;2007
1533;2009
1494;2012
1451;2014
1433;2017
1438;2019
1466;2021
1525;2024
1592;2026
1606;2029
1599;2031
1546;2033
1482;2036
1463;2038
1486;2041
1522;2043
1545;2046
1541;2049
1502;2051
1494;2054
1495;2056
1511;2059
1517;2061
1521;2063
1525;2066
1548;2068
1547;2071
1512;2073
1479;2075
1467;2078
1490;2080
1512;2083
1520;2085
1497;2088
1480;2091
1490;2093
1516;2096
1525;2098
1506;2101
1463;2103
1424;2105
1415;2108
1415;2110
1437;2113
1474;2115
1483;2117
1477;2120
1477;2122
1480;2125
1489;2127
1497;2130
1513;2132
1522;2135
1531;2138
1521;2140
1497;2143
1461;2145
1467;2147
1493;2150
1534;2152
1582;2155
1595;2157
1586;2160
1545;2162
1497;2164
1466;2167
1468;2169
1471;2172
1482;2174
1508;2177
1539;2180
1551;2182
1536;2185
1503;2187
1485;2189
1511;2192
1540;2194
1548;2197
1525;2199
1481;2202
1472;2204
1478;2206
1491;2209
1489;2211
1487;2214
1497;2216
1499;2219
1485;2222
1452;2224
1432;2227
1454;2229
1513;2231
1558;2234
1579;2236
1554;2239
1494;2241
1430;2244
1414;2246
1457;2248
1514;2251
1544;2253
1524;2256
1493;2258
1464;2260
1468;2264
1500;2266
1525;2269
1532;2271
1486;2273
1448;2276
1465;2278
1495;2281
1515;2283
1497;2286
1469;2288
1444;2290
1442;2293
1442;2295
1450;2298
1465;2300
1498;2302
1539;2306
1553;2308
1543;2311
1515;2313
1468;2315
1425;2318
1419;2320
1454;2323
1489;2325
1496;2328
1501;2330
1503;2332
1497;2335
1484;2337
1451;2340
1419;2342
1411;2344
1425;2348
1463;2350
1497;2353
1506;2355
1485;2357
1453;2360
1446;2362
1459;2365
1477;2367
1474;2370
1454;2372
1452;2374
1442;2377
1407;2379
1409;2382
1449;2384
1489;2386
1521;2390
1526;2392
1524;2395
1504;2397
1478;2399
1441;2402
1433;2404
1432;2407
1439;2409
1433;2412
1437;2414
1453;2416
1504;2419
1549;2421
1569;2424
1557;2426
1514;2428
1469;2432
1434;2434
1411;2437
1420;2439
1435;2441
1447;2444
1449;2446
1441;2449
1435;2451
1429;2454
1447;2456
1474;2458
1499;2461
1496;2463
1463;2466
1432;2468
1434;2470
1467;2473
1494;2476
1499;2479
1485;2481
1460;2484
1441;2486
1436;2488
1447;2491
1470;2493
1480;2496
1476;2498
1464;2500
1447;2503
1452;2505
1458;2508
1441;2510
1409;2512
1427;2515
1465;2518
1488;2521
1507;2523
1499;2526
1487;2528
1457;2530
1435;2533
1412;2535
1416;2538
1421;2540
1430;2542
1465;2545
1504;2547
1512;2550
1498;2552
1491;2554
1498;2557
1526;2560
1539;2563
1521;2565
1473;2568
1429;2570
1410;2572
1428;2575
1475;2577
1505;2580
1512;2582
1499;2584
1471;2587
1452;2589
1463;2592
1481;2594
1507;2596
1534;2599
1533;2601
1517;2605
1507;2607
1505;2610
1505;2612
1491;2614
1476;2617
1464;2619
1463;2622
1465;2624
1476;2626
1483;2629
1500;2631
1528;2634
1533;2636
1505;2638
1465;2641
1452;2643
1455;2647
1486;2649
1510;2652
1516;2654
1499;2656
1455;2659
1423;2661
1396;2664
1390;2666
1416;2668
1484;2671
1542;2673
1557;2676
1511;2678
1460;2680
1408;2683
1408;2685
1441;2689
1471;2691
1480;2694
1495;2696
1521;2698
1536;2701
1516;2703
1484;2706
1447;2708
1432;2710
1455;2713
1512;2715
1556;2718
1552;2720
1502;2722
1437;2725
1412;2727
1435;2731
1485;2733
1509;2736
1518;2738
1483;2740
1442;2743
1407;2745
1393;2748
1431;2750
1501;2752
1550;2755
1581;2757
1527;2760
1448;2762
1402;2764
1415;2767
1465;2769
1523;2772
1575;2775
1573;2778
1533;2780
1493;2782
1442;2785
1417;2787
1430;2790
1476;2792
1542;2794
1584;2797
1570;2799
1507;2802
1441;2804
1409;2806
1401;2809
1420;2811
1436;2814
1433;2817
1425;2820
1431;2822
1440;2824
1451;2827
1467;2829
1472;2832
1472;2834
1446;2836
1413;2839
1410;2841
1423;2844
1460;2846
1490;2849
1514;2851
1520;2853
1532;2856
1529;2859
1511;2862
1482;2864
1435;2866
1407;2869
1403;2871
1418;2874
1453;2876
1484;2878
1509;2881
1517;2883
1501;2886
1466;2888
1456;2891
1449;2893
1445;2895
1457;2898
1477;2900
1489;2904
1501;2906
1498;2908
1481;2911
1473;2913
1479;2916
1478;2918
1489;2920
1496;2923
1470;2925
1446;2928
1439;2930
1444;2933
1446;2935
1469;2937
1518;2940
1554;2942
1563;2946
1539;2948
1496;2950
1445;2953
1423;2955
1434;2958
1467;2960
1528;2962
1554;2965
1538;2967
1492;2970
1461;2972
1461;2975
1475;2977
1474;2979
1447;2982
1401;2984
1381;2988
1424;2990
1508;2992
1572;2995
1574;2997
1493;3000
1402;3002
1358;3004
1375;3007
1430;3009
1477;3012
1489;3014
1458;3017
1447;3019
1452;3021
1470;3024
1460;3026
1441;3030
1422;3032
1413;3034
1431;3037
1442;3039
1468;3042
1469;3044
1439;3046
1406;3049
1402;3051
1408;3054
1413;3056
1400;3059
1377;3061
1342;3063
1320;3066
1312;3068
1308;3072
1320;3074
1330;3076
1351;3079
1377;3081
1412;3084
1438;3086
1445;3089
1418;3091
1385;3093
1380;3096
1383;3098
1390;3101
1408;3103
1424;3105
1437;3108
1478;3110
1525;3113
1530;3116
1501;3118
1460;3121
1419;3123
1405;3126
1419;3128
1424;3131
1420;3133
1408;3135
1398;3138
1419;3140
1482;3143
1533;3145
1544;3147
1499;3150
1453;3152
1430;3155
1431;3158
1434;3160
1426;3163
1434;3165
1448;3168
1477;3170
1514;3173
1542;3175
1547;3177
1532;3180
1513;3182
1509;3185
1539;3187
1557;3189
1536;3192
1504;3194
1505;3197
1540;3200
1562;3202
1546;3205
1524;3207
1510;3210
1502;3212
1497;3215
1462;3217
1436;3219
1390;3222
1391;3224
1409;3227
1430;3229
1458;3231
1499;3234
1525;3236
1541;3239
1519;3241
1486;3244
1466;3247
1479;3249
1517;3252
1560;3254
1567;3257
1552;3259
1499;3261
1501;3264
1546;3266
1597;3269
1598;3271
1549;3273
1462;3276
1421;3278
1424;3281
1433;3283
1463;3287
1486;3289
1484;3291
1470;3294
1466;3296
1448;3299
1435;3301
1453;3303
1489;3306
1513;3308
1526;3311
1526;3313
1507;3315
1475;3318
1462;3320
1437;3323
1442;3325
1494;3329
1542;3331
1555;3333
1535;3336
1507;3338
1477;3341
1502;3343
1540;3345
1558;3348
1549;3350
1516;3353
1463;3355
1444;3357
1451;3360
1480;3362
1510;3365
1547;3367
1574;3371
1605;3373
1599;3375
1578;3378
1543;3380
1509;3383
1501;3385
1506;3387
1517;3390
1540;3392
1568;3395
1594;3397
1622;3399
1599;3402
1552;3404
1528;3407
1508;3409
1473;3412
1448;3415
1441;3417
1462;3420
1536;3422
1607;3425
1623;3427
1569;3429
1508;3432
1453;3434
1424;3437
1452;3439
1505;3441
1559;3444
1586;3446
1554;3449
1505;3451
1473;3454
1503;3457
1537;3459
1578;3462
1577;3464
1536;3467
1482;3469
1439;3471
1418;3474
1435;3476
1466;3479
1498;3481
1534;3484
1564;3486
1556;3488
1503;3491
1443;3493
1422;3496
1440;3499
1460;3501
1465;3504
1441;3506
1420;3509
1419;3511
1432;3513
1460;3516
1494;3518
1519;3521
1529;3523
1489;3526
1464;3528
1464;3530
1497;3533
1545;3535
1566;3538
1561;3540
1522;3543
1466;3546
1434;3548
1426;3551
1449;3553
1493;3555
1537;3558
1574;3560
1567;3563
1509;3565
1432;3568
1396;3570
1399;3572
1429;3575
1457;3577
1481;3580
1482;3582
1457;3585
1436;3588
1411;3590
1403;3593
1395;3595
1390;3597
1406;3600
1435;3602
1471;3605
1490;3607
1498;3610
1511;3612
1519;3614
1509;3617
1480;3619
1463;3622
1469;3624
1492;3627
1508;3630
1512;3632
1504;3635
1489;3637
1481;3639
1501;3642
1528;3644
1559;3647
1576;3649
1566;3652
1538;3654
1515;3656
1497;3659
1479;3661
1456;3664
1426;3666
1404;3668
1398;3672
1407;3674
1427;3677
1451;3679
1496;3682
1516;3684
1528;3686
1531;3689
1524;3691
1524;3694
1509;3696
1495;3698
1505;3701
1554;3703
1620;3706
1656;3708
1654;3710
1617;3714
1580;3716
1575;3719
1581;3721
1568;3724
1530;3726
1511;3728
1528;3731
1553;3733
1582;3736
1566;3738
1525;3740
1473;3743
1459;3745
1462;3748
1488;3750
1502;3752
1494;3756
1482;3758
1489;3761
1512;3763
1549;3766
1578;3768
1592;3770
1572;3773
1537;3775
1507;3778
1521;3780
1571;3782
1619;3785
1672;3787
1699;3790
1664;3792
1618;3794
1571;3798
1544;3800
1521;3803
1509;3805
1492;3808
1469;3810
1456;3812
1463;3815
1491;3817
1529;3820
1556;3822
1585;3824
1574;3827
1545;3829
1510;3832
1487;3834
1494;3836
1536;3840
1583;3842
1611;3845
1613;3847
1601;3850
1578;3852
1548;3854
1554;3857
1568;3859
1591;3862
1613;3864
1615;3866
1608;3869
1588;3871
1548;3874
1536;3876
1553;3879
1558;3881
1561;3884
1541;3887
1507;3889
1487;3892
1478;3894
1471;3896
1465;3899
1460;3901
1467;3904
1461;3906
1459;3908
1474;3911
1478;3913
1463;3916
1428;3918
1394;3921
1407;3923
1476;3926
1533;3929
1535;3931
1491;3934
1467;3936
1446;3938
1444;3941
1450;3943
1452;3946
1477;3948
1515;3950
1525;3953
1516;3955
1496;3958
1490;3960
1479;3963
1457;3965
1425;3968
1424;3971
1444;3973
1483;3976
1540;3978
1580;3980
1581;3983
1560;3985
1516;3988
1443;3990
1387;3992
1354;3995
1361;3997
1397;4000
1439;4002
1485;4005
1506;4007
1515;4009
1510;4013
1511;4015
1512;4018
1503;4020
1484;4022
1442;4025
1391;4027
1358;4030
1357;4032
1413;4035
1471;4037
1535;4039
1547;4042
1519;4044
1494;4047
1478;4049
1459;4051
1429;4055
1432;4057
1472;4060
1504;4062
1524;4064
1514;4067
1498;4069
1489;4072
1491;4074
1471;4077
1460;4079
1450;4081
1450;4084
1442;4086
1430;4089
1448;4091
1495;4093
1535;4097
1543;4099
1507;4102
1443;4104
1387;4106
1374;4109
1389;4111
1418;4114
1442;4116
1482;4119
1526;4121
1552;4123
1538;4126
1516;4128
1477;4131
1463;4133
1485;4135
1521;4139
1538;4141
1511;4144
1468;4146
1432;4148
1421;4151
1434;4153
1450;4156
1448;4158
1443;4161
1432;4163
1437;4165
1446;4168
1453;4170
1461;4173
1483;4175
1508;4177
1543;4180
1539;4183
1510;4186
1460;4188
1447;4190
1484;4193
1525;4195
1524;4198
1473;4200
1409;4203
1391;4205
1418;4207
1452;4210
1465;4212
1488;4215
1488;4217
1468;4219
1438;4222
1387;4225
1346;4228
1331;4230
1347;4233
1391;4235
1441;4237
1489;4240
1496;4242
1446;4245
1396;4247
1377;4249
1412;4252
1463;4254
1507;4257
1523;4259
1498;4261
1446;4264
1422;4267
1431;4270
1483;4272
1521;4275
1530;4277
1510;4279
1470;4282
1423;4284
1405;4287
1399;4289
1405;4291
1416;4294
1435;4296
1461;4299
1487;4301
1489;4303
1472;4306
1458;4308
1476;4312
1512;4314
1533;4317
1528;4319
1495;4321
1463;4324
1459;4326
1471;4329
1477;4331
1471;4333
1461;4336
1437;4338
1453;4341
1484;4343
1520;4345
1517;4348
1494;4350
1456;4354
1445;4356
1483;4359
1520;4361
1540;4363
1511;4366
1462;4368
1421;4371
1408;4373
1404;4375
1400;4378
1401;4380
1408;4383
1426;4385
1452;4387
1491;4390
1528;4392
1545;4396
1534;4398
1505;4401
1481;4403
1448;4405
1414;4408
1397;4410
1403;4413
1430;4415
1496;4417
1560;4420
1605;4422
1599;4425
1565;4427
1503;4430
1455;4432
1444;4434
1448;4438
1473;4440
1509;4443
1532;4445
1530;4447
1502;4450
1471;4452
1466;4455
1476;4457
1496;4459
1502;4462
1504;4464
1503;4467
1494;4469
1497;4472
1495;4474
1476;4476
1449;4480
1458;4482
1503;4485
1553;4487
1595;4489
1584;4492
1521;4494
1455;4497
1418;4499
1431;4501
1478;4504
1528;4506
1556;4509
1556;4511
1523;4514
1467;4516
1437;4518
1448;4521
1465;4524
1486;4527
1515;4529
1524;4531
1507;4534
1478;4536
1443;4539
1430;4541
1451;4543
1510;4546
1575;4548
1613;4551
1590;4553
1532;4556
1477;4558
1451;4560
1444;4563
1465;4566
1524;4569
1579;4571
1590;4573
1557;4576
1500;4578
1444;4581
1437;4583
1472;4585
1517;4588
1565;4590
1569;4593
1551;4595
1513;4598
1485;4600
1462;4602
1453;4605
1453;4608
1459;4611
1468;4613
1481;4615
1478;4618
1487;4620
1470;4623
1496;4625
1540;4628
1567;4630
1538;4632
1478;4635
1438;4637
1416;4640
1415;4642
1436;4644
1468;4647
1495;4649
1518;4653
1522;4655
1521;4657
1515;4660
1494;4662
1469;4665
1461;4667
1451;4670
1423;4672
1398;4674
1390;4677
1412;4679
1455;4682
1502;4684
1518;4686
1511;4689
1499;4691
1495;4695
1488;4697
1482;4699
1470;4702
1459;4704
1472;4707
1490;4709
1490;4712
1473;4714
1471;4716
1483;4719
1499;4721
1518;4724
1532;4726
1529;4728
1518;4731
1491;4733
1511;4737
1537;4739
1561;4741
1554;4744
1508;4746
1438;4749
1406;4751
1408;4754
1430;4756
1461;4758
1506;4761
1532;4763
1548;4766
1546;4768
1528;4770
1496;4773
1472;4775
1457;4779
1473;4781
1525;4784
1609;4786
1663;4788
1649;4791
1571;4793
1500;4796
1482;4798
1521;4800
1561;4803
1584;4805
1572;4808
1533;4810
1506;4812
1503;4815
1504;4817
1489;4820
1450;4823
1417;4826
1399;4828
1437;4830
1495;4833
1532;4835
1517;4838
1485;4840
1467;4842
1473;4845
1499;4847
1498;4850
1469;4852
1439;4854
1433;4857
1440;4859
1478;4862
1512;4865
1560;4868
1582;4870
1585;4872
1557;4875
1527;4877
1506;4880
1514;4882
1530;4884
1547;4887
1545;4889
1520;4892
1473;4894
1434;4896
1403;4899
1382;4901
1365;4904
1356;4907
1370;4910
1398;4912
1431;4914
1478;4917
1500;4919
1489;4922
1459;4924
1423;4926
1391;4929
1388;4931
1410;4934
1440;4936
1483;4938
1539;4941
1572;4943
1552;4946
1501;4948
1435;4952
1411;4954
1437;4956
1480;4959
1507;4961
1518;4964
1500;4966
1488;4968
1482;4971
1489;4973
1494;4976
1484;4978
1478;4981
1471;4983
1457;4985
1438;4988
1440;4990
1467;4994
1488;4996
1498;4998
1491;5001
1478;5003
1490;5006
1510;5008
1511;5010
1494;5013
1488;5015
1492;5018
1501;5020
1494;5023
1515;5025
1528;5027
1541;5030
1545;5032
1545;5036
1531;5038
1523;5040
1505;5043
1479;5045
1461;5048
1469;5050
1482;5052
1486;5055
1473;5057
1459;5060
1451;5062
1455;5065
1469;5067
1472;5069
1457;5072
1441;5074
1425;5078
1433;5080
1448;5082
1467;5085
1505;5087
1531;5090
1559;5092
1565;5094
1549;5097
1511;5099
1489;5102
1515;5104
1581;5107
1635;5109
1635;5111
1597;5114
1538;5116
1510;5120
1501;5122
1506;5124
1499;5127
1487;5129
1481;5132
1491;5134
1521;5136
1535;5139
1541;5141
1534;5144
1528;5146
1549;5149
1569;5151
1566;5153
1560;5156
1569;5158
1581;5161
1595;5164
1600;5166
1569;5169
1537;5171
1552;5174
1581;5176
1601;5178
1595;5181
1589;5183
1569;5186
1558;5188
1550;5191
1548;5193
1540;5195
1543;5198
1546;5200
1550;5203
1537;5206
1507;5208
1494;5211
1501;5213
1511;5216
1521;5218
1525;5220
1521;5223
1516;5225
1509;5228
1493;5230
1488;5233
1490;5235
1488;5237
1497;5240
1483;5242
1477;5245
1472;5248
1450;5250
1445;5253
1448;5255
1494;5258
1538;5260
1543;5263
1535;5265
1510;5267
1498;5270
1513;5272
1535;5275
1540;5277
1556;5279
1559;5282
1523;5284
1499;5287
1496;5289
1497;5292
1508;5295
1512;5297
1512;5300
1511;5302
1510;5305
1505;5307
1507;5309
1501;5312
1489;5314
1471;5317
1443;5319
1400;5321
1368;5324
1378;5326
1388;5329
1411;5331
1422;5334
1422;5337
1432;5339
1446;5342
1459;5344
1472;5347
1464;5349
1462;5351
1440;5354
1421;5356
1402;5359
1373;5361
1365;5363
1373;5366
1392;5368
1407;5371
1392;5373
1342;5376
1320;5379
1304;5381
1316;5384
1360;5386
1407;5389
1417;5391
1391;5393
1349;5396
1322;5398
1350;5401
1401;5403
1427;5405
1414;5408
1377;5410
1327;5413
1314;5415
1306;5417
1317;5421
1333;5423
1358;5426
1380;5428
1422;5431
1428;5433
1390;5435
1353;5438
1343;5440
1344;5443
1348;5445
1343;5447
1345;5450
1360;5452
1375;5455
1378;5457
1355;5460
1337;5463
1332;5465
1337;5468
1342;5470
1328;5473
1327;5475
1331;5477
1365;5480
1400;5482
1412;5485
1407;5487
1392;5489
1378;5492
1384;5494
